2200 0.000002100546602 1.0
2
0 -0.0019286480651999997 0.0
1 -0.0019286480651999997 0.0
2 -0.0019286480651999997 0.0
3 -0.0019286480651999997 0.0
4 -0.0019286480651999997 0.0
5 -0.0019286480651999997 0.0
6 -0.0019286480651999997 0.0
7 -0.0019286480651999997 0.0
8 -0.0019286480651999997 0.0
9 -0.0019286480651999997 0.0
10 -0.0019286480651999997 0.0
11 -0.0019286480651999997 0.0
12 -0.0019286480651999997 0.0
13 -0.0019286480651999997 0.0
14 -0.0019286480651999997 0.0
15 -0.0019286480651999997 0.0
16 -0.0019286480651999997 0.0
17 -0.0019286480651999997 0.0
18 -0.0019286480651999997 0.0
19 -0.0019286480651999997 0.0
20 -0.0019286480651999997 0.0
21 -0.0019286480651999997 0.0
22 -0.0019286480651999997 0.0
23 -0.0019286480651999997 0.0
24 -0.0019286480651999997 0.0
25 -0.0019286480651999997 0.0
26 -0.0019286480651999997 0.0
27 -0.0019286480651999997 0.0
28 -0.0019286480651999997 0.0
29 -0.0019286480651999997 0.0
30 -0.0019286480651999997 0.0
31 -0.0019286480651999997 0.0
32 -0.0019286480651999997 0.0
33 -0.0019286480651999997 0.0
34 -0.0019286480651999997 0.0
35 -0.0019286480651999997 0.0
36 -0.0019286480651999997 0.0
37 -0.0019286480651999997 0.0
38 -0.0019286480651999997 0.0
39 -0.0019286480651999997 0.0
40 -0.0019286480651999997 0.0
41 -0.0019286480651999997 0.0
42 -0.0019286480651999997 0.0
43 -0.0019286480651999997 0.0
44 -0.0019286480651999997 0.0
45 -0.0019286480651999997 0.0
46 -0.0019286480651999997 0.0
47 -0.0019286480651999997 0.0
48 -0.0019286480651999997 0.0
49 -0.0019286480651999997 0.0
50 -0.0019286480651999997 0.0
51 -0.0019286480651999997 0.0
52 -0.0019286480651999997 0.0
53 -0.0019286480651999997 0.0
54 -0.0019286480651999997 0.0
55 -0.0019286480651999997 0.0
56 -0.0019286480651999997 0.0
57 -0.0019286480651999997 0.0
58 -0.0019286480651999997 0.0
59 -0.0019286480651999997 0.0
60 -0.0019286480651999997 0.0
61 -0.0019286480651999997 0.0
62 -0.0019286480651999997 0.0
63 -0.0019286480651999997 0.0
64 -0.0019286480651999997 0.0
65 -0.0019286480651999997 0.0
66 -0.0019286480651999997 0.0
67 -0.0019286480651999997 0.0
68 -0.0019286480651999997 0.0
69 -0.0019286480651999997 0.0
70 -0.0019286480651999997 0.0
71 -0.0019286480651999997 0.0
72 -0.0019286480651999997 0.0
73 -0.0019286480651999997 0.0
74 -0.0019286480651999997 0.0
75 -0.0019286480651999997 0.0
76 -0.0019286480651999997 0.0
77 -0.0019286480651999997 0.0
78 -0.0019286480651999997 0.0
79 -0.0019286480651999997 0.0
80 -0.0019286480651999997 0.0
81 -0.0019286480651999997 0.0
82 -0.0019286480651999997 0.0
83 -0.0019286480651999997 0.0
84 -0.0019286480651999997 0.0
85 -0.0019286480651999997 0.0
86 -0.0019286480651999997 0.0
87 -0.0019286480651999997 0.0
88 -0.0019286480651999997 0.0
89 -0.0019286480651999997 0.0
90 -0.0019286480651999997 0.0
91 -0.0019286480651999997 0.0
92 -0.0019286480651999997 0.0
93 -0.0019286480651999997 0.0
94 -0.0019286480651999997 0.0
95 -0.0019286480651999997 0.0
96 -0.0019286480651999997 0.0
97 -0.0019286480651999997 0.0
98 -0.0019286480651999997 0.0
99 -0.0019286480651999997 0.0
100 -0.0019286480651999997 0.0
101 -0.0019286480651999997 0.0
102 -0.0019286480651999997 0.0
103 -0.0019286480651999997 0.0
104 -0.0019286480651999997 0.0
105 -0.0019286480651999997 0.0
106 -0.0019286480651999997 0.0
107 -0.0019286480651999997 0.0
108 -0.0019286480651999997 0.0
109 -0.0019286480651999997 0.0
110 -0.0019286480651999997 0.0
111 -0.0019286480651999997 0.0
112 -0.0019286480651999997 0.0
113 -0.0019286480651999997 0.0
114 -0.0019286480651999997 0.0
115 -0.0019286480651999997 0.0
116 -0.0019286480651999997 0.0
117 -0.0019286480651999997 0.0
118 -0.0019286480651999997 0.0
119 -0.0019286480651999997 0.0
120 -0.0019286480651999997 0.0
121 -0.0019286480651999997 0.0
122 -0.0019286480651999997 0.0
123 -0.0019286480651999997 0.0
124 -0.0019286480651999997 0.0
125 -0.0019286480651999997 0.0
126 -0.0019286480651999997 0.0
127 -0.0019286480651999997 0.0
128 -0.0019286480651999997 0.0
129 -0.0019286480651999997 0.0
130 -0.0019286480651999997 0.0
131 -0.0019286480651999997 0.0
132 -0.0019286480651999997 0.0
133 -0.0019286480651999997 0.0
134 -0.0019286480651999997 0.0
135 -0.0019286480651999997 0.0
136 -0.0019286480651999997 0.0
137 -0.0019286480651999997 0.0
138 -0.0019286480651999997 0.0
139 -0.0019286480651999997 0.0
140 -0.0019286480651999997 0.0
141 -0.0019286480651999997 0.0
142 -0.0019286480651999997 0.0
143 -0.0019286480651999997 0.0
144 -0.0019286480651999997 0.0
145 -0.0019286480651999997 0.0
146 -0.0019286480651999997 0.0
147 -0.0019286480651999997 0.0
148 -0.0019286480651999997 0.0
149 -0.0019286480651999997 0.0
150 -0.0019286480651999997 0.0
151 -0.0019286480651999997 0.0
152 -0.0019286480651999997 0.0
153 -0.0019286480651999997 0.0
154 -0.0019286480651999997 0.0
155 -0.0019286480651999997 0.0
156 -0.0019286480651999997 0.0
157 -0.0019286480651999997 0.0
158 -0.0019286480651999997 0.0
159 -0.0019286480651999997 0.0
160 -0.0019286480651999997 0.0
161 -0.0019286480651999997 0.0
162 -0.0019286480651999997 0.0
163 -0.0019286480651999997 0.0
164 -0.0019286480651999997 0.0
165 -0.0019286480651999997 0.0
166 -0.0019286480651999997 0.0
167 -0.0019286480651999997 0.0
168 -0.0019286480651999997 0.0
169 -0.0019286480651999997 0.0
170 -0.0019286480651999997 0.0
171 -0.0019286480651999997 0.0
172 -0.0019286480651999997 0.0
173 -0.0019286480651999997 0.0
174 -0.0019286480651999997 0.0
175 -0.0019286480651999997 0.0
176 -0.0019286480651999997 0.0
177 -0.0019286480651999997 0.0
178 -0.0019286480651999997 0.0
179 -0.0019286480651999997 0.0
180 -0.0019286480651999997 0.0
181 -0.0019286480651999997 0.0
182 -0.0019286480651999997 0.0
183 -0.0019286480651999997 0.0
184 -0.0019286480651999997 0.0
185 -0.0019286480651999997 0.0
186 -0.0019286480651999997 0.0
187 -0.0019286480651999997 0.0
188 -0.0019286480651999997 0.0
189 -0.0019286480651999997 0.0
190 -0.0019286480651999997 0.0
191 -0.0019286480651999997 0.0
192 -0.0019286480651999997 0.0
193 -0.0019286480651999997 0.0
194 -0.0019286480651999997 0.0
195 -0.0019286480651999997 0.0
196 -0.0019286480651999997 0.0
197 -0.0019286480651999997 0.0
198 -0.0019286480651999997 0.0
199 -0.0019286480651999997 0.0
200 -0.0019286480651999997 0.0
201 -0.00193409787156 0.0
202 -0.00193954767792 0.0
203 -0.0019449974842800004 0.0
204 -0.0019504472906400007 0.0
205 -0.0019558970970000008 0.0
206 -0.001961346903360001 0.0
207 -0.0019667967097200013 0.0
208 -0.0019722465160800016 0.0
209 -0.0019776963224400015 0.0
210 -0.0019831461288000018 0.0
211 -0.001988595935160002 0.0
212 -0.0019940457415200024 0.0
213 -0.0019994955478800027 0.0
214 -0.0020049453542400025 0.0
215 -0.002010395160600003 0.0
216 -0.002015844966960003 0.0
217 -0.0020212947733200034 0.0
218 -0.0020267445796800037 0.0
219 -0.002032194386040004 0.0
220 -0.002037644192400004 0.0
221 -0.002043093998760004 0.0
222 -0.0020485438051200044 0.0
223 -0.0020539936114800047 0.0
224 -0.002059443417840005 0.0
225 -0.002064893224200005 0.0
226 -0.002070343030560005 0.0
227 -0.0020757928369200054 0.0
228 -0.0020812426432800057 0.0
229 -0.002086692449640006 0.0
230 -0.0020921422560000063 0.0
231 -0.002097592062360006 0.0
232 -0.0021030418687200065 0.0
233 -0.0021084916750800068 0.0
234 -0.002113941481440007 0.0
235 -0.0021193912878000073 0.0
236 -0.0021248410941600076 0.0
237 -0.0021302909005200075 0.0
238 -0.0021357407068800078 0.0
239 -0.002141190513240008 0.0
240 -0.0021466403196000084 0.0
241 -0.0021520901259600086 0.0
242 -0.0021575399323200085 0.0
243 -0.002162989738680009 0.0
244 -0.002168439545040009 0.0
245 -0.0021738893514000094 0.0
246 -0.0021793391577600097 0.0
247 -0.0021847889641200095 0.0
248 -0.00219023877048001 0.0
249 -0.00219568857684001 0.0
250 -0.0022011383832000104 0.0
251 -0.0022065881895600107 0.0
252 -0.002212037995920011 0.0
253 -0.0022174878022800113 0.0
254 -0.002222937608640011 0.0
255 -0.0022283874150000114 0.0
256 -0.0022338372213600117 0.0
257 -0.002239287027720012 0.0
258 -0.0022447368340800123 0.0
259 -0.002250186640440012 0.0
260 -0.0022556364468000125 0.0
261 -0.0022610862531600127 0.0
262 -0.002266536059520013 0.0
263 -0.0022719858658800133 0.0
264 -0.002277435672240013 0.0
265 -0.0022828854786000135 0.0
266 -0.0022883352849600138 0.0
267 -0.002293785091320014 0.0
268 -0.0022992348976800144 0.0
269 -0.002304684704040014 0.0
270 -0.0023101345104000145 0.0
271 -0.002315584316760015 0.0
272 -0.002321034123120015 0.0
273 -0.0023264839294800154 0.0
274 -0.0023319337358400157 0.0
275 -0.0023373835422000155 0.0
276 -0.002342833348560016 0.0
277 -0.002348283154920016 0.0
278 -0.0023537329612800164 0.0
279 -0.0023591827676400167 0.0
280 -0.002364632574000017 0.0
281 -0.002370082380360017 0.0
282 -0.002375532186720017 0.0
283 -0.0023809819930800174 0.0
284 -0.0023864317994400177 0.0
285 -0.002391881605800018 0.0
286 -0.002397331412160018 0.0
287 -0.002402781218520018 0.0
288 -0.0024082310248800184 0.0
289 -0.0024136808312400187 0.0
290 -0.002419130637600019 0.0
291 -0.002424580443960019 0.0
292 -0.002430030250320019 0.0
293 -0.0024354800566800195 0.0
294 -0.0024409298630400198 0.0
295 -0.00244637966940002 0.0
296 -0.0024518294757600203 0.0
297 -0.0024572792821200206 0.0
298 -0.0024627290884800205 0.0
299 -0.002468178894840021 0.0
300 -0.002473628701200021 0.0
301 -0.0024790785075600214 0.0
302 -0.0024845283139200217 0.0
303 -0.0024899781202800215 0.0
304 -0.002495427926640022 0.0
305 -0.002500877733000022 0.0
306 -0.0025063275393600224 0.0
307 -0.0025117773457200227 0.0
308 -0.0025172271520800225 0.0
309 -0.0025226769584400233 0.0
310 -0.002528126764800023 0.0
311 -0.0025335765711600234 0.0
312 -0.0025390263775200237 0.0
313 -0.0025444761838800236 0.0
314 -0.002549925990240024 0.0
315 -0.002555375796600024 0.0
316 -0.0025608256029600244 0.0
317 -0.0025662754093200247 0.0
318 -0.0025717252156800246 0.0
319 -0.002577175022040025 0.0
320 -0.002582624828400025 0.0
321 -0.0025880746347600255 0.0
322 -0.0025935244411200258 0.0
323 -0.002598974247480026 0.0
324 -0.0026044240538400263 0.0
325 -0.002609873860200026 0.0
326 -0.0026153236665600265 0.0
327 -0.0026207734729200268 0.0
328 -0.002626223279280027 0.0
329 -0.0026316730856400274 0.0
330 -0.0026371228920000272 0.0
331 -0.0026425726983600275 0.0
332 -0.002648022504720028 0.0
333 -0.002653472311080028 0.0
334 -0.0026589221174400284 0.0
335 -0.0026643719238000282 0.0
336 -0.0026698217301600285 0.0
337 -0.002675271536520029 0.0
338 -0.002680721342880029 0.0
339 -0.0026861711492400294 0.0
340 -0.0026916209556000293 0.0
341 -0.00269707076196003 0.0
342 -0.00270252056832003 0.0
343 -0.00270797037468003 0.0
344 -0.0027134201810400304 0.0
345 -0.0027188699874000307 0.0
346 -0.002724319793760031 0.0
347 -0.002729769600120031 0.0
348 -0.002735219406480031 0.0
349 -0.0027406692128400315 0.0
350 -0.0027461190192000317 0.0
351 -0.002751568825560032 0.0
352 -0.002757018631920032 0.0
353 -0.002762468438280032 0.0
354 -0.0027679182446400325 0.0
355 -0.0027733680510000328 0.0
356 -0.002778817857360033 0.0
357 -0.002784267663720033 0.0
358 -0.0027897174700800336 0.0
359 -0.0027951672764400335 0.0
360 -0.002800617082800034 0.0
361 -0.002806066889160034 0.0
362 -0.0028115166955200344 0.0
363 -0.0028169665018800347 0.0
364 -0.0028224163082400345 0.0
365 -0.002827866114600035 0.0
366 -0.002833315920960035 0.0
367 -0.0028387657273200354 0.0
368 -0.0028442155336800357 0.0
369 -0.0028496653400400355 0.0
370 -0.002855115146400036 0.0
371 -0.002860564952760036 0.0
372 -0.0028660147591200364 0.0
373 -0.0028714645654800367 0.0
374 -0.0028769143718400366 0.0
375 -0.0028823641782000373 0.0
376 -0.002887813984560037 0.0
377 -0.0028932637909200374 0.0
378 -0.0028987135972800377 0.0
379 -0.002904163403640038 0.0
380 -0.0029096132100000383 0.0
381 -0.002915063016360038 0.0
382 -0.0029205128227200385 0.0
383 -0.0029259626290800388 0.0
384 -0.0029314124354400386 0.0
385 -0.0029368622418000393 0.0
386 -0.002942312048160039 0.0
387 -0.0029477618545200395 0.0
388 -0.00295321166088004 0.0
389 -0.00295866146724004 0.0
390 -0.0029641112736000404 0.0
391 -0.0029695610799600402 0.0
392 -0.002975010886320041 0.0
393 -0.002980460692680041 0.0
394 -0.002985910499040041 0.0
395 -0.0029913603054000414 0.0
396 -0.0029968101117600413 0.0
397 -0.003002259918120042 0.0
398 -0.003007709724480042 0.0
399 -0.003013159530840042 0.0
400 -0.0030186093372000424 0.0
401 -0.0030240591435600423 0.0
402 -0.003029508949920043 0.0
403 -0.003034958756280043 0.0
404 -0.003040408562640043 0.0
405 -0.0030458583690000434 0.0
406 -0.0030513081753600437 0.0
407 -0.003056757981720044 0.0
408 -0.003062207788080044 0.0
409 -0.003067657594440044 0.0
410 -0.0030731074008000445 0.0
411 -0.0030785572071600443 0.0
412 -0.003084007013520045 0.0
413 -0.003089456819880045 0.0
414 -0.0030949066262400456 0.0
415 -0.0031003564326000455 0.0
416 -0.0031058062389600458 0.0
417 -0.003111256045320046 0.0
418 -0.0031167058516800464 0.0
419 -0.0031221556580400467 0.0
420 -0.0031276054644000465 0.0
421 -0.003133055270760047 0.0
422 -0.003138505077120047 0.0
423 -0.003143954883480047 0.0
424 -0.0031494046898400472 0.0
425 -0.0031548544962000475 0.0
426 -0.003160304302560048 0.0
427 -0.003165754108920048 0.0
428 -0.003171203915280048 0.0
429 -0.0031766537216400487 0.0
430 -0.0031821035280000486 0.0
431 -0.003187553334360049 0.0
432 -0.003193003140720049 0.0
433 -0.0031984529470800494 0.0
434 -0.0032039027534400497 0.0
435 -0.0032093525598000496 0.0
436 -0.00321480236616005 0.0
437 -0.00322025217252005 0.0
438 -0.00322570197888005 0.0
439 -0.0032311517852400507 0.0
440 -0.0032366015916000506 0.0
441 -0.0032420513979600513 0.0
442 -0.003247501204320051 0.0
443 -0.0032529510106800515 0.0
444 -0.0032584008170400518 0.0
445 -0.0032638506234000516 0.0
446 -0.0032693004297600524 0.0
447 -0.003274750236120052 0.0
448 -0.0032802000424800525 0.0
449 -0.003285649848840053 0.0
450 -0.0032910996552000527 0.0
451 -0.0032965494615600534 0.0
452 -0.0033019992679200532 0.0
453 -0.003307449074280054 0.0
454 -0.003312898880640054 0.0
455 -0.003318348687000054 0.0
456 -0.0033237984933600544 0.0
457 -0.0033292482997200543 0.0
458 -0.0033346981060800546 0.0
459 -0.003340147912440055 0.0
460 -0.003345597718800055 0.0
461 -0.0033510475251600554 0.0
462 -0.0033564973315200553 0.0
463 -0.003361947137880056 0.0
464 -0.003367396944240056 0.0
465 -0.003372846750600056 0.0
466 -0.0033782965569600565 0.0
467 -0.0033837463633200567 0.0
468 -0.003389196169680057 0.0
469 -0.003394645976040057 0.0
470 -0.003400095782400057 0.0
471 -0.0034055455887600575 0.0
472 -0.0034109953951200573 0.0
473 -0.003416445201480058 0.0
474 -0.003421895007840058 0.0
475 -0.0034273448142000586 0.0
476 -0.0034327946205600585 0.0
477 -0.003438244426920059 0.0
478 -0.003443694233280059 0.0
479 -0.003449144039640059 0.0
480 -0.0034545938460000592 0.0
481 -0.0034600436523600595 0.0
482 -0.00346549345872006 0.0
483 -0.00347094326508006 0.0
484 -0.00347639307144006 0.0
485 -0.0034818428778000607 0.0
486 -0.0034872926841600605 0.0
487 -0.0034927424905200604 0.0
488 -0.003498192296880061 0.0
489 -0.0035036421032400614 0.0
490 -0.0035090919096000617 0.0
491 -0.0035145417159600616 0.0
492 -0.003519991522320062 0.0
493 -0.003525441328680062 0.0
494 -0.003530891135040062 0.0
495 -0.0035363409414000627 0.0
496 -0.0035417907477600626 0.0
497 -0.003547240554120063 0.0
498 -0.003552690360480063 0.0
499 -0.003558140166840063 0.0
500 -0.0035635899732000638 0.0
501 -0.003569039779560064 0.0
502 -0.0035744895859200643 0.0
503 -0.003579939392280064 0.0
504 -0.0035853891986400645 0.0
505 -0.0035908390050000648 0.0
506 -0.0035962888113600646 0.0
507 -0.003601738617720065 0.0
508 -0.0036071884240800652 0.0
509 -0.0036126382304400655 0.0
510 -0.003618088036800066 0.0
511 -0.0036235378431600657 0.0
512 -0.0036289876495200664 0.0
513 -0.0036344374558800662 0.0
514 -0.0036398872622400665 0.0
515 -0.003645337068600067 0.0
516 -0.003650786874960067 0.0
517 -0.0036562366813200674 0.0
518 -0.0036616864876800673 0.0
519 -0.0036671362940400676 0.0
520 -0.003672586100400068 0.0
521 -0.0036780359067600677 0.0
522 -0.0036834857131200684 0.0
523 -0.0036889355194800683 0.0
524 -0.003694385325840069 0.0
525 -0.003699835132200069 0.0
526 -0.003705284938560069 0.0
527 -0.0037107347449200695 0.0
528 -0.0037161845512800693 0.0
529 -0.00372163435764007 0.0
530 -0.00372708416400007 0.0
531 -0.00373253397036007 0.0
532 -0.0037379837767200705 0.0
533 -0.0037434335830800703 0.0
534 -0.003748883389440071 0.0
535 -0.003754333195800071 0.0
536 -0.0037597830021600716 0.0
537 -0.0037652328085200715 0.0
538 -0.003770682614880072 0.0
539 -0.003776132421240072 0.0
540 -0.003781582227600072 0.0
541 -0.0037870320339600722 0.0
542 -0.0037924818403200725 0.0
543 -0.003797931646680073 0.0
544 -0.003803381453040073 0.0
545 -0.003808831259400073 0.0
546 -0.0038142810657600737 0.0
547 -0.0038197308721200736 0.0
548 -0.003825180678480074 0.0
549 -0.003830630484840074 0.0
550 -0.0038360802912000744 0.0
551 -0.0038415300975600747 0.0
552 -0.0038469799039200746 0.0
553 -0.003852429710280075 0.0
554 -0.003857879516640075 0.0
555 -0.003863329323000075 0.0
556 -0.0038687791293600757 0.0
557 -0.0038742289357200756 0.0
558 -0.0038796787420800763 0.0
559 -0.003885128548440076 0.0
560 -0.0038905783548000765 0.0
561 -0.0038960281611600768 0.0
562 -0.0039014779675200766 0.0
563 -0.003906927773880077 0.0
564 -0.003912377580240077 0.0
565 -0.003917827386600077 0.0
566 -0.003923277192960078 0.0
567 -0.003928726999320078 0.0
568 -0.0039341768056800775 0.0
569 -0.003939626612040078 0.0
570 -0.003945076418400079 0.0
571 -0.003950526224760079 0.0
572 -0.003955976031120079 0.0
573 -0.003961425837480079 0.0
574 -0.003966875643840079 0.0
575 -0.003972325450200079 0.0
576 -0.00397777525656008 0.0
577 -0.00398322506292008 0.0
578 -0.00398867486928008 0.0
579 -0.00399412467564008 0.0
580 -0.003999574482000081 0.0
581 -0.004005024288360081 0.0
582 -0.004010474094720081 0.0
583 -0.0040159239010800814 0.0
584 -0.004021373707440082 0.0
585 -0.004026823513800081 0.0
586 -0.004032273320160082 0.0
587 -0.004037723126520083 0.0
588 -0.0040431729328800825 0.0
589 -0.004048622739240082 0.0
590 -0.004054072545600083 0.0
591 -0.004059522351960083 0.0
592 -0.004064972158320083 0.0
593 -0.0040704219646800835 0.0
594 -0.004075871771040084 0.0
595 -0.004081321577400083 0.0
596 -0.004086771383760084 0.0
597 -0.004092221190120085 0.0
598 -0.0040976709964800845 0.0
599 -0.004103120802840084 0.0
600 -0.004108570609200085 0.0
601 -0.004114020415560085 0.0
602 -0.004119470221920085 0.0
603 -0.0041249200282800855 0.0
604 -0.004130369834640086 0.0
605 -0.004135819641000086 0.0
606 -0.004141269447360086 0.0
607 -0.004146719253720087 0.0
608 -0.0041521690600800866 0.0
609 -0.004157618866440086 0.0
610 -0.004163068672800087 0.0
611 -0.004168518479160087 0.0
612 -0.004173968285520088 0.0
613 -0.004179418091880088 0.0
614 -0.004184867898240088 0.0
615 -0.004190317704600087 0.0
616 -0.004195767510960088 0.0
617 -0.004201217317320089 0.0
618 -0.004206667123680089 0.0
619 -0.0042121169300400885 0.0
620 -0.004217566736400089 0.0
621 -0.00422301654276009 0.0
622 -0.004228466349120089 0.0
623 -0.00423391615548009 0.0
624 -0.00423936596184009 0.0
625 -0.00424481576820009 0.0
626 -0.00425026557456009 0.0
627 -0.004255715380920091 0.0
628 -0.0042611651872800915 0.0
629 -0.004266614993640091 0.0
630 -0.004272064800000091 0.0
631 -0.004277514606360092 0.0
632 -0.004282964412720092 0.0
633 -0.004288414219080092 0.0
634 -0.004293864025440092 0.0
635 -0.004299313831800092 0.0
636 -0.004304763638160093 0.0
637 -0.004310213444520093 0.0
638 -0.004315663250880094 0.0
639 -0.0043211130572400926 0.0
640 -0.004326562863600093 0.0
641 -0.004332012669960094 0.0
642 -0.004337462476320094 0.0
643 -0.004342912282680094 0.0
644 -0.0043483620890400945 0.0
645 -0.004353811895400095 0.0
646 -0.004359261701760094 0.0
647 -0.004364711508120095 0.0
648 -0.004370161314480095 0.0
649 -0.0043756111208400955 0.0
650 -0.004381060927200095 0.0
651 -0.004386510733560096 0.0
652 -0.004391960539920096 0.0
653 -0.004397410346280096 0.0
654 -0.0044028601526400965 0.0
655 -0.004408309959000096 0.0
656 -0.004413759765360096 0.0
657 -0.004419209571720097 0.0
658 -0.004424659378080098 0.0
659 -0.0044301091844400975 0.0
660 -0.004435558990800097 0.0
661 -0.004441008797160098 0.0
662 -0.004446458603520098 0.0
663 -0.004451908409880098 0.0
664 -0.0044573582162400986 0.0
665 -0.004462808022600099 0.0
666 -0.004468257828960099 0.0
667 -0.004473707635320099 0.0
668 -0.0044791574416801 0.0
669 -0.0044846072480401 0.0
670 -0.004490057054400099 0.0
671 -0.0044955068607601 0.0
672 -0.0045009566671201 0.0
673 -0.004506406473480101 0.0
674 -0.004511856279840101 0.0
675 -0.004517306086200101 0.0
676 -0.0045227558925601 0.0
677 -0.004528205698920101 0.0
678 -0.004533655505280102 0.0
679 -0.004539105311640102 0.0
680 -0.0045445551180001015 0.0
681 -0.004550004924360102 0.0
682 -0.004555454730720103 0.0
683 -0.004560904537080102 0.0
684 -0.004566354343440103 0.0
685 -0.004571804149800103 0.0
686 -0.004577253956160103 0.0
687 -0.004582703762520103 0.0
688 -0.004588153568880104 0.0
689 -0.0045936033752401045 0.0
690 -0.0045990531816001035 0.0
691 -0.004604502987960104 0.0
692 -0.004609952794320105 0.0
693 -0.004615402600680105 0.0
694 -0.004620852407040105 0.0
695 -0.004626302213400105 0.0
696 -0.004631752019760105 0.0
697 -0.004637201826120105 0.0
698 -0.004642651632480106 0.0
699 -0.004648101438840107 0.0
700 -0.004653551245200106 0.0
701 -0.004659001051560106 0.0
702 -0.004664450857920107 0.0
703 -0.004669900664280107 0.0
704 -0.004675350470640107 0.0
705 -0.0046808002770001075 0.0
706 -0.004686250083360108 0.0
707 -0.004691699889720107 0.0
708 -0.004697149696080108 0.0
709 -0.004702599502440108 0.0
710 -0.0047080493088001085 0.0
711 -0.004713499115160108 0.0
712 -0.004718948921520109 0.0
713 -0.00472439872788011 0.0
714 -0.004729848534240109 0.0
715 -0.0047352983406001095 0.0
716 -0.004740748146960109 0.0
717 -0.00474619795332011 0.0
718 -0.00475164775968011 0.0
719 -0.004757097566040111 0.0
720 -0.0047625473724001105 0.0
721 -0.00476799717876011 0.0
722 -0.004773446985120111 0.0
723 -0.004778896791480111 0.0
724 -0.004784346597840111 0.0
725 -0.0047897964042001116 0.0
726 -0.004795246210560112 0.0
727 -0.004800696016920112 0.0
728 -0.004806145823280112 0.0
729 -0.004811595629640113 0.0
730 -0.004817045436000113 0.0
731 -0.0048224952423601124 0.0
732 -0.004827945048720113 0.0
733 -0.004833394855080113 0.0
734 -0.004838844661440114 0.0
735 -0.004844294467800114 0.0
736 -0.004849744274160114 0.0
737 -0.004855194080520113 0.0
738 -0.004860643886880114 0.0
739 -0.004866093693240115 0.0
740 -0.004871543499600115 0.0
741 -0.0048769933059601145 0.0
742 -0.004882443112320115 0.0
743 -0.004887892918680116 0.0
744 -0.004893342725040115 0.0
745 -0.004898792531400116 0.0
746 -0.004904242337760116 0.0
747 -0.004909692144120116 0.0
748 -0.004915141950480116 0.0
749 -0.004920591756840117 0.0
750 -0.0049260415632001175 0.0
751 -0.0049314913695601165 0.0
752 -0.004936941175920117 0.0
753 -0.004942390982280117 0.0
754 -0.004947840788640118 0.0
755 -0.004953290595000118 0.0
756 -0.004958740401360118 0.0
757 -0.004964190207720118 0.0
758 -0.004969640014080118 0.0
759 -0.004975089820440119 0.0
760 -0.004980539626800119 0.0
761 -0.004985989433160119 0.0
762 -0.004991439239520119 0.0
763 -0.00499688904588012 0.0
764 -0.00500233885224012 0.0
765 -0.00500778865860012 0.0
766 -0.0050132384649601205 0.0
767 -0.00501868827132012 0.0
768 -0.00502413807768012 0.0
769 -0.005029587884040121 0.0
770 -0.005035037690400122 0.0
771 -0.0050404874967601215 0.0
772 -0.005045937303120121 0.0
773 -0.005051387109480122 0.0
774 -0.005056836915840121 0.0
775 -0.005062286722200122 0.0
776 -0.0050677365285601225 0.0
777 -0.005073186334920122 0.0
778 -0.005078636141280123 0.0
779 -0.005084085947640123 0.0
780 -0.005089535754000124 0.0
781 -0.005094985560360123 0.0
782 -0.005100435366720123 0.0
783 -0.005105885173080124 0.0
784 -0.005111334979440124 0.0
785 -0.005116784785800124 0.0
786 -0.005122234592160125 0.0
787 -0.005127684398520125 0.0
788 -0.005133134204880124 0.0
789 -0.005138584011240125 0.0
790 -0.005144033817600126 0.0
791 -0.005149483623960126 0.0
792 -0.0051549334303201255 0.0
793 -0.005160383236680126 0.0
794 -0.005165833043040126 0.0
795 -0.005171282849400126 0.0
796 -0.005176732655760127 0.0
797 -0.005182182462120127 0.0
798 -0.005187632268480126 0.0
799 -0.005193082074840127 0.0
800 -0.005198531881200128 0.0
801 -0.005203981687560128 0.0
802 -0.005209431493920128 0.0
803 -0.005214881300280128 0.0
804 -0.005220331106640129 0.0
805 -0.005225780913000128 0.0
806 -0.005231230719360129 0.0
807 -0.005236680525720129 0.0
808 -0.005242130332080129 0.0
809 -0.005247580138440129 0.0
810 -0.00525302994480013 0.0
811 -0.0052584797511601306 0.0
812 -0.0052639295575201295 0.0
813 -0.00526937936388013 0.0
814 -0.00527482917024013 0.0
815 -0.005280278976600131 0.0
816 -0.005285728782960131 0.0
817 -0.0052911785893201314 0.0
818 -0.005296628395680131 0.0
819 -0.005302078202040131 0.0
820 -0.005307528008400132 0.0
821 -0.005312977814760132 0.0
822 -0.005318427621120132 0.0
823 -0.005323877427480132 0.0
824 -0.005329327233840133 0.0
825 -0.005334777040200133 0.0
826 -0.005340226846560133 0.0
827 -0.0053456766529201335 0.0
828 -0.005351126459280133 0.0
829 -0.005356576265640133 0.0
830 -0.005362026072000134 0.0
831 -0.005367475878360135 0.0
832 -0.0053729256847201345 0.0
833 -0.005378375491080134 0.0
834 -0.005383825297440135 0.0
835 -0.005389275103800135 0.0
836 -0.005394724910160135 0.0
837 -0.0054001747165201355 0.0
838 -0.005405624522880135 0.0
839 -0.005411074329240136 0.0
840 -0.005416524135600136 0.0
841 -0.005421973941960137 0.0
842 -0.005427423748320136 0.0
843 -0.005432873554680136 0.0
844 -0.005438323361040137 0.0
845 -0.005443773167400137 0.0
846 -0.005449222973760137 0.0
847 -0.005454672780120138 0.0
848 -0.005460122586480138 0.0
849 -0.005465572392840137 0.0
850 -0.005471022199200138 0.0
851 -0.005476472005560139 0.0
852 -0.005481921811920139 0.0
853 -0.0054873716182801385 0.0
854 -0.005492821424640139 0.0
855 -0.00549827123100014 0.0
856 -0.005503721037360139 0.0
857 -0.00550917084372014 0.0
858 -0.00551462065008014 0.0
859 -0.005520070456440139 0.0
860 -0.00552552026280014 0.0
861 -0.005530970069160141 0.0
862 -0.005536419875520141 0.0
863 -0.0055418696818801405 0.0
864 -0.005547319488240141 0.0
865 -0.005552769294600142 0.0
866 -0.005558219100960141 0.0
867 -0.005563668907320142 0.0
868 -0.005569118713680142 0.0
869 -0.005574568520040142 0.0
870 -0.005580018326400142 0.0
871 -0.005585468132760143 0.0
872 -0.0055909179391201436 0.0
873 -0.0055963677454801426 0.0
874 -0.005601817551840143 0.0
875 -0.005607267358200143 0.0
876 -0.005612717164560144 0.0
877 -0.005618166970920144 0.0
878 -0.0056236167772801444 0.0
879 -0.005629066583640144 0.0
880 -0.005634516390000144 0.0
881 -0.005639966196360145 0.0
882 -0.005645416002720145 0.0
883 -0.005650865809080145 0.0
884 -0.005656315615440145 0.0
885 -0.005661765421800146 0.0
886 -0.005667215228160146 0.0
887 -0.005672665034520146 0.0
888 -0.0056781148408801465 0.0
889 -0.005683564647240146 0.0
890 -0.005689014453600146 0.0
891 -0.005694464259960147 0.0
892 -0.005699914066320148 0.0
893 -0.0057053638726801475 0.0
894 -0.005710813679040147 0.0
895 -0.005716263485400148 0.0
896 -0.005721713291760148 0.0
897 -0.005727163098120148 0.0
898 -0.0057326129044801485 0.0
899 -0.005738062710840148 0.0
900 -0.005743512517200149 0.0
901 -0.005748962323560149 0.0
902 -0.00575441212992015 0.0
903 -0.005759861936280149 0.0
904 -0.005765311742640149 0.0
905 -0.00577076154900015 0.0
906 -0.00577621135536015 0.0
907 -0.00578166116172015 0.0
908 -0.005787110968080151 0.0
909 -0.005792560774440151 0.0
910 -0.00579801058080015 0.0
911 -0.005803460387160151 0.0
912 -0.005808910193520152 0.0
913 -0.005814359999880152 0.0
914 -0.0058198098062401515 0.0
915 -0.005825259612600152 0.0
916 -0.005830709418960153 0.0
917 -0.005836159225320152 0.0
918 -0.005841609031680153 0.0
919 -0.0058470588380401525 0.0
920 -0.005852508644400153 0.0
921 -0.005857958450760153 0.0
922 -0.005863408257120154 0.0
923 -0.005868858063480154 0.0
924 -0.0058743078698401535 0.0
925 -0.005879757676200154 0.0
926 -0.005885207482560154 0.0
927 -0.005890657288920155 0.0
928 -0.005896107095280155 0.0
929 -0.0059015569016401545 0.0
930 -0.005907006708000155 0.0
931 -0.005912456514360155 0.0
932 -0.005917906320720156 0.0
933 -0.005923356127080156 0.0
934 -0.0059288059334401556 0.0
935 -0.005934255739800156 0.0
936 -0.005939705546160156 0.0
937 -0.005945155352520157 0.0
938 -0.005950605158880157 0.0
939 -0.0059560549652401575 0.0
940 -0.005961504771600157 0.0
941 -0.005966954577960157 0.0
942 -0.005972404384320158 0.0
943 -0.005977854190680158 0.0
944 -0.0059833039970401585 0.0
945 -0.005988753803400158 0.0
946 -0.005994203609760158 0.0
947 -0.005999653416120159 0.0
948 -0.006005103222480159 0.0
949 -0.0060105530288401595 0.0
950 -0.006016002835200159 0.0
951 -0.00602145264156016 0.0
952 -0.00602690244792016 0.0
953 -0.00603235225428016 0.0
954 -0.00603780206064016 0.0
955 -0.00604325186700016 0.0
956 -0.006048701673360161 0.0
957 -0.006054151479720161 0.0
958 -0.006059601286080161 0.0
959 -0.0060650510924401616 0.0
960 -0.006070500898800161 0.0
961 -0.006075950705160161 0.0
962 -0.006081400511520162 0.0
963 -0.006086850317880163 0.0
964 -0.006092300124240163 0.0
965 -0.006097749930600162 0.0
966 -0.006103199736960162 0.0
967 -0.006108649543320163 0.0
968 -0.006114099349680164 0.0
969 -0.006119549156040164 0.0
970 -0.0061249989624001635 0.0
971 -0.006130448768760164 0.0
972 -0.006135898575120164 0.0
973 -0.006141348381480164 0.0
974 -0.006146798187840165 0.0
975 -0.006152247994200165 0.0
976 -0.006157697800560165 0.0
977 -0.006163147606920165 0.0
978 -0.006168597413280165 0.0
979 -0.006174047219640166 0.0
980 -0.0061794970260001655 0.0
981 -0.006184946832360166 0.0
982 -0.006190396638720166 0.0
983 -0.006195846445080167 0.0
984 -0.006201296251440167 0.0
985 -0.0062067460578001665 0.0
986 -0.006212195864160167 0.0
987 -0.006217645670520167 0.0
988 -0.006223095476880168 0.0
989 -0.006228545283240168 0.0
990 -0.0062339950896001676 0.0
991 -0.006239444895960168 0.0
992 -0.006244894702320168 0.0
993 -0.006250344508680169 0.0
994 -0.006255794315040169 0.0
995 -0.0062612441214001694 0.0
996 -0.006266693927760169 0.0
997 -0.006272143734120169 0.0
998 -0.00627759354048017 0.0
999 -0.00628304334684017 0.0
1000 [-0.00628304] 0.0
1001 [-0.00628304] 0.0
1002 [-0.00628304] 0.0
1003 [-0.00628304] 0.0
1004 [-0.00628304] 0.0
1005 [-0.00628304] 0.0
1006 [-0.00628304] 0.0
1007 [-0.00628304] 0.0
1008 [-0.00628304] 0.0
1009 [-0.00628304] 0.0
1010 [-0.00628304] 0.0
1011 [-0.00628304] 0.0
1012 [-0.00628304] 0.0
1013 [-0.00628304] 0.0
1014 [-0.00628304] 0.0
1015 [-0.00628304] 0.0
1016 [-0.00628304] 0.0
1017 [-0.00628304] 0.0
1018 [-0.00628304] 0.0
1019 [-0.00628304] 0.0
1020 [-0.00628304] 0.0
1021 [-0.00628304] 0.0
1022 [-0.00628304] 0.0
1023 [-0.00628304] 0.0
1024 [-0.00628304] 0.0
1025 [-0.00628304] 0.0
1026 [-0.00628304] 0.0
1027 [-0.00628304] 0.0
1028 [-0.00628304] 0.0
1029 [-0.00628304] 0.0
1030 [-0.00628304] 0.0
1031 [-0.00628304] 0.0
1032 [-0.00628304] 0.0
1033 [-0.00628304] 0.0
1034 [-0.00628304] 0.0
1035 [-0.00628304] 0.0
1036 [-0.00628304] 0.0
1037 [-0.00628304] 0.0
1038 [-0.00628304] 0.0
1039 [-0.00628304] 0.0
1040 [-0.00628304] 0.0
1041 [-0.00628304] 0.0
1042 [-0.00628304] 0.0
1043 [-0.00628304] 0.0
1044 [-0.00628304] 0.0
1045 [-0.00628304] 0.0
1046 [-0.00628304] 0.0
1047 [-0.00628304] 0.0
1048 [-0.00628304] 0.0
1049 [-0.00628304] 0.0
1050 [-0.00628304] 0.0
1051 [-0.00628304] 0.0
1052 [-0.00628304] 0.0
1053 [-0.00628304] 0.0
1054 [-0.00628304] 0.0
1055 [-0.00628304] 0.0
1056 [-0.00628304] 0.0
1057 [-0.00628304] 0.0
1058 [-0.00628304] 0.0
1059 [-0.00628304] 0.0
1060 [-0.00628304] 0.0
1061 [-0.00628304] 0.0
1062 [-0.00628304] 0.0
1063 [-0.00628304] 0.0
1064 [-0.00628304] 0.0
1065 [-0.00628304] 0.0
1066 [-0.00628304] 0.0
1067 [-0.00628304] 0.0
1068 [-0.00628304] 0.0
1069 [-0.00628304] 0.0
1070 [-0.00628304] 0.0
1071 [-0.00628304] 0.0
1072 [-0.00628304] 0.0
1073 [-0.00628304] 0.0
1074 [-0.00628304] 0.0
1075 [-0.00628304] 0.0
1076 [-0.00628304] 0.0
1077 [-0.00628304] 0.0
1078 [-0.00628304] 0.0
1079 [-0.00628304] 0.0
1080 [-0.00628304] 0.0
1081 [-0.00628304] 0.0
1082 [-0.00628304] 0.0
1083 [-0.00628304] 0.0
1084 [-0.00628304] 0.0
1085 [-0.00628304] 0.0
1086 [-0.00628304] 0.0
1087 [-0.00628304] 0.0
1088 [-0.00628304] 0.0
1089 [-0.00628304] 0.0
1090 [-0.00628304] 0.0
1091 [-0.00628304] 0.0
1092 [-0.00628304] 0.0
1093 [-0.00628304] 0.0
1094 [-0.00628304] 0.0
1095 [-0.00628304] 0.0
1096 [-0.00628304] 0.0
1097 [-0.00628304] 0.0
1098 [-0.00628304] 0.0
1099 [-0.00628304] 0.0
1100 [-0.00628304] 0.0
1101 [-0.00628304] 0.0
1102 [-0.00628304] 0.0
1103 [-0.00628304] 0.0
1104 [-0.00628304] 0.0
1105 [-0.00628304] 0.0
1106 [-0.00628304] 0.0
1107 [-0.00628304] 0.0
1108 [-0.00628304] 0.0
1109 [-0.00628304] 0.0
1110 [-0.00628304] 0.0
1111 [-0.00628304] 0.0
1112 [-0.00628304] 0.0
1113 [-0.00628304] 0.0
1114 [-0.00628304] 0.0
1115 [-0.00628304] 0.0
1116 [-0.00628304] 0.0
1117 [-0.00628304] 0.0
1118 [-0.00628304] 0.0
1119 [-0.00628304] 0.0
1120 [-0.00628304] 0.0
1121 [-0.00628304] 0.0
1122 [-0.00628304] 0.0
1123 [-0.00628304] 0.0
1124 [-0.00628304] 0.0
1125 [-0.00628304] 0.0
1126 [-0.00628304] 0.0
1127 [-0.00628304] 0.0
1128 [-0.00628304] 0.0
1129 [-0.00628304] 0.0
1130 [-0.00628304] 0.0
1131 [-0.00628304] 0.0
1132 [-0.00628304] 0.0
1133 [-0.00628304] 0.0
1134 [-0.00628304] 0.0
1135 [-0.00628304] 0.0
1136 [-0.00628304] 0.0
1137 [-0.00628304] 0.0
1138 [-0.00628304] 0.0
1139 [-0.00628304] 0.0
1140 [-0.00628304] 0.0
1141 [-0.00628304] 0.0
1142 [-0.00628304] 0.0
1143 [-0.00628304] 0.0
1144 [-0.00628304] 0.0
1145 [-0.00628304] 0.0
1146 [-0.00628304] 0.0
1147 [-0.00628304] 0.0
1148 [-0.00628304] 0.0
1149 [-0.00628304] 0.0
1150 [-0.00628304] 0.0
1151 [-0.00628304] 0.0
1152 [-0.00628304] 0.0
1153 [-0.00628304] 0.0
1154 [-0.00628304] 0.0
1155 [-0.00628304] 0.0
1156 [-0.00628304] 0.0
1157 [-0.00628304] 0.0
1158 [-0.00628304] 0.0
1159 [-0.00628304] 0.0
1160 [-0.00628304] 0.0
1161 [-0.00628304] 0.0
1162 [-0.00628304] 0.0
1163 [-0.00628304] 0.0
1164 [-0.00628304] 0.0
1165 [-0.00628304] 0.0
1166 [-0.00628304] 0.0
1167 [-0.00628304] 0.0
1168 [-0.00628304] 0.0
1169 [-0.00628304] 0.0
1170 [-0.00628304] 0.0
1171 [-0.00628304] 0.0
1172 [-0.00628304] 0.0
1173 [-0.00628304] 0.0
1174 [-0.00628304] 0.0
1175 [-0.00628304] 0.0
1176 [-0.00628304] 0.0
1177 [-0.00628304] 0.0
1178 [-0.00628304] 0.0
1179 [-0.00628304] 0.0
1180 [-0.00628304] 0.0
1181 [-0.00628304] 0.0
1182 [-0.00628304] 0.0
1183 [-0.00628304] 0.0
1184 [-0.00628304] 0.0
1185 [-0.00628304] 0.0
1186 [-0.00628304] 0.0
1187 [-0.00628304] 0.0
1188 [-0.00628304] 0.0
1189 [-0.00628304] 0.0
1190 [-0.00628304] 0.0
1191 [-0.00628304] 0.0
1192 [-0.00628304] 0.0
1193 [-0.00628304] 0.0
1194 [-0.00628304] 0.0
1195 [-0.00628304] 0.0
1196 [-0.00628304] 0.0
1197 [-0.00628304] 0.0
1198 [-0.00628304] 0.0
1199 [-0.00628304] 0.0
1200 -0.00628304334684017 0.0
1201 -0.006277593540480169 0.0
1202 -0.006272143734120169 0.0
1203 -0.006266693927760169 0.0
1204 -0.0062612441214001694 0.0
1205 -0.006255794315040169 0.0
1206 -0.006250344508680169 0.0
1207 -0.006244894702320168 0.0
1208 -0.006239444895960167 0.0
1209 -0.0062339950896001676 0.0
1210 -0.006228545283240168 0.0
1211 -0.006223095476880168 0.0
1212 -0.006217645670520167 0.0
1213 -0.006212195864160167 0.0
1214 -0.0062067460578001665 0.0
1215 -0.006201296251440167 0.0
1216 -0.006195846445080167 0.0
1217 -0.006190396638720166 0.0
1218 -0.006184946832360166 0.0
1219 -0.0061794970260001655 0.0
1220 -0.006174047219640166 0.0
1221 -0.006168597413280165 0.0
1222 -0.006163147606920165 0.0
1223 -0.006157697800560165 0.0
1224 -0.0061522479942001645 0.0
1225 -0.006146798187840165 0.0
1226 -0.006141348381480164 0.0
1227 -0.006135898575120164 0.0
1228 -0.006130448768760164 0.0
1229 -0.0061249989624001635 0.0
1230 -0.006119549156040164 0.0
1231 -0.006114099349680163 0.0
1232 -0.006108649543320163 0.0
1233 -0.006103199736960162 0.0
1234 -0.006097749930600162 0.0
1235 -0.006092300124240163 0.0
1236 -0.006086850317880162 0.0
1237 -0.006081400511520162 0.0
1238 -0.006075950705160161 0.0
1239 -0.006070500898800161 0.0
1240 -0.0060650510924401616 0.0
1241 -0.006059601286080161 0.0
1242 -0.006054151479720161 0.0
1243 -0.00604870167336016 0.0
1244 -0.00604325186700016 0.0
1245 -0.00603780206064016 0.0
1246 -0.00603235225428016 0.0
1247 -0.00602690244792016 0.0
1248 -0.006021452641560159 0.0
1249 -0.006016002835200159 0.0
1250 -0.006010553028840159 0.0
1251 -0.006005103222480159 0.0
1252 -0.005999653416120159 0.0
1253 -0.005994203609760158 0.0
1254 -0.005988753803400158 0.0
1255 -0.0059833039970401585 0.0
1256 -0.005977854190680158 0.0
1257 -0.005972404384320157 0.0
1258 -0.005966954577960157 0.0
1259 -0.005961504771600157 0.0
1260 -0.0059560549652401575 0.0
1261 -0.005950605158880157 0.0
1262 -0.005945155352520156 0.0
1263 -0.005939705546160156 0.0
1264 -0.005934255739800156 0.0
1265 -0.0059288059334401556 0.0
1266 -0.005923356127080156 0.0
1267 -0.005917906320720156 0.0
1268 -0.005912456514360155 0.0
1269 -0.005907006708000155 0.0
1270 -0.0059015569016401545 0.0
1271 -0.005896107095280155 0.0
1272 -0.005890657288920155 0.0
1273 -0.005885207482560154 0.0
1274 -0.005879757676200154 0.0
1275 -0.0058743078698401535 0.0
1276 -0.005868858063480154 0.0
1277 -0.005863408257120154 0.0
1278 -0.005857958450760153 0.0
1279 -0.005852508644400153 0.0
1280 -0.0058470588380401525 0.0
1281 -0.005841609031680153 0.0
1282 -0.005836159225320152 0.0
1283 -0.005830709418960153 0.0
1284 -0.005825259612600152 0.0
1285 -0.0058198098062401515 0.0
1286 -0.005814359999880152 0.0
1287 -0.005808910193520152 0.0
1288 -0.005803460387160151 0.0
1289 -0.00579801058080015 0.0
1290 -0.0057925607744401504 0.0
1291 -0.005787110968080151 0.0
1292 -0.00578166116172015 0.0
1293 -0.00577621135536015 0.0
1294 -0.00577076154900015 0.0
1295 -0.005765311742640149 0.0
1296 -0.005759861936280149 0.0
1297 -0.00575441212992015 0.0
1298 -0.005748962323560149 0.0
1299 -0.005743512517200148 0.0
1300 -0.005738062710840148 0.0
1301 -0.0057326129044801485 0.0
1302 -0.005727163098120148 0.0
1303 -0.005721713291760148 0.0
1304 -0.005716263485400147 0.0
1305 -0.005710813679040147 0.0
1306 -0.005705363872680147 0.0
1307 -0.005699914066320148 0.0
1308 -0.005694464259960147 0.0
1309 -0.005689014453600146 0.0
1310 -0.005683564647240146 0.0
1311 -0.0056781148408801465 0.0
1312 -0.005672665034520146 0.0
1313 -0.005667215228160145 0.0
1314 -0.005661765421800146 0.0
1315 -0.005656315615440145 0.0
1316 -0.005650865809080145 0.0
1317 -0.005645416002720145 0.0
1318 -0.005639966196360145 0.0
1319 -0.005634516390000144 0.0
1320 -0.0056290665836401434 0.0
1321 -0.0056236167772801444 0.0
1322 -0.005618166970920144 0.0
1323 -0.005612717164560143 0.0
1324 -0.005607267358200143 0.0
1325 -0.005601817551840143 0.0
1326 -0.0055963677454801426 0.0
1327 -0.005590917939120143 0.0
1328 -0.005585468132760143 0.0
1329 -0.005580018326400142 0.0
1330 -0.005574568520040142 0.0
1331 -0.005569118713680142 0.0
1332 -0.005563668907320142 0.0
1333 -0.005558219100960141 0.0
1334 -0.005552769294600141 0.0
1335 -0.005547319488240141 0.0
1336 -0.0055418696818801405 0.0
1337 -0.00553641987552014 0.0
1338 -0.005530970069160141 0.0
1339 -0.00552552026280014 0.0
1340 -0.005520070456440139 0.0
1341 -0.0055146206500801395 0.0
1342 -0.00550917084372014 0.0
1343 -0.005503721037360139 0.0
1344 -0.00549827123100014 0.0
1345 -0.005492821424640139 0.0
1346 -0.0054873716182801385 0.0
1347 -0.005481921811920139 0.0
1348 -0.005476472005560138 0.0
1349 -0.005471022199200138 0.0
1350 -0.005465572392840137 0.0
1351 -0.0054601225864801374 0.0
1352 -0.005454672780120138 0.0
1353 -0.005449222973760137 0.0
1354 -0.005443773167400137 0.0
1355 -0.005438323361040137 0.0
1356 -0.005432873554680136 0.0
1357 -0.005427423748320136 0.0
1358 -0.005421973941960137 0.0
1359 -0.005416524135600136 0.0
1360 -0.005411074329240135 0.0
1361 -0.005405624522880135 0.0
1362 -0.0054001747165201355 0.0
1363 -0.005394724910160135 0.0
1364 -0.005389275103800135 0.0
1365 -0.005383825297440134 0.0
1366 -0.005378375491080134 0.0
1367 -0.0053729256847201345 0.0
1368 -0.005367475878360135 0.0
1369 -0.005362026072000134 0.0
1370 -0.005356576265640133 0.0
1371 -0.005351126459280133 0.0
1372 -0.0053456766529201335 0.0
1373 -0.005340226846560133 0.0
1374 -0.005334777040200132 0.0
1375 -0.005329327233840133 0.0
1376 -0.005323877427480132 0.0
1377 -0.005318427621120132 0.0
1378 -0.005312977814760132 0.0
1379 -0.005307528008400132 0.0
1380 -0.005302078202040131 0.0
1381 -0.005296628395680131 0.0
1382 -0.0052911785893201314 0.0
1383 -0.005285728782960131 0.0
1384 -0.005280278976600131 0.0
1385 -0.00527482917024013 0.0
1386 -0.00526937936388013 0.0
1387 -0.0052639295575201295 0.0
1388 -0.00525847975116013 0.0
1389 -0.00525302994480013 0.0
1390 -0.005247580138440129 0.0
1391 -0.005242130332080129 0.0
1392 -0.005236680525720129 0.0
1393 -0.005231230719360129 0.0
1394 -0.005225780913000128 0.0
1395 -0.005220331106640129 0.0
1396 -0.005214881300280128 0.0
1397 -0.0052094314939201275 0.0
1398 -0.005203981687560128 0.0
1399 -0.005198531881200128 0.0
1400 -0.005193082074840127 0.0
1401 -0.005187632268480126 0.0
1402 -0.0051821824621201265 0.0
1403 -0.005176732655760127 0.0
1404 -0.005171282849400127 0.0
1405 -0.005165833043040126 0.0
1406 -0.005160383236680126 0.0
1407 -0.0051549334303201255 0.0
1408 -0.005149483623960126 0.0
1409 -0.005144033817600126 0.0
1410 -0.005138584011240125 0.0
1411 -0.005133134204880124 0.0
1412 -0.005127684398520124 0.0
1413 -0.005122234592160125 0.0
1414 -0.005116784785800124 0.0
1415 -0.005111334979440124 0.0
1416 -0.005105885173080124 0.0
1417 -0.005100435366720123 0.0
1418 -0.005094985560360123 0.0
1419 -0.005089535754000124 0.0
1420 -0.005084085947640123 0.0
1421 -0.005078636141280122 0.0
1422 -0.005073186334920122 0.0
1423 -0.0050677365285601225 0.0
1424 -0.005062286722200122 0.0
1425 -0.005056836915840121 0.0
1426 -0.005051387109480121 0.0
1427 -0.005045937303120121 0.0
1428 -0.0050404874967601215 0.0
1429 -0.005035037690400122 0.0
1430 -0.005029587884040121 0.0
1431 -0.00502413807768012 0.0
1432 -0.00501868827132012 0.0
1433 -0.0050132384649601205 0.0
1434 -0.00500778865860012 0.0
1435 -0.005002338852240119 0.0
1436 -0.00499688904588012 0.0
1437 -0.004991439239520119 0.0
1438 -0.004985989433160119 0.0
1439 -0.004980539626800119 0.0
1440 -0.004975089820440119 0.0
1441 -0.004969640014080118 0.0
1442 -0.004964190207720118 0.0
1443 -0.004958740401360118 0.0
1444 -0.004953290595000118 0.0
1445 -0.004947840788640118 0.0
1446 -0.004942390982280117 0.0
1447 -0.004936941175920117 0.0
1448 -0.0049314913695601165 0.0
1449 -0.004926041563200117 0.0
1450 -0.004920591756840117 0.0
1451 -0.004915141950480116 0.0
1452 -0.004909692144120116 0.0
1453 -0.004904242337760116 0.0
1454 -0.004898792531400116 0.0
1455 -0.004893342725040115 0.0
1456 -0.004887892918680116 0.0
1457 -0.004882443112320115 0.0
1458 -0.0048769933059601145 0.0
1459 -0.004871543499600115 0.0
1460 -0.004866093693240115 0.0
1461 -0.004860643886880114 0.0
1462 -0.004855194080520113 0.0
1463 -0.0048497442741601135 0.0
1464 -0.004844294467800114 0.0
1465 -0.004838844661440114 0.0
1466 -0.004833394855080113 0.0
1467 -0.004827945048720113 0.0
1468 -0.0048224952423601124 0.0
1469 -0.004817045436000113 0.0
1470 -0.004811595629640113 0.0
1471 -0.004806145823280112 0.0
1472 -0.004800696016920111 0.0
1473 -0.004795246210560112 0.0
1474 -0.0047897964042001116 0.0
1475 -0.004784346597840111 0.0
1476 -0.004778896791480111 0.0
1477 -0.004773446985120111 0.0
1478 -0.00476799717876011 0.0
1479 -0.0047625473724001105 0.0
1480 -0.004757097566040111 0.0
1481 -0.00475164775968011 0.0
1482 -0.004746197953320109 0.0
1483 -0.004740748146960109 0.0
1484 -0.0047352983406001095 0.0
1485 -0.004729848534240109 0.0
1486 -0.004724398727880108 0.0
1487 -0.004718948921520109 0.0
1488 -0.004713499115160108 0.0
1489 -0.0047080493088001085 0.0
1490 -0.004702599502440108 0.0
1491 -0.004697149696080108 0.0
1492 -0.004691699889720107 0.0
1493 -0.004686250083360108 0.0
1494 -0.0046808002770001075 0.0
1495 -0.004675350470640107 0.0
1496 -0.004669900664280106 0.0
1497 -0.004664450857920107 0.0
1498 -0.004659001051560106 0.0
1499 -0.004653551245200106 0.0
1500 -0.004648101438840106 0.0
1501 -0.004642651632480106 0.0
1502 -0.004637201826120105 0.0
1503 -0.004631752019760105 0.0
1504 -0.004626302213400105 0.0
1505 -0.004620852407040105 0.0
1506 -0.004615402600680105 0.0
1507 -0.004609952794320105 0.0
1508 -0.004604502987960104 0.0
1509 -0.0045990531816001035 0.0
1510 -0.004593603375240103 0.0
1511 -0.004588153568880104 0.0
1512 -0.004582703762520103 0.0
1513 -0.004577253956160103 0.0
1514 -0.004571804149800103 0.0
1515 -0.004566354343440103 0.0
1516 -0.004560904537080102 0.0
1517 -0.004555454730720103 0.0
1518 -0.004550004924360102 0.0
1519 -0.0045445551180001015 0.0
1520 -0.004539105311640102 0.0
1521 -0.004533655505280102 0.0
1522 -0.004528205698920101 0.0
1523 -0.0045227558925601 0.0
1524 -0.0045173060862001005 0.0
1525 -0.004511856279840101 0.0
1526 -0.004506406473480101 0.0
1527 -0.0045009566671201 0.0
1528 -0.0044955068607601 0.0
1529 -0.004490057054400099 0.0
1530 -0.0044846072480401 0.0
1531 -0.0044791574416801 0.0
1532 -0.004473707635320099 0.0
1533 -0.004468257828960098 0.0
1534 -0.004462808022600099 0.0
1535 -0.0044573582162400986 0.0
1536 -0.004451908409880098 0.0
1537 -0.004446458603520098 0.0
1538 -0.004441008797160098 0.0
1539 -0.004435558990800097 0.0
1540 -0.0044301091844400975 0.0
1541 -0.004424659378080098 0.0
1542 -0.004419209571720097 0.0
1543 -0.004413759765360096 0.0
1544 -0.004408309959000096 0.0
1545 -0.0044028601526400965 0.0
1546 -0.004397410346280096 0.0
1547 -0.004391960539920095 0.0
1548 -0.004386510733560096 0.0
1549 -0.004381060927200095 0.0
1550 -0.0043756111208400955 0.0
1551 -0.004370161314480095 0.0
1552 -0.004364711508120095 0.0
1553 -0.004359261701760094 0.0
1554 -0.004353811895400095 0.0
1555 -0.0043483620890400945 0.0
1556 -0.004342912282680094 0.0
1557 -0.004337462476320093 0.0
1558 -0.004332012669960094 0.0
1559 -0.004326562863600093 0.0
1560 -0.0043211130572400926 0.0
1561 -0.004315663250880093 0.0
1562 -0.004310213444520093 0.0
1563 -0.004304763638160093 0.0
1564 -0.004299313831800092 0.0
1565 -0.004293864025440092 0.0
1566 -0.004288414219080092 0.0
1567 -0.004282964412720092 0.0
1568 -0.004277514606360092 0.0
1569 -0.004272064800000091 0.0
1570 -0.0042666149936400905 0.0
1571 -0.00426116518728009 0.0
1572 -0.004255715380920091 0.0
1573 -0.00425026557456009 0.0
1574 -0.00424481576820009 0.0
1575 -0.0042393659618400895 0.0
1576 -0.00423391615548009 0.0
1577 -0.00422846634912009 0.0
1578 -0.00422301654276009 0.0
1579 -0.004217566736400089 0.0
1580 -0.0042121169300400885 0.0
1581 -0.004206667123680089 0.0
1582 -0.004201217317320089 0.0
1583 -0.004195767510960088 0.0
1584 -0.004190317704600087 0.0
1585 -0.0041848678982400874 0.0
1586 -0.004179418091880088 0.0
1587 -0.004173968285520088 0.0
1588 -0.004168518479160087 0.0
1589 -0.004163068672800087 0.0
1590 -0.004157618866440086 0.0
1591 -0.0041521690600800866 0.0
1592 -0.004146719253720087 0.0
1593 -0.004141269447360086 0.0
1594 -0.004135819641000085 0.0
1595 -0.004130369834640086 0.0
1596 -0.0041249200282800855 0.0
1597 -0.004119470221920085 0.0
1598 -0.004114020415560085 0.0
1599 -0.004108570609200085 0.0
1600 -0.004103120802840084 0.0
1601 -0.0040976709964800845 0.0
1602 -0.004092221190120085 0.0
1603 -0.004086771383760084 0.0
1604 -0.004081321577400083 0.0
1605 -0.004075871771040083 0.0
1606 -0.0040704219646800835 0.0
1607 -0.004064972158320083 0.0
1608 -0.004059522351960083 0.0
1609 -0.004054072545600083 0.0
1610 -0.004048622739240082 0.0
1611 -0.0040431729328800825 0.0
1612 -0.004037723126520082 0.0
1613 -0.004032273320160082 0.0
1614 -0.004026823513800081 0.0
1615 -0.004021373707440082 0.0
1616 -0.0040159239010800814 0.0
1617 -0.004010474094720081 0.0
1618 -0.004005024288360081 0.0
1619 -0.003999574482000081 0.0
1620 -0.00399412467564008 0.0
1621 -0.0039886748692800796 0.0
1622 -0.0039832250629200806 0.0
1623 -0.00397777525656008 0.0
1624 -0.003972325450200079 0.0
1625 -0.003966875643840079 0.0
1626 -0.003961425837480079 0.0
1627 -0.003955976031120079 0.0
1628 -0.003950526224760078 0.0
1629 -0.003945076418400078 0.0
1630 -0.003939626612040078 0.0
1631 -0.0039341768056800775 0.0
1632 -0.003928726999320078 0.0
1633 -0.003923277192960078 0.0
1634 -0.003917827386600077 0.0
1635 -0.003912377580240077 0.0
1636 -0.0039069277738800765 0.0
1637 -0.0039014779675200766 0.0
1638 -0.0038960281611600763 0.0
1639 -0.0038905783548000765 0.0
1640 -0.0038851285484400758 0.0
1641 -0.0038796787420800763 0.0
1642 -0.0038742289357200756 0.0
1643 -0.003868779129360075 0.0
1644 -0.003863329323000075 0.0
1645 -0.0038578795166400747 0.0
1646 -0.003852429710280075 0.0
1647 -0.0038469799039200746 0.0
1648 -0.0038415300975600747 0.0
1649 -0.003836080291200074 0.0
1650 -0.0038306304848400737 0.0
1651 -0.003825180678480074 0.0
1652 -0.0038197308721200736 0.0
1653 -0.0038142810657600737 0.0
1654 -0.003808831259400073 0.0
1655 -0.003803381453040073 0.0
1656 -0.0037979316466800724 0.0
1657 -0.0037924818403200725 0.0
1658 -0.0037870320339600722 0.0
1659 -0.003781582227600072 0.0
1660 -0.003776132421240072 0.0
1661 -0.0037706826148800714 0.0
1662 -0.0037652328085200715 0.0
1663 -0.003759783002160071 0.0
1664 -0.003754333195800071 0.0
1665 -0.003748883389440071 0.0
1666 -0.0037434335830800703 0.0
1667 -0.0037379837767200705 0.0
1668 -0.0037325339703600698 0.0
1669 -0.00372708416400007 0.0
1670 -0.0037216343576400696 0.0
1671 -0.0037161845512800693 0.0
1672 -0.0037107347449200695 0.0
1673 -0.0037052849385600687 0.0
1674 -0.003699835132200069 0.0
1675 -0.0036943853258400686 0.0
1676 -0.0036889355194800683 0.0
1677 -0.0036834857131200684 0.0
1678 -0.0036780359067600677 0.0
1679 -0.003672586100400068 0.0
1680 -0.003667136294040067 0.0
1681 -0.0036616864876800673 0.0
1682 -0.003656236681320067 0.0
1683 -0.003650786874960067 0.0
1684 -0.003645337068600067 0.0
1685 -0.003639887262240066 0.0
1686 -0.0036344374558800662 0.0
1687 -0.003628987649520066 0.0
1688 -0.0036235378431600657 0.0
1689 -0.003618088036800066 0.0
1690 -0.0036126382304400655 0.0
1691 -0.0036071884240800652 0.0
1692 -0.0036017386177200645 0.0
1693 -0.0035962888113600646 0.0
1694 -0.0035908390050000643 0.0
1695 -0.0035853891986400645 0.0
1696 -0.003579939392280064 0.0
1697 -0.0035744895859200643 0.0
1698 -0.0035690397795600636 0.0
1699 -0.0035635899732000633 0.0
1700 -0.003558140166840063 0.0
1701 -0.003552690360480063 0.0
1702 -0.003547240554120063 0.0
1703 -0.0035417907477600626 0.0
1704 -0.0035363409414000627 0.0
1705 -0.003530891135040062 0.0
1706 -0.0035254413286800617 0.0
1707 -0.003519991522320062 0.0
1708 -0.0035145417159600616 0.0
1709 -0.0035090919096000617 0.0
1710 -0.003503642103240061 0.0
1711 -0.003498192296880061 0.0
1712 -0.0034927424905200604 0.0
1713 -0.0034872926841600605 0.0
1714 -0.0034818428778000607 0.0
1715 -0.00347639307144006 0.0
1716 -0.00347094326508006 0.0
1717 -0.0034654934587200594 0.0
1718 -0.0034600436523600595 0.0
1719 -0.0034545938460000592 0.0
1720 -0.003449144039640059 0.0
1721 -0.003443694233280059 0.0
1722 -0.0034382444269200584 0.0
1723 -0.0034327946205600585 0.0
1724 -0.003427344814200058 0.0
1725 -0.003421895007840058 0.0
1726 -0.003416445201480058 0.0
1727 -0.0034109953951200573 0.0
1728 -0.0034055455887600575 0.0
1729 -0.0034000957824000567 0.0
1730 -0.003394645976040057 0.0
1731 -0.0033891961696800566 0.0
1732 -0.0033837463633200567 0.0
1733 -0.0033782965569600565 0.0
1734 -0.0033728467506000557 0.0
1735 -0.003367396944240056 0.0
1736 -0.0033619471378800556 0.0
1737 -0.0033564973315200553 0.0
1738 -0.0033510475251600554 0.0
1739 -0.003345597718800055 0.0
1740 -0.003340147912440055 0.0
1741 -0.003334698106080054 0.0
1742 -0.0033292482997200543 0.0
1743 -0.003323798493360054 0.0
1744 -0.003318348687000054 0.0
1745 -0.003312898880640054 0.0
1746 -0.003307449074280054 0.0
1747 -0.0033019992679200532 0.0
1748 -0.003296549461560053 0.0
1749 -0.0032910996552000527 0.0
1750 -0.003285649848840053 0.0
1751 -0.0032802000424800525 0.0
1752 -0.003274750236120052 0.0
1753 -0.0032693004297600524 0.0
1754 -0.0032638506234000516 0.0
1755 -0.0032584008170400513 0.0
1756 -0.0032529510106800515 0.0
1757 -0.003247501204320051 0.0
1758 -0.0032420513979600513 0.0
1759 -0.0032366015916000506 0.0
1760 -0.0032311517852400507 0.0
1761 -0.00322570197888005 0.0
1762 -0.00322025217252005 0.0
1763 -0.00321480236616005 0.0
1764 -0.0032093525598000496 0.0
1765 -0.0032039027534400497 0.0
1766 -0.003198452947080049 0.0
1767 -0.003193003140720049 0.0
1768 -0.003187553334360049 0.0
1769 -0.0031821035280000486 0.0
1770 -0.0031766537216400487 0.0
1771 -0.003171203915280048 0.0
1772 -0.003165754108920048 0.0
1773 -0.0031603043025600474 0.0
1774 -0.0031548544962000475 0.0
1775 -0.0031494046898400472 0.0
1776 -0.003143954883480047 0.0
1777 -0.003138505077120047 0.0
1778 -0.0031330552707600464 0.0
1779 -0.0031276054644000465 0.0
1780 -0.0031221556580400462 0.0
1781 -0.0031167058516800464 0.0
1782 -0.003111256045320046 0.0
1783 -0.0031058062389600453 0.0
1784 -0.0031003564326000455 0.0
1785 -0.0030949066262400448 0.0
1786 -0.003089456819880045 0.0
1787 -0.0030840070135200446 0.0
1788 -0.0030785572071600448 0.0
1789 -0.0030731074008000445 0.0
1790 -0.0030676575944400437 0.0
1791 -0.003062207788080044 0.0
1792 -0.0030567579817200436 0.0
1793 -0.0030513081753600437 0.0
1794 -0.0030458583690000434 0.0
1795 -0.0030404085626400436 0.0
1796 -0.003034958756280043 0.0
1797 -0.003029508949920042 0.0
1798 -0.0030240591435600423 0.0
1799 -0.0030186093372000424 0.0
1800 -0.003013159530840042 0.0
1801 -0.003007709724480042 0.0
1802 -0.003002259918120041 0.0
1803 -0.0029968101117600413 0.0
1804 -0.002991360305400041 0.0
1805 -0.002985910499040041 0.0
1806 -0.002980460692680041 0.0
1807 -0.002975010886320041 0.0
1808 -0.0029695610799600402 0.0
1809 -0.00296411127360004 0.0
1810 -0.0029586614672400396 0.0
1811 -0.00295321166088004 0.0
1812 -0.0029477618545200395 0.0
1813 -0.002942312048160039 0.0
1814 -0.0029368622418000393 0.0
1815 -0.0029314124354400386 0.0
1816 -0.0029259626290800383 0.0
1817 -0.0029205128227200385 0.0
1818 -0.002915063016360038 0.0
1819 -0.0029096132100000383 0.0
1820 -0.0029041634036400376 0.0
1821 -0.0028987135972800377 0.0
1822 -0.002893263790920037 0.0
1823 -0.0028878139845600367 0.0
1824 -0.002882364178200037 0.0
1825 -0.0028769143718400366 0.0
1826 -0.0028714645654800367 0.0
1827 -0.002866014759120036 0.0
1828 -0.002860564952760036 0.0
1829 -0.002855115146400036 0.0
1830 -0.0028496653400400355 0.0
1831 -0.0028442155336800357 0.0
1832 -0.002838765727320035 0.0
1833 -0.002833315920960035 0.0
1834 -0.002827866114600035 0.0
1835 -0.0028224163082400345 0.0
1836 -0.0028169665018800342 0.0
1837 -0.002811516695520034 0.0
1838 -0.002806066889160034 0.0
1839 -0.0028006170828000334 0.0
1840 -0.0027951672764400335 0.0
1841 -0.002789717470080033 0.0
1842 -0.0027842676637200334 0.0
1843 -0.002778817857360033 0.0
1844 -0.0027733680510000323 0.0
1845 -0.0027679182446400325 0.0
1846 -0.002762468438280032 0.0
1847 -0.002757018631920032 0.0
1848 -0.0027515688255600316 0.0
1849 -0.0027461190192000317 0.0
1850 -0.0027406692128400315 0.0
1851 -0.0027352194064800307 0.0
1852 -0.002729769600120031 0.0
1853 -0.0027243197937600306 0.0
1854 -0.0027188699874000307 0.0
1855 -0.0027134201810400304 0.0
1856 -0.00270797037468003 0.0
1857 -0.00270252056832003 0.0
1858 -0.0026970707619600296 0.0
1859 -0.0026916209556000293 0.0
1860 -0.002686171149240029 0.0
1861 -0.002680721342880029 0.0
1862 -0.002675271536520029 0.0
1863 -0.002669821730160029 0.0
1864 -0.0026643719238000282 0.0
1865 -0.002658922117440028 0.0
1866 -0.002653472311080028 0.0
1867 -0.002648022504720028 0.0
1868 -0.0026425726983600275 0.0
1869 -0.0026371228920000272 0.0
1870 -0.0026316730856400274 0.0
1871 -0.0026262232792800266 0.0
1872 -0.0026207734729200263 0.0
1873 -0.0026153236665600265 0.0
1874 -0.002609873860200026 0.0
1875 -0.0026044240538400263 0.0
1876 -0.0025989742474800256 0.0
1877 -0.0025935244411200258 0.0
1878 -0.0025880746347600255 0.0
1879 -0.002582624828400025 0.0
1880 -0.002577175022040025 0.0
1881 -0.0025717252156800246 0.0
1882 -0.0025662754093200247 0.0
1883 -0.002560825602960024 0.0
1884 -0.002555375796600024 0.0
1885 -0.002549925990240024 0.0
1886 -0.0025444761838800236 0.0
1887 -0.0025390263775200237 0.0
1888 -0.002533576571160023 0.0
1889 -0.002528126764800023 0.0
1890 -0.002522676958440023 0.0
1891 -0.002517227152080023 0.0
1892 -0.0025117773457200222 0.0
1893 -0.002506327539360022 0.0
1894 -0.002500877733000022 0.0
1895 -0.0024954279266400214 0.0
1896 -0.0024899781202800215 0.0
1897 -0.0024845283139200212 0.0
1898 -0.0024790785075600214 0.0
1899 -0.002473628701200021 0.0
1900 -0.0024681788948400204 0.0
1901 -0.0024627290884800205 0.0
1902 -0.00245727928212002 0.0
1903 -0.0024518294757600203 0.0
1904 -0.00244637966940002 0.0
1905 -0.0024409298630400198 0.0
1906 -0.0024354800566800195 0.0
1907 -0.0024300302503200187 0.0
1908 -0.002424580443960019 0.0
1909 -0.0024191306376000186 0.0
1910 -0.0024136808312400187 0.0
1911 -0.0024082310248800184 0.0
1912 -0.0024027812185200186 0.0
1913 -0.002397331412160018 0.0
1914 -0.0023918816058000176 0.0
1915 -0.0023864317994400177 0.0
1916 -0.002380981993080017 0.0
1917 -0.002375532186720017 0.0
1918 -0.002370082380360017 0.0
1919 -0.002364632574000017 0.0
1920 -0.0023591827676400163 0.0
1921 -0.002353732961280016 0.0
1922 -0.002348283154920016 0.0
1923 -0.002342833348560016 0.0
1924 -0.002337383542200016 0.0
1925 -0.0023319337358400152 0.0
1926 -0.0023264839294800154 0.0
1927 -0.002321034123120015 0.0
1928 -0.0023155843167600144 0.0
1929 -0.0023101345104000145 0.0
1930 -0.002304684704040014 0.0
1931 -0.0022992348976800144 0.0
1932 -0.0022937850913200136 0.0
1933 -0.0022883352849600138 0.0
1934 -0.0022828854786000135 0.0
1935 -0.002277435672240013 0.0
1936 -0.0022719858658800133 0.0
1937 -0.0022665360595200126 0.0
1938 -0.0022610862531600127 0.0
1939 -0.0022556364468000125 0.0
1940 -0.0022501866404400126 0.0
1941 -0.002244736834080012 0.0
1942 -0.0022392870277200116 0.0
1943 -0.0022338372213600117 0.0
1944 -0.002228387415000011 0.0
1945 -0.002222937608640011 0.0
1946 -0.002217487802280011 0.0
1947 -0.002212037995920011 0.0
1948 -0.0022065881895600107 0.0
1949 -0.00220113838320001 0.0
1950 -0.00219568857684001 0.0
1951 -0.00219023877048001 0.0
1952 -0.00218478896412001 0.0
1953 -0.0021793391577600092 0.0
1954 -0.0021738893514000094 0.0
1955 -0.002168439545040009 0.0
1956 -0.002162989738680009 0.0
1957 -0.0021575399323200085 0.0
1958 -0.002152090125960008 0.0
1959 -0.0021466403196000084 0.0
1960 -0.002141190513240008 0.0
1961 -0.0021357407068800078 0.0
1962 -0.0021302909005200075 0.0
1963 -0.002124841094160007 0.0
1964 -0.0021193912878000073 0.0
1965 -0.0021139414814400066 0.0
1966 -0.0021084916750800068 0.0
1967 -0.0021030418687200065 0.0
1968 -0.002097592062360006 0.0
1969 -0.002092142256000006 0.0
1970 -0.0020866924496400056 0.0
1971 -0.0020812426432800057 0.0
1972 -0.0020757928369200054 0.0
1973 -0.002070343030560005 0.0
1974 -0.002064893224200005 0.0
1975 -0.0020594434178400046 0.0
1976 -0.0020539936114800047 0.0
1977 -0.002048543805120004 0.0
1978 -0.002043093998760004 0.0
1979 -0.002037644192400004 0.0
1980 -0.002032194386040004 0.0
1981 -0.0020267445796800032 0.0
1982 -0.002021294773320003 0.0
1983 -0.002015844966960003 0.0
1984 -0.002010395160600003 0.0
1985 -0.0020049453542400025 0.0
1986 -0.0019994955478800022 0.0
1987 -0.0019940457415200024 0.0
1988 -0.001988595935160002 0.0
1989 -0.0019831461288000013 0.0
1990 -0.0019776963224400015 0.0
1991 -0.001972246516080001 0.0
1992 -0.0019667967097200013 0.0
1993 -0.0019613469033600006 0.0
1994 -0.0019558970970000008 0.0
1995 -0.0019504472906400005 0.0
1996 -0.00194499748428 0.0
1997 -0.00193954767792 0.0
1998 -0.0019340978715599996 0.0
1999 -0.0019286480651999997 0.0
2000 -0.0019286480651999997 0.0
2001 -0.0019286480651999997 0.0
2002 -0.0019286480651999997 0.0
2003 -0.0019286480651999997 0.0
2004 -0.0019286480651999997 0.0
2005 -0.0019286480651999997 0.0
2006 -0.0019286480651999997 0.0
2007 -0.0019286480651999997 0.0
2008 -0.0019286480651999997 0.0
2009 -0.0019286480651999997 0.0
2010 -0.0019286480651999997 0.0
2011 -0.0019286480651999997 0.0
2012 -0.0019286480651999997 0.0
2013 -0.0019286480651999997 0.0
2014 -0.0019286480651999997 0.0
2015 -0.0019286480651999997 0.0
2016 -0.0019286480651999997 0.0
2017 -0.0019286480651999997 0.0
2018 -0.0019286480651999997 0.0
2019 -0.0019286480651999997 0.0
2020 -0.0019286480651999997 0.0
2021 -0.0019286480651999997 0.0
2022 -0.0019286480651999997 0.0
2023 -0.0019286480651999997 0.0
2024 -0.0019286480651999997 0.0
2025 -0.0019286480651999997 0.0
2026 -0.0019286480651999997 0.0
2027 -0.0019286480651999997 0.0
2028 -0.0019286480651999997 0.0
2029 -0.0019286480651999997 0.0
2030 -0.0019286480651999997 0.0
2031 -0.0019286480651999997 0.0
2032 -0.0019286480651999997 0.0
2033 -0.0019286480651999997 0.0
2034 -0.0019286480651999997 0.0
2035 -0.0019286480651999997 0.0
2036 -0.0019286480651999997 0.0
2037 -0.0019286480651999997 0.0
2038 -0.0019286480651999997 0.0
2039 -0.0019286480651999997 0.0
2040 -0.0019286480651999997 0.0
2041 -0.0019286480651999997 0.0
2042 -0.0019286480651999997 0.0
2043 -0.0019286480651999997 0.0
2044 -0.0019286480651999997 0.0
2045 -0.0019286480651999997 0.0
2046 -0.0019286480651999997 0.0
2047 -0.0019286480651999997 0.0
2048 -0.0019286480651999997 0.0
2049 -0.0019286480651999997 0.0
2050 -0.0019286480651999997 0.0
2051 -0.0019286480651999997 0.0
2052 -0.0019286480651999997 0.0
2053 -0.0019286480651999997 0.0
2054 -0.0019286480651999997 0.0
2055 -0.0019286480651999997 0.0
2056 -0.0019286480651999997 0.0
2057 -0.0019286480651999997 0.0
2058 -0.0019286480651999997 0.0
2059 -0.0019286480651999997 0.0
2060 -0.0019286480651999997 0.0
2061 -0.0019286480651999997 0.0
2062 -0.0019286480651999997 0.0
2063 -0.0019286480651999997 0.0
2064 -0.0019286480651999997 0.0
2065 -0.0019286480651999997 0.0
2066 -0.0019286480651999997 0.0
2067 -0.0019286480651999997 0.0
2068 -0.0019286480651999997 0.0
2069 -0.0019286480651999997 0.0
2070 -0.0019286480651999997 0.0
2071 -0.0019286480651999997 0.0
2072 -0.0019286480651999997 0.0
2073 -0.0019286480651999997 0.0
2074 -0.0019286480651999997 0.0
2075 -0.0019286480651999997 0.0
2076 -0.0019286480651999997 0.0
2077 -0.0019286480651999997 0.0
2078 -0.0019286480651999997 0.0
2079 -0.0019286480651999997 0.0
2080 -0.0019286480651999997 0.0
2081 -0.0019286480651999997 0.0
2082 -0.0019286480651999997 0.0
2083 -0.0019286480651999997 0.0
2084 -0.0019286480651999997 0.0
2085 -0.0019286480651999997 0.0
2086 -0.0019286480651999997 0.0
2087 -0.0019286480651999997 0.0
2088 -0.0019286480651999997 0.0
2089 -0.0019286480651999997 0.0
2090 -0.0019286480651999997 0.0
2091 -0.0019286480651999997 0.0
2092 -0.0019286480651999997 0.0
2093 -0.0019286480651999997 0.0
2094 -0.0019286480651999997 0.0
2095 -0.0019286480651999997 0.0
2096 -0.0019286480651999997 0.0
2097 -0.0019286480651999997 0.0
2098 -0.0019286480651999997 0.0
2099 -0.0019286480651999997 0.0
2100 -0.0019286480651999997 0.0
2101 -0.0019286480651999997 0.0
2102 -0.0019286480651999997 0.0
2103 -0.0019286480651999997 0.0
2104 -0.0019286480651999997 0.0
2105 -0.0019286480651999997 0.0
2106 -0.0019286480651999997 0.0
2107 -0.0019286480651999997 0.0
2108 -0.0019286480651999997 0.0
2109 -0.0019286480651999997 0.0
2110 -0.0019286480651999997 0.0
2111 -0.0019286480651999997 0.0
2112 -0.0019286480651999997 0.0
2113 -0.0019286480651999997 0.0
2114 -0.0019286480651999997 0.0
2115 -0.0019286480651999997 0.0
2116 -0.0019286480651999997 0.0
2117 -0.0019286480651999997 0.0
2118 -0.0019286480651999997 0.0
2119 -0.0019286480651999997 0.0
2120 -0.0019286480651999997 0.0
2121 -0.0019286480651999997 0.0
2122 -0.0019286480651999997 0.0
2123 -0.0019286480651999997 0.0
2124 -0.0019286480651999997 0.0
2125 -0.0019286480651999997 0.0
2126 -0.0019286480651999997 0.0
2127 -0.0019286480651999997 0.0
2128 -0.0019286480651999997 0.0
2129 -0.0019286480651999997 0.0
2130 -0.0019286480651999997 0.0
2131 -0.0019286480651999997 0.0
2132 -0.0019286480651999997 0.0
2133 -0.0019286480651999997 0.0
2134 -0.0019286480651999997 0.0
2135 -0.0019286480651999997 0.0
2136 -0.0019286480651999997 0.0
2137 -0.0019286480651999997 0.0
2138 -0.0019286480651999997 0.0
2139 -0.0019286480651999997 0.0
2140 -0.0019286480651999997 0.0
2141 -0.0019286480651999997 0.0
2142 -0.0019286480651999997 0.0
2143 -0.0019286480651999997 0.0
2144 -0.0019286480651999997 0.0
2145 -0.0019286480651999997 0.0
2146 -0.0019286480651999997 0.0
2147 -0.0019286480651999997 0.0
2148 -0.0019286480651999997 0.0
2149 -0.0019286480651999997 0.0
2150 -0.0019286480651999997 0.0
2151 -0.0019286480651999997 0.0
2152 -0.0019286480651999997 0.0
2153 -0.0019286480651999997 0.0
2154 -0.0019286480651999997 0.0
2155 -0.0019286480651999997 0.0
2156 -0.0019286480651999997 0.0
2157 -0.0019286480651999997 0.0
2158 -0.0019286480651999997 0.0
2159 -0.0019286480651999997 0.0
2160 -0.0019286480651999997 0.0
2161 -0.0019286480651999997 0.0
2162 -0.0019286480651999997 0.0
2163 -0.0019286480651999997 0.0
2164 -0.0019286480651999997 0.0
2165 -0.0019286480651999997 0.0
2166 -0.0019286480651999997 0.0
2167 -0.0019286480651999997 0.0
2168 -0.0019286480651999997 0.0
2169 -0.0019286480651999997 0.0
2170 -0.0019286480651999997 0.0
2171 -0.0019286480651999997 0.0
2172 -0.0019286480651999997 0.0
2173 -0.0019286480651999997 0.0
2174 -0.0019286480651999997 0.0
2175 -0.0019286480651999997 0.0
2176 -0.0019286480651999997 0.0
2177 -0.0019286480651999997 0.0
2178 -0.0019286480651999997 0.0
2179 -0.0019286480651999997 0.0
2180 -0.0019286480651999997 0.0
2181 -0.0019286480651999997 0.0
2182 -0.0019286480651999997 0.0
2183 -0.0019286480651999997 0.0
2184 -0.0019286480651999997 0.0
2185 -0.0019286480651999997 0.0
2186 -0.0019286480651999997 0.0
2187 -0.0019286480651999997 0.0
2188 -0.0019286480651999997 0.0
2189 -0.0019286480651999997 0.0
2190 -0.0019286480651999997 0.0
2191 -0.0019286480651999997 0.0
2192 -0.0019286480651999997 0.0
2193 -0.0019286480651999997 0.0
2194 -0.0019286480651999997 0.0
2195 -0.0019286480651999997 0.0
2196 -0.0019286480651999997 0.0
2197 -0.0019286480651999997 0.0
2198 -0.0019286480651999997 0.0
2199 -0.0019286480651999997 0.0