2200 0.000002100546602 1.0
2
0 -0.0019286480651999997 0.0
1 -0.0019286480651999997 0.0
2 -0.0019286480651999997 0.0
3 -0.0019286480651999997 0.0
4 -0.0019286480651999997 0.0
5 -0.0019286480651999997 0.0
6 -0.0019286480651999997 0.0
7 -0.0019286480651999997 0.0
8 -0.0019286480651999997 0.0
9 -0.0019286480651999997 0.0
10 -0.0019286480651999997 0.0
11 -0.0019286480651999997 0.0
12 -0.0019286480651999997 0.0
13 -0.0019286480651999997 0.0
14 -0.0019286480651999997 0.0
15 -0.0019286480651999997 0.0
16 -0.0019286480651999997 0.0
17 -0.0019286480651999997 0.0
18 -0.0019286480651999997 0.0
19 -0.0019286480651999997 0.0
20 -0.0019286480651999997 0.0
21 -0.0019286480651999997 0.0
22 -0.0019286480651999997 0.0
23 -0.0019286480651999997 0.0
24 -0.0019286480651999997 0.0
25 -0.0019286480651999997 0.0
26 -0.0019286480651999997 0.0
27 -0.0019286480651999997 0.0
28 -0.0019286480651999997 0.0
29 -0.0019286480651999997 0.0
30 -0.0019286480651999997 0.0
31 -0.0019286480651999997 0.0
32 -0.0019286480651999997 0.0
33 -0.0019286480651999997 0.0
34 -0.0019286480651999997 0.0
35 -0.0019286480651999997 0.0
36 -0.0019286480651999997 0.0
37 -0.0019286480651999997 0.0
38 -0.0019286480651999997 0.0
39 -0.0019286480651999997 0.0
40 -0.0019286480651999997 0.0
41 -0.0019286480651999997 0.0
42 -0.0019286480651999997 0.0
43 -0.0019286480651999997 0.0
44 -0.0019286480651999997 0.0
45 -0.0019286480651999997 0.0
46 -0.0019286480651999997 0.0
47 -0.0019286480651999997 0.0
48 -0.0019286480651999997 0.0
49 -0.0019286480651999997 0.0
50 -0.0019286480651999997 0.0
51 -0.0019286480651999997 0.0
52 -0.0019286480651999997 0.0
53 -0.0019286480651999997 0.0
54 -0.0019286480651999997 0.0
55 -0.0019286480651999997 0.0
56 -0.0019286480651999997 0.0
57 -0.0019286480651999997 0.0
58 -0.0019286480651999997 0.0
59 -0.0019286480651999997 0.0
60 -0.0019286480651999997 0.0
61 -0.0019286480651999997 0.0
62 -0.0019286480651999997 0.0
63 -0.0019286480651999997 0.0
64 -0.0019286480651999997 0.0
65 -0.0019286480651999997 0.0
66 -0.0019286480651999997 0.0
67 -0.0019286480651999997 0.0
68 -0.0019286480651999997 0.0
69 -0.0019286480651999997 0.0
70 -0.0019286480651999997 0.0
71 -0.0019286480651999997 0.0
72 -0.0019286480651999997 0.0
73 -0.0019286480651999997 0.0
74 -0.0019286480651999997 0.0
75 -0.0019286480651999997 0.0
76 -0.0019286480651999997 0.0
77 -0.0019286480651999997 0.0
78 -0.0019286480651999997 0.0
79 -0.0019286480651999997 0.0
80 -0.0019286480651999997 0.0
81 -0.0019286480651999997 0.0
82 -0.0019286480651999997 0.0
83 -0.0019286480651999997 0.0
84 -0.0019286480651999997 0.0
85 -0.0019286480651999997 0.0
86 -0.0019286480651999997 0.0
87 -0.0019286480651999997 0.0
88 -0.0019286480651999997 0.0
89 -0.0019286480651999997 0.0
90 -0.0019286480651999997 0.0
91 -0.0019286480651999997 0.0
92 -0.0019286480651999997 0.0
93 -0.0019286480651999997 0.0
94 -0.0019286480651999997 0.0
95 -0.0019286480651999997 0.0
96 -0.0019286480651999997 0.0
97 -0.0019286480651999997 0.0
98 -0.0019286480651999997 0.0
99 -0.0019286480651999997 0.0
100 -0.0019286480651999997 0.0
101 -0.0019286480651999997 0.0
102 -0.0019286480651999997 0.0
103 -0.0019286480651999997 0.0
104 -0.0019286480651999997 0.0
105 -0.0019286480651999997 0.0
106 -0.0019286480651999997 0.0
107 -0.0019286480651999997 0.0
108 -0.0019286480651999997 0.0
109 -0.0019286480651999997 0.0
110 -0.0019286480651999997 0.0
111 -0.0019286480651999997 0.0
112 -0.0019286480651999997 0.0
113 -0.0019286480651999997 0.0
114 -0.0019286480651999997 0.0
115 -0.0019286480651999997 0.0
116 -0.0019286480651999997 0.0
117 -0.0019286480651999997 0.0
118 -0.0019286480651999997 0.0
119 -0.0019286480651999997 0.0
120 -0.0019286480651999997 0.0
121 -0.0019286480651999997 0.0
122 -0.0019286480651999997 0.0
123 -0.0019286480651999997 0.0
124 -0.0019286480651999997 0.0
125 -0.0019286480651999997 0.0
126 -0.0019286480651999997 0.0
127 -0.0019286480651999997 0.0
128 -0.0019286480651999997 0.0
129 -0.0019286480651999997 0.0
130 -0.0019286480651999997 0.0
131 -0.0019286480651999997 0.0
132 -0.0019286480651999997 0.0
133 -0.0019286480651999997 0.0
134 -0.0019286480651999997 0.0
135 -0.0019286480651999997 0.0
136 -0.0019286480651999997 0.0
137 -0.0019286480651999997 0.0
138 -0.0019286480651999997 0.0
139 -0.0019286480651999997 0.0
140 -0.0019286480651999997 0.0
141 -0.0019286480651999997 0.0
142 -0.0019286480651999997 0.0
143 -0.0019286480651999997 0.0
144 -0.0019286480651999997 0.0
145 -0.0019286480651999997 0.0
146 -0.0019286480651999997 0.0
147 -0.0019286480651999997 0.0
148 -0.0019286480651999997 0.0
149 -0.0019286480651999997 0.0
150 -0.0019286480651999997 0.0
151 -0.0019286480651999997 0.0
152 -0.0019286480651999997 0.0
153 -0.0019286480651999997 0.0
154 -0.0019286480651999997 0.0
155 -0.0019286480651999997 0.0
156 -0.0019286480651999997 0.0
157 -0.0019286480651999997 0.0
158 -0.0019286480651999997 0.0
159 -0.0019286480651999997 0.0
160 -0.0019286480651999997 0.0
161 -0.0019286480651999997 0.0
162 -0.0019286480651999997 0.0
163 -0.0019286480651999997 0.0
164 -0.0019286480651999997 0.0
165 -0.0019286480651999997 0.0
166 -0.0019286480651999997 0.0
167 -0.0019286480651999997 0.0
168 -0.0019286480651999997 0.0
169 -0.0019286480651999997 0.0
170 -0.0019286480651999997 0.0
171 -0.0019286480651999997 0.0
172 -0.0019286480651999997 0.0
173 -0.0019286480651999997 0.0
174 -0.0019286480651999997 0.0
175 -0.0019286480651999997 0.0
176 -0.0019286480651999997 0.0
177 -0.0019286480651999997 0.0
178 -0.0019286480651999997 0.0
179 -0.0019286480651999997 0.0
180 -0.0019286480651999997 0.0
181 -0.0019286480651999997 0.0
182 -0.0019286480651999997 0.0
183 -0.0019286480651999997 0.0
184 -0.0019286480651999997 0.0
185 -0.0019286480651999997 0.0
186 -0.0019286480651999997 0.0
187 -0.0019286480651999997 0.0
188 -0.0019286480651999997 0.0
189 -0.0019286480651999997 0.0
190 -0.0019286480651999997 0.0
191 -0.0019286480651999997 0.0
192 -0.0019286480651999997 0.0
193 -0.0019286480651999997 0.0
194 -0.0019286480651999997 0.0
195 -0.0019286480651999997 0.0
196 -0.0019286480651999997 0.0
197 -0.0019286480651999997 0.0
198 -0.0019286480651999997 0.0
199 -0.0019286480651999997 0.0
200 -0.0019286480651999997 0.0
201 -0.001921594515608636 0.0
202 -0.0019145409660172726 0.0
203 -0.001907487416425909 0.0
204 -0.0019004338668345453 0.0
205 -0.0018933803172431819 0.0
206 -0.0018863267676518182 0.0
207 -0.0018792732180604548 0.0
208 -0.0018722196684690911 0.0
209 -0.0018651661188777275 0.0
210 -0.001858112569286364 0.0
211 -0.0018510590196950004 0.0
212 -0.0018440054701036367 0.0
213 -0.0018369519205122733 0.0
214 -0.0018298983709209096 0.0
215 -0.001822844821329546 0.0
216 -0.0018157912717381825 0.0
217 -0.0018087377221468188 0.0
218 -0.0018016841725554552 0.0
219 -0.0017946306229640917 0.0
220 -0.001787577073372728 0.0
221 -0.0017805235237813646 0.0
222 -0.001773469974190001 0.0
223 -0.0017664164245986373 0.0
224 -0.0017593628750072739 0.0
225 -0.0017523093254159102 0.0
226 -0.0017452557758245468 0.0
227 -0.0017382022262331831 0.0
228 -0.0017311486766418195 0.0
229 -0.0017240951270504558 0.0
230 -0.0017170415774590924 0.0
231 -0.0017099880278677287 0.0
232 -0.0017029344782763653 0.0
233 -0.0016958809286850016 0.0
234 -0.001688827379093638 0.0
235 -0.0016817738295022745 0.0
236 -0.0016747202799109108 0.0
237 -0.0016676667303195474 0.0
238 -0.0016606131807281837 0.0
239 -0.00165355963113682 0.0
240 -0.0016465060815454566 0.0
241 -0.001639452531954093 0.0
242 -0.0016323989823627293 0.0
243 -0.0016253454327713659 0.0
244 -0.0016182918831800022 0.0
245 -0.0016112383335886386 0.0
246 -0.0016041847839972751 0.0
247 -0.0015971312344059115 0.0
248 -0.001590077684814548 0.0
249 -0.0015830241352231844 0.0
250 -0.0015759705856318207 0.0
251 -0.0015689170360404573 0.0
252 -0.0015618634864490936 0.0
253 -0.00155480993685773 0.0
254 -0.0015477563872663665 0.0
255 -0.0015407028376750028 0.0
256 -0.0015336492880836392 0.0
257 -0.0015265957384922757 0.0
258 -0.001519542188900912 0.0
259 -0.0015124886393095486 0.0
260 -0.001505435089718185 0.0
261 -0.0014983815401268213 0.0
262 -0.0014913279905354577 0.0
263 -0.0014842744409440942 0.0
264 -0.0014772208913527306 0.0
265 -0.0014701673417613671 0.0
266 -0.0014631137921700035 0.0
267 -0.0014560602425786398 0.0
268 -0.0014490066929872764 0.0
269 -0.0014419531433959127 0.0
270 -0.0014348995938045493 0.0
271 -0.0014278460442131856 0.0
272 -0.001420792494621822 0.0
273 -0.0014137389450304583 0.0
274 -0.0014066853954390948 0.0
275 -0.0013996318458477314 0.0
276 -0.0013925782962563677 0.0
277 -0.001385524746665004 0.0
278 -0.0013784711970736404 0.0
279 -0.0013714176474822768 0.0
280 -0.0013643640978909135 0.0
281 -0.0013573105482995499 0.0
282 -0.0013502569987081862 0.0
283 -0.0013432034491168226 0.0
284 -0.001336149899525459 0.0
285 -0.0013290963499340955 0.0
286 -0.001322042800342732 0.0
287 -0.0013149892507513684 0.0
288 -0.0013079357011600047 0.0
289 -0.001300882151568641 0.0
290 -0.0012938286019772776 0.0
291 -0.001286775052385914 0.0
292 -0.0012797215027945505 0.0
293 -0.0012726679532031869 0.0
294 -0.0012656144036118232 0.0
295 -0.0012585608540204595 0.0
296 -0.001251507304429096 0.0
297 -0.0012444537548377326 0.0
298 -0.001237400205246369 0.0
299 -0.0012303466556550053 0.0
300 -0.0012232931060636417 0.0
301 -0.0012162395564722782 0.0
302 -0.0012091860068809148 0.0
303 -0.0012021324572895511 0.0
304 -0.0011950789076981875 0.0
305 -0.0011880253581068238 0.0
306 -0.0011809718085154602 0.0
307 -0.0011739182589240967 0.0
308 -0.0011668647093327333 0.0
309 -0.0011598111597413696 0.0
310 -0.001152757610150006 0.0
311 -0.0011457040605586423 0.0
312 -0.0011386505109672789 0.0
313 -0.0011315969613759152 0.0
314 -0.0011245434117845518 0.0
315 -0.001117489862193188 0.0
316 -0.0011104363126018244 0.0
317 -0.0011033827630104608 0.0
318 -0.0010963292134190973 0.0
319 -0.001089275663827734 0.0
320 -0.0010822221142363702 0.0
321 -0.0010751685646450066 0.0
322 -0.001068115015053643 0.0
323 -0.0010610614654622793 0.0
324 -0.0010540079158709158 0.0
325 -0.0010469543662795524 0.0
326 -0.0010399008166881887 0.0
327 -0.001032847267096825 0.0
328 -0.0010257937175054614 0.0
329 -0.001018740167914098 0.0
330 -0.0010116866183227343 0.0
331 -0.0010046330687313709 0.0
332 -0.0009975795191400072 0.0
333 -0.0009905259695486438 0.0
334 -0.0009834724199572799 0.0
335 -0.0009764188703659164 0.0
336 -0.000969365320774553 0.0
337 -0.0009623117711831892 0.0
338 -0.0009552582215918257 0.0
339 -0.0009482046720004622 0.0
340 -0.0009411511224090986 0.0
341 -0.0009340975728177349 0.0
342 -0.0009270440232263715 0.0
343 -0.0009199904736350078 0.0
344 -0.0009129369240436442 0.0
345 -0.0009058833744522807 0.0
346 -0.0008988298248609171 0.0
347 -0.0008917762752695536 0.0
348 -0.00088472272567819 0.0
349 -0.0008776691760868263 0.0
350 -0.0008706156264954629 0.0
351 -0.0008635620769040992 0.0
352 -0.0008565085273127355 0.0
353 -0.0008494549777213721 0.0
354 -0.0008424014281300084 0.0
355 -0.0008353478785386448 0.0
356 -0.0008282943289472813 0.0
357 -0.0008212407793559179 0.0
358 -0.000814187229764554 0.0
359 -0.0008071336801731906 0.0
360 -0.0008000801305818271 0.0
361 -0.0007930265809904633 0.0
362 -0.0007859730313990998 0.0
363 -0.0007789194818077364 0.0
364 -0.0007718659322163727 0.0
365 -0.0007648123826250091 0.0
366 -0.0007577588330336456 0.0
367 -0.000750705283442282 0.0
368 -0.0007436517338509183 0.0
369 -0.0007365981842595549 0.0
370 -0.0007295446346681912 0.0
371 -0.0007224910850768278 0.0
372 -0.0007154375354854641 0.0
373 -0.0007083839858941004 0.0
374 -0.000701330436302737 0.0
375 -0.0006942768867113733 0.0
376 -0.0006872233371200097 0.0
377 -0.0006801697875286462 0.0
378 -0.0006731162379372826 0.0
379 -0.0006660626883459189 0.0
380 -0.0006590091387545555 0.0
381 -0.0006519555891631918 0.0
382 -0.0006449020395718282 0.0
383 -0.0006378484899804647 0.0
384 -0.0006307949403891011 0.0
385 -0.0006237413907977376 0.0
386 -0.000616687841206374 0.0
387 -0.0006096342916150103 0.0
388 -0.0006025807420236469 0.0
389 -0.0005955271924322832 0.0
390 -0.0005884736428409195 0.0
391 -0.0005814200932495561 0.0
392 -0.0005743665436581924 0.0
393 -0.0005673129940668288 0.0
394 -0.0005602594444754653 0.0
395 -0.0005532058948841017 0.0
396 -0.000546152345292738 0.0
397 -0.0005390987957013746 0.0
398 -0.0005320452461100109 0.0
399 -0.0005249916965186473 0.0
400 -0.0005179381469272838 0.0
401 -0.0005108845973359202 0.0
402 -0.0005038310477445567 0.0
403 -0.0004967774981531933 0.0
404 -0.0004897239485618296 0.0
405 -0.00048267039897046575 0.0
406 -0.0004756168493791023 0.0
407 -0.00046856329978773865 0.0
408 -0.0004615097501963752 0.0
409 -0.00045445620060501155 0.0
410 -0.0004474026510136481 0.0
411 -0.00044034910142228467 0.0
412 -0.0004332955518309208 0.0
413 -0.00042624200223955713 0.0
414 -0.0004191884526481937 0.0
415 -0.00041213490305683003 0.0
416 -0.0004050813534654666 0.0
417 -0.00039802780387410315 0.0
418 -0.0003909742542827393 0.0
419 -0.0003839207046913756 0.0
420 -0.0003768671551000122 0.0
421 -0.0003698136055086485 0.0
422 -0.0003627600559172851 0.0
423 -0.00035570650632592163 0.0
424 -0.000348652956734558 0.0
425 -0.0003415994071431941 0.0
426 -0.00033454585755183066 0.0
427 -0.000327492307960467 0.0
428 -0.00032043875836910356 0.0
429 -0.0003133852087777401 0.0
430 -0.00030633165918637646 0.0
431 -0.000299278109595013 0.0
432 -0.00029222456000364914 0.0
433 -0.0002851710104122855 0.0
434 -0.00027811746082092204 0.0
435 -0.0002710639112295586 0.0
436 -0.00026401036163819494 0.0
437 -0.0002569568120468315 0.0
438 -0.00024990326245546784 0.0
439 -0.00024284971286410396 0.0
440 -0.00023579616327274052 0.0
441 -0.00022874261368137708 0.0
442 -0.00022168906409001342 0.0
443 -0.00021463551449864998 0.0
444 -0.00020758196490728632 0.0
445 -0.00020052841531592288 0.0
446 -0.000193474865724559 0.0
447 -0.00018642131613319556 0.0
448 -0.0001793677665418319 0.0
449 -0.00017231421695046846 0.0
450 -0.0001652606673591048 0.0
451 -0.00015820711776774136 0.0
452 -0.0001511535681763777 0.0
453 -0.00014410001858501404 0.0
454 -0.00013704646899365038 0.0
455 -0.00012999291940228694 0.0
456 -0.00012293936981092328 0.0
457 -0.00011588582021955984 0.0
458 -0.00010883227062819618 0.0
459 -0.00010177872103683274 0.0
460 -9.472517144546886e-05 0.0
461 -8.767162185410542e-05 0.0
462 -8.061807226274176e-05 0.0
463 -7.356452267137832e-05 0.0
464 -6.651097308001466e-05 0.0
465 -5.945742348865122e-05 0.0
466 -5.240387389728778e-05 0.0
467 -4.5350324305923903e-05 0.0
468 -3.8296774714560245e-05 0.0
469 -3.12432251231968e-05 0.0
470 -2.4189675531833144e-05 0.0
471 -1.7136125940469702e-05 0.0
472 -1.008257634910626e-05 0.0
473 -3.029026757742602e-06 0.0
474 4.0245228336212736e-06 0.0
475 1.1078072424984715e-05 0.0
476 1.8131622016348374e-05 0.0
477 2.51851716077116e-05 0.0
478 3.223872119907526e-05 0.0
479 3.9292270790438916e-05 0.0
480 4.6345820381802575e-05 0.0
481 5.3399369973166234e-05 0.0
482 6.045291956452989e-05 0.0
483 6.750646915589312e-05 0.0
484 7.456001874725678e-05 0.0
485 8.161356833862043e-05 0.0
486 8.86671179299841e-05 0.0
487 9.572066752134732e-05 0.0
488 0.00010277421711271141 0.0
489 0.00010982776670407464 0.0
490 0.0001168813162954383 0.0
491 0.00012393486588680195 0.0
492 0.0001309884154781656 0.0
493 0.00013804196506952884 0.0
494 0.0001450955146608925 0.0
495 0.00015214906425225615 0.0
496 0.0001592026138436198 0.0
497 0.00016625616343498347 0.0
498 0.00017330971302634713 0.0
499 0.00018036326261771035 0.0
500 0.00018741681220907401 0.0
501 0.00019447036180043767 0.0
502 0.00020152391139180133 0.0
503 0.000208577460983165 0.0
504 0.00021563101057452865 0.0
505 0.00022268456016589187 0.0
506 0.00022973810975725553 0.0
507 0.0002367916593486192 0.0
508 0.00024384520893998285 0.0
509 0.0002508987585313465 0.0
510 0.00025795230812271017 0.0
511 0.0002650058577140734 0.0
512 0.00027205940730543705 0.0
513 0.0002791129568968007 0.0
514 0.00028616650648816393 0.0
515 0.000293220056079528 0.0
516 0.0003002736056708917 0.0
517 0.0003073271552622549 0.0
518 0.00031438070485361857 0.0
519 0.00032143425444498223 0.0
520 0.00032848780403634545 0.0
521 0.0003355413536277091 0.0
522 0.0003425949032190732 0.0
523 0.00034964845281043643 0.0
524 0.0003567020024018001 0.0
525 0.00036375555199316375 0.0
526 0.00037080910158452697 0.0
527 0.00037786265117589063 0.0
528 0.0003849162007672543 0.0
529 0.00039196975035861795 0.0
530 0.0003990232999499816 0.0
531 0.00040607684954134526 0.0
532 0.0004131303991327085 0.0
533 0.00042018394872407215 0.0
534 0.0004272374983154358 0.0
535 0.00043429104790679946 0.0
536 0.0004413445974981631 0.0
537 0.0004483981470895268 0.0
538 0.00045545169668089 0.0
539 0.00046250524627225367 0.0
540 0.0004695587958636173 0.0
541 0.000476612345454981 0.0
542 0.0004836658950463442 0.0
543 0.0004907194446377083 0.0
544 0.0004977729942290715 0.0
545 0.0005048265438204352 0.0
546 0.0005118800934117988 0.0
547 0.0005189336430031625 0.0
548 0.0005259871925945257 0.0
549 0.0005330407421858894 0.0
550 0.000540094291777253 0.0
551 0.0005471478413686167 0.0
552 0.0005542013909599804 0.0
553 0.000561254940551344 0.0
554 0.0005683084901427072 0.0
555 0.0005753620397340709 0.0
556 0.0005824155893254346 0.0
557 0.0005894691389167982 0.0
558 0.0005965226885081619 0.0
559 0.0006035762380995255 0.0
560 0.0006106297876908888 0.0
561 0.0006176833372822524 0.0
562 0.0006247368868736161 0.0
563 0.0006317904364649793 0.0
564 0.0006388439860563434 0.0
565 0.0006458975356477071 0.0
566 0.0006529510852390703 0.0
567 0.0006600046348304339 0.0
568 0.0006670581844217976 0.0
569 0.0006741117340131608 0.0
570 0.0006811652836045245 0.0
571 0.0006882188331958886 0.0
572 0.0006952723827872518 0.0
573 0.0007023259323786155 0.0
574 0.0007093794819699791 0.0
575 0.0007164330315613423 0.0
576 0.000723486581152706 0.0
577 0.0007305401307440697 0.0
578 0.0007375936803354333 0.0
579 0.000744647229926797 0.0
580 0.0007517007795181606 0.0
581 0.0007587543291095239 0.0
582 0.0007658078787008875 0.0
583 0.0007728614282922512 0.0
584 0.0007799149778836148 0.0
585 0.0007869685274749785 0.0
586 0.0007940220770663422 0.0
587 0.0008010756266577054 0.0
588 0.000808129176249069 0.0
589 0.0008151827258404327 0.0
590 0.0008222362754317964 0.0
591 0.00082928982502316 0.0
592 0.0008363433746145237 0.0
593 0.0008433969242058873 0.0
594 0.0008504504737972506 0.0
595 0.0008575040233886142 0.0
596 0.0008645575729799779 0.0
597 0.0008716111225713411 0.0
598 0.0008786646721627052 0.0
599 0.0008857182217540688 0.0
600 0.0008927717713454321 0.0
601 0.0008998253209367953 0.0
602 0.0009068788705281594 0.0
603 0.000913932420119523 0.0
604 0.0009209859697108863 0.0
605 0.0009280395193022504 0.0
606 0.0009350930688936132 0.0
607 0.0009421466184849773 0.0
608 0.0009492001680763405 0.0
609 0.0009562537176677041 0.0
610 0.0009633072672590682 0.0
611 0.0009703608168504315 0.0
612 0.0009774143664417951 0.0
613 0.0009844679160331583 0.0
614 0.0009915214656245224 0.0
615 0.0009985750152158857 0.0
616 0.0010056285648072493 0.0
617 0.0010126821143986134 0.0
618 0.0010197356639899766 0.0
619 0.0010267892135813403 0.0
620 0.0010338427631727035 0.0
621 0.0010408963127640672 0.0
622 0.0010479498623554304 0.0
623 0.0010550034119467945 0.0
624 0.0010620569615381581 0.0
625 0.0010691105111295214 0.0
626 0.0010761640607208855 0.0
627 0.0010832176103122487 0.0
628 0.0010902711599036123 0.0
629 0.0010973247094949764 0.0
630 0.0011043782590863397 0.0
631 0.0011114318086777033 0.0
632 0.0011184853582690665 0.0
633 0.0011255389078604302 0.0
634 0.0011325924574517934 0.0
635 0.0011396460070431575 0.0
636 0.0011466995566345212 0.0
637 0.0011537531062258844 0.0
638 0.0011608066558172485 0.0
639 0.0011678602054086117 0.0
640 0.0011749137549999754 0.0
641 0.0011819673045913386 0.0
642 0.0011890208541827027 0.0
643 0.0011960744037740664 0.0
644 0.0012031279533654296 0.0
645 0.0012101815029567932 0.0
646 0.0012172350525481565 0.0
647 0.0012242886021395206 0.0
648 0.0012313421517308838 0.0
649 0.0012383957013222474 0.0
650 0.0012454492509136115 0.0
651 0.0012525028005049748 0.0
652 0.0012595563500963384 0.0
653 0.0012666098996877016 0.0
654 0.0012736634492790657 0.0
655 0.001280716998870429 0.0
656 0.0012877705484617926 0.0
657 0.0012948240980531563 0.0
658 0.0013018776476445195 0.0
659 0.0013089311972358836 0.0
660 0.0013159847468272468 0.0
661 0.0013230382964186105 0.0
662 0.0013300918460099737 0.0
663 0.0013371453956013378 0.0
664 0.0013441989451927015 0.0
665 0.0013512524947840647 0.0
666 0.0013583060443754288 0.0
667 0.001365359593966792 0.0
668 0.0013724131435581557 0.0
669 0.0013794666931495189 0.0
670 0.0013865202427408825 0.0
671 0.0013935737923322466 0.0
672 0.0014006273419236099 0.0
673 0.0014076808915149735 0.0
674 0.0014147344411063367 0.0
675 0.0014217879906977008 0.0
676 0.001428841540289064 0.0
677 0.0014358950898804277 0.0
678 0.0014429486394717918 0.0
679 0.001450002189063155 0.0
680 0.0014570557386545187 0.0
681 0.001464109288245882 0.0
682 0.0014711628378372456 0.0
683 0.0014782163874286088 0.0
684 0.001485269937019973 0.0
685 0.0014923234866113366 0.0
686 0.0014993770362026998 0.0
687 0.0015064305857940639 0.0
688 0.001513484135385427 0.0
689 0.0015205376849767908 0.0
690 0.001527591234568154 0.0
691 0.001534644784159518 0.0
692 0.0015416983337508817 0.0
693 0.001548751883342245 0.0
694 0.0015558054329336086 0.0
695 0.0015628589825249718 0.0
696 0.001569912532116336 0.0
697 0.0015769660817076992 0.0
698 0.0015840196312990628 0.0
699 0.001591073180890427 0.0
700 0.0015981267304817901 0.0
701 0.0016051802800731538 0.0
702 0.001612233829664517 0.0
703 0.0016192873792558811 0.0
704 0.0016263409288472443 0.0
705 0.001633394478438608 0.0
706 0.0016404480280299717 0.0
707 0.0016475015776213349 0.0
708 0.001654555127212699 0.0
709 0.0016616086768040622 0.0
710 0.0016686622263954259 0.0
711 0.001675715775986789 0.0
712 0.0016827693255781532 0.0
713 0.0016898228751695168 0.0
714 0.00169687642476088 0.0
715 0.0017039299743522441 0.0
716 0.0017109835239436074 0.0
717 0.001718037073534971 0.0
718 0.0017250906231263343 0.0
719 0.001732144172717698 0.0
720 0.001739197722309062 0.0
721 0.0017462512719004252 0.0
722 0.0017533048214917889 0.0
723 0.0017603583710831521 0.0
724 0.0017674119206745162 0.0
725 0.0017744654702658794 0.0
726 0.001781519019857243 0.0
727 0.0017885725694486072 0.0
728 0.0017956261190399704 0.0
729 0.001802679668631334 0.0
730 0.0018097332182226973 0.0
731 0.001816786767814061 0.0
732 0.0018238403174054242 0.0
733 0.0018308938669967883 0.0
734 0.001837947416588152 0.0
735 0.0018450009661795152 0.0
736 0.0018520545157708792 0.0
737 0.0018591080653622425 0.0
738 0.0018661616149536061 0.0
739 0.0018732151645449694 0.0
740 0.0018802687141363334 0.0
741 0.001887322263727697 0.0
742 0.0018943758133190603 0.0
743 0.001901429362910424 0.0
744 0.0019084829125017872 0.0
745 0.0019155364620931513 0.0
746 0.0019225900116845145 0.0
747 0.0019296435612758782 0.0
748 0.0019366971108672423 0.0
749 0.0019437506604586055 0.0
750 0.0019508042100499692 0.0
751 0.0019578577596413324 0.0
752 0.0019649113092326965 0.0
753 0.0019719648588240597 0.0
754 0.001979018408415423 0.0
755 0.0019860719580067875 0.0
756 0.0019931255075981502 0.0
757 0.002000179057189514 0.0
758 0.0020072326067808776 0.0
759 0.0020142861563722412 0.0
760 0.002021339705963605 0.0
761 0.0020283932555549685 0.0
762 0.002035446805146332 0.0
763 0.002042500354737696 0.0
764 0.0020495539043290595 0.0
765 0.0020566074539204223 0.0
766 0.002063661003511786 0.0
767 0.0020707145531031496 0.0
768 0.0020777681026945133 0.0
769 0.002084821652285877 0.0
770 0.0020918752018772406 0.0
771 0.0020989287514686043 0.0
772 0.002105982301059968 0.0
773 0.0021130358506513316 0.0
774 0.0021200894002426944 0.0
775 0.002127142949834059 0.0
776 0.0021341964994254226 0.0
777 0.0021412500490167853 0.0
778 0.002148303598608149 0.0
779 0.0021553571481995127 0.0
780 0.0021624106977908763 0.0
781 0.00216946424738224 0.0
782 0.0021765177969736036 0.0
783 0.0021835713465649673 0.0
784 0.002190624896156331 0.0
785 0.0021976784457476946 0.0
786 0.0022047319953390574 0.0
787 0.002211785544930422 0.0
788 0.0022188390945217847 0.0
789 0.0022258926441131484 0.0
790 0.002232946193704512 0.0
791 0.0022399997432958757 0.0
792 0.0022470532928872394 0.0
793 0.002254106842478603 0.0
794 0.0022611603920699667 0.0
795 0.0022682139416613295 0.0
796 0.002275267491252694 0.0
797 0.0022823210408440577 0.0
798 0.0022893745904354204 0.0
799 0.002296428140026785 0.0
800 0.0023034816896181478 0.0
801 0.0023105352392095114 0.0
802 0.002317588788800875 0.0
803 0.0023246423383922387 0.0
804 0.0023316958879836024 0.0
805 0.002338749437574966 0.0
806 0.0023458029871663297 0.0
807 0.0023528565367576925 0.0
808 0.002359910086349057 0.0
809 0.0023669636359404207 0.0
810 0.0023740171855317835 0.0
811 0.002381070735123148 0.0
812 0.002388124284714511 0.0
813 0.0023951778343058745 0.0
814 0.002402231383897238 0.0
815 0.0024092849334886018 0.0
816 0.0024163384830799654 0.0
817 0.002423392032671329 0.0
818 0.0024304455822626927 0.0
819 0.0024374991318540555 0.0
820 0.00244455268144542 0.0
821 0.002451606231036783 0.0
822 0.0024586597806281465 0.0
823 0.002465713330219511 0.0
824 0.002472766879810874 0.0
825 0.0024798204294022375 0.0
826 0.002486873978993601 0.0
827 0.002493927528584965 0.0
828 0.0025009810781763276 0.0
829 0.002508034627767692 0.0
830 0.002515088177359056 0.0
831 0.0025221417269504186 0.0
832 0.002529195276541783 0.0
833 0.002536248826133146 0.0
834 0.0025433023757245096 0.0
835 0.002550355925315873 0.0
836 0.002557409474907237 0.0
837 0.0025644630244986005 0.0
838 0.002571516574089964 0.0
839 0.002578570123681328 0.0
840 0.0025856236732726906 0.0
841 0.002592677222864055 0.0
842 0.002599730772455418 0.0
843 0.0026067843220467816 0.0
844 0.002613837871638146 0.0
845 0.002620891421229509 0.0
846 0.0026279449708208726 0.0
847 0.0026349985204122362 0.0
848 0.0026420520700036 0.0
849 0.0026491056195949636 0.0
850 0.0026561591691863272 0.0
851 0.002663212718777691 0.0
852 0.0026702662683690537 0.0
853 0.002677319817960418 0.0
854 0.002684373367551781 0.0
855 0.0026914269171431447 0.0
856 0.0026984804667345083 0.0
857 0.002705534016325872 0.0
858 0.0027125875659172356 0.0
859 0.0027196411155085993 0.0
860 0.002726694665099963 0.0
861 0.0027337482146913266 0.0
862 0.0027408017642826903 0.0
863 0.002747855313874053 0.0
864 0.0027549088634654167 0.0
865 0.0027619624130567812 0.0
866 0.002769015962648144 0.0
867 0.0027760695122395077 0.0
868 0.0027831230618308713 0.0
869 0.002790176611422235 0.0
870 0.0027972301610135987 0.0
871 0.0028042837106049623 0.0
872 0.002811337260196326 0.0
873 0.0028183908097876896 0.0
874 0.0028254443593790533 0.0
875 0.002832497908970416 0.0
876 0.0028395514585617797 0.0
877 0.0028466050081531434 0.0
878 0.002853658557744507 0.0
879 0.0028607121073358707 0.0
880 0.0028677656569272344 0.0
881 0.002874819206518598 0.0
882 0.0028818727561099617 0.0
883 0.0028889263057013254 0.0
884 0.002895979855292688 0.0
885 0.0029030334048840527 0.0
886 0.0029100869544754163 0.0
887 0.002917140504066779 0.0
888 0.002924194053658143 0.0
889 0.0029312476032495064 0.0
890 0.00293830115284087 0.0
891 0.0029453547024322338 0.0
892 0.0029524082520235974 0.0
893 0.002959461801614961 0.0
894 0.0029665153512063247 0.0
895 0.0029735689007976884 0.0
896 0.002980622450389051 0.0
897 0.0029876759999804157 0.0
898 0.0029947295495717785 0.0
899 0.003001783099163142 0.0
900 0.003008836648754506 0.0
901 0.0030158901983458695 0.0
902 0.003022943747937233 0.0
903 0.003029997297528597 0.0
904 0.0030370508471199605 0.0
905 0.0030441043967113232 0.0
906 0.0030511579463026878 0.0
907 0.0030582114958940514 0.0
908 0.0030652650454854142 0.0
909 0.0030723185950767787 0.0
910 0.0030793721446681415 0.0
911 0.003086425694259505 0.0
912 0.003093479243850869 0.0
913 0.0031005327934422325 0.0
914 0.003107586343033596 0.0
915 0.00311463989262496 0.0
916 0.0031216934422163235 0.0
917 0.0031287469918076863 0.0
918 0.003135800541399051 0.0
919 0.0031428540909904136 0.0
920 0.0031499076405817773 0.0
921 0.003156961190173142 0.0
922 0.0031640147397645046 0.0
923 0.0031710682893558682 0.0
924 0.003178121838947232 0.0
925 0.0031851753885385956 0.0
926 0.0031922289381299583 0.0
927 0.003199282487721323 0.0
928 0.0032063360373126865 0.0
929 0.0032133895869040493 0.0
930 0.003220443136495414 0.0
931 0.0032274966860867766 0.0
932 0.0032345502356781403 0.0
933 0.003241603785269504 0.0
934 0.0032486573348608676 0.0
935 0.0032557108844522313 0.0
936 0.003262764434043595 0.0
937 0.0032698179836349586 0.0
938 0.0032768715332263214 0.0
939 0.003283925082817686 0.0
940 0.0032909786324090487 0.0
941 0.0032980321820004124 0.0
942 0.003305085731591777 0.0
943 0.0033121392811831397 0.0
944 0.0033191928307745033 0.0
945 0.003326246380365867 0.0
946 0.0033332999299572307 0.0
947 0.0033403534795485943 0.0
948 0.003347407029139958 0.0
949 0.0033544605787313216 0.0
950 0.0033615141283226844 0.0
951 0.003368567677914049 0.0
952 0.0033756212275054117 0.0
953 0.0033826747770967754 0.0
954 0.003389728326688139 0.0
955 0.0033967818762795027 0.0
956 0.0034038354258708664 0.0
957 0.00341088897546223 0.0
958 0.0034179425250535937 0.0
959 0.0034249960746449573 0.0
960 0.003432049624236321 0.0
961 0.003439103173827684 0.0
962 0.0034461567234190475 0.0
963 0.003453210273010412 0.0
964 0.0034602638226017748 0.0
965 0.0034673173721931384 0.0
966 0.003474370921784502 0.0
967 0.0034814244713758657 0.0
968 0.0034884780209672294 0.0
969 0.003495531570558593 0.0
970 0.0035025851201499567 0.0
971 0.0035096386697413204 0.0
972 0.003516692219332684 0.0
973 0.003523745768924047 0.0
974 0.0035307993185154105 0.0
975 0.003537852868106775 0.0
976 0.003544906417698138 0.0
977 0.0035519599672895015 0.0
978 0.003559013516880865 0.0
979 0.003566067066472229 0.0
980 0.0035731206160635924 0.0
981 0.003580174165654956 0.0
982 0.0035872277152463198 0.0
983 0.0035942812648376834 0.0
984 0.003601334814429047 0.0
985 0.00360838836402041 0.0
986 0.0036154419136117744 0.0
987 0.003622495463203137 0.0
988 0.003629549012794501 0.0
989 0.0036366025623858645 0.0
990 0.003643656111977228 0.0
991 0.003650709661568592 0.0
992 0.0036577632111599555 0.0
993 0.003664816760751319 0.0
994 0.003671870310342682 0.0
995 0.0036789238599340465 0.0
996 0.00368597740952541 0.0
997 0.003693030959116773 0.0
998 0.0037000845087081374 0.0
999 0.0037071380582995002 0.0
1000 [0.00370714] 0.0
1001 [0.00370714] 0.0
1002 [0.00370714] 0.0
1003 [0.00370714] 0.0
1004 [0.00370714] 0.0
1005 [0.00370714] 0.0
1006 [0.00370714] 0.0
1007 [0.00370714] 0.0
1008 [0.00370714] 0.0
1009 [0.00370714] 0.0
1010 [0.00370714] 0.0
1011 [0.00370714] 0.0
1012 [0.00370714] 0.0
1013 [0.00370714] 0.0
1014 [0.00370714] 0.0
1015 [0.00370714] 0.0
1016 [0.00370714] 0.0
1017 [0.00370714] 0.0
1018 [0.00370714] 0.0
1019 [0.00370714] 0.0
1020 [0.00370714] 0.0
1021 [0.00370714] 0.0
1022 [0.00370714] 0.0
1023 [0.00370714] 0.0
1024 [0.00370714] 0.0
1025 [0.00370714] 0.0
1026 [0.00370714] 0.0
1027 [0.00370714] 0.0
1028 [0.00370714] 0.0
1029 [0.00370714] 0.0
1030 [0.00370714] 0.0
1031 [0.00370714] 0.0
1032 [0.00370714] 0.0
1033 [0.00370714] 0.0
1034 [0.00370714] 0.0
1035 [0.00370714] 0.0
1036 [0.00370714] 0.0
1037 [0.00370714] 0.0
1038 [0.00370714] 0.0
1039 [0.00370714] 0.0
1040 [0.00370714] 0.0
1041 [0.00370714] 0.0
1042 [0.00370714] 0.0
1043 [0.00370714] 0.0
1044 [0.00370714] 0.0
1045 [0.00370714] 0.0
1046 [0.00370714] 0.0
1047 [0.00370714] 0.0
1048 [0.00370714] 0.0
1049 [0.00370714] 0.0
1050 [0.00370714] 0.0
1051 [0.00370714] 0.0
1052 [0.00370714] 0.0
1053 [0.00370714] 0.0
1054 [0.00370714] 0.0
1055 [0.00370714] 0.0
1056 [0.00370714] 0.0
1057 [0.00370714] 0.0
1058 [0.00370714] 0.0
1059 [0.00370714] 0.0
1060 [0.00370714] 0.0
1061 [0.00370714] 0.0
1062 [0.00370714] 0.0
1063 [0.00370714] 0.0
1064 [0.00370714] 0.0
1065 [0.00370714] 0.0
1066 [0.00370714] 0.0
1067 [0.00370714] 0.0
1068 [0.00370714] 0.0
1069 [0.00370714] 0.0
1070 [0.00370714] 0.0
1071 [0.00370714] 0.0
1072 [0.00370714] 0.0
1073 [0.00370714] 0.0
1074 [0.00370714] 0.0
1075 [0.00370714] 0.0
1076 [0.00370714] 0.0
1077 [0.00370714] 0.0
1078 [0.00370714] 0.0
1079 [0.00370714] 0.0
1080 [0.00370714] 0.0
1081 [0.00370714] 0.0
1082 [0.00370714] 0.0
1083 [0.00370714] 0.0
1084 [0.00370714] 0.0
1085 [0.00370714] 0.0
1086 [0.00370714] 0.0
1087 [0.00370714] 0.0
1088 [0.00370714] 0.0
1089 [0.00370714] 0.0
1090 [0.00370714] 0.0
1091 [0.00370714] 0.0
1092 [0.00370714] 0.0
1093 [0.00370714] 0.0
1094 [0.00370714] 0.0
1095 [0.00370714] 0.0
1096 [0.00370714] 0.0
1097 [0.00370714] 0.0
1098 [0.00370714] 0.0
1099 [0.00370714] 0.0
1100 [0.00370714] 0.0
1101 [0.00370714] 0.0
1102 [0.00370714] 0.0
1103 [0.00370714] 0.0
1104 [0.00370714] 0.0
1105 [0.00370714] 0.0
1106 [0.00370714] 0.0
1107 [0.00370714] 0.0
1108 [0.00370714] 0.0
1109 [0.00370714] 0.0
1110 [0.00370714] 0.0
1111 [0.00370714] 0.0
1112 [0.00370714] 0.0
1113 [0.00370714] 0.0
1114 [0.00370714] 0.0
1115 [0.00370714] 0.0
1116 [0.00370714] 0.0
1117 [0.00370714] 0.0
1118 [0.00370714] 0.0
1119 [0.00370714] 0.0
1120 [0.00370714] 0.0
1121 [0.00370714] 0.0
1122 [0.00370714] 0.0
1123 [0.00370714] 0.0
1124 [0.00370714] 0.0
1125 [0.00370714] 0.0
1126 [0.00370714] 0.0
1127 [0.00370714] 0.0
1128 [0.00370714] 0.0
1129 [0.00370714] 0.0
1130 [0.00370714] 0.0
1131 [0.00370714] 0.0
1132 [0.00370714] 0.0
1133 [0.00370714] 0.0
1134 [0.00370714] 0.0
1135 [0.00370714] 0.0
1136 [0.00370714] 0.0
1137 [0.00370714] 0.0
1138 [0.00370714] 0.0
1139 [0.00370714] 0.0
1140 [0.00370714] 0.0
1141 [0.00370714] 0.0
1142 [0.00370714] 0.0
1143 [0.00370714] 0.0
1144 [0.00370714] 0.0
1145 [0.00370714] 0.0
1146 [0.00370714] 0.0
1147 [0.00370714] 0.0
1148 [0.00370714] 0.0
1149 [0.00370714] 0.0
1150 [0.00370714] 0.0
1151 [0.00370714] 0.0
1152 [0.00370714] 0.0
1153 [0.00370714] 0.0
1154 [0.00370714] 0.0
1155 [0.00370714] 0.0
1156 [0.00370714] 0.0
1157 [0.00370714] 0.0
1158 [0.00370714] 0.0
1159 [0.00370714] 0.0
1160 [0.00370714] 0.0
1161 [0.00370714] 0.0
1162 [0.00370714] 0.0
1163 [0.00370714] 0.0
1164 [0.00370714] 0.0
1165 [0.00370714] 0.0
1166 [0.00370714] 0.0
1167 [0.00370714] 0.0
1168 [0.00370714] 0.0
1169 [0.00370714] 0.0
1170 [0.00370714] 0.0
1171 [0.00370714] 0.0
1172 [0.00370714] 0.0
1173 [0.00370714] 0.0
1174 [0.00370714] 0.0
1175 [0.00370714] 0.0
1176 [0.00370714] 0.0
1177 [0.00370714] 0.0
1178 [0.00370714] 0.0
1179 [0.00370714] 0.0
1180 [0.00370714] 0.0
1181 [0.00370714] 0.0
1182 [0.00370714] 0.0
1183 [0.00370714] 0.0
1184 [0.00370714] 0.0
1185 [0.00370714] 0.0
1186 [0.00370714] 0.0
1187 [0.00370714] 0.0
1188 [0.00370714] 0.0
1189 [0.00370714] 0.0
1190 [0.00370714] 0.0
1191 [0.00370714] 0.0
1192 [0.00370714] 0.0
1193 [0.00370714] 0.0
1194 [0.00370714] 0.0
1195 [0.00370714] 0.0
1196 [0.00370714] 0.0
1197 [0.00370714] 0.0
1198 [0.00370714] 0.0
1199 [0.00370714] 0.0
1200 0.0037071380582995002 0.0
1201 0.0037000845087081366 0.0
1202 0.003693030959116773 0.0
1203 0.0036859774095254092 0.0
1204 0.0036789238599340465 0.0
1205 0.003671870310342682 0.0
1206 0.003664816760751319 0.0
1207 0.0036577632111599555 0.0
1208 0.003650709661568591 0.0
1209 0.003643656111977228 0.0
1210 0.0036366025623858645 0.0
1211 0.003629549012794501 0.0
1212 0.003622495463203137 0.0
1213 0.0036154419136117744 0.0
1214 0.00360838836402041 0.0
1215 0.003601334814429046 0.0
1216 0.0035942812648376834 0.0
1217 0.003587227715246319 0.0
1218 0.003580174165654956 0.0
1219 0.0035731206160635924 0.0
1220 0.003566067066472229 0.0
1221 0.003559013516880865 0.0
1222 0.0035519599672895015 0.0
1223 0.003544906417698138 0.0
1224 0.003537852868106774 0.0
1225 0.0035307993185154105 0.0
1226 0.003523745768924047 0.0
1227 0.003516692219332684 0.0
1228 0.0035096386697413204 0.0
1229 0.003502585120149956 0.0
1230 0.003495531570558593 0.0
1231 0.0034884780209672294 0.0
1232 0.0034814244713758657 0.0
1233 0.003474370921784502 0.0
1234 0.0034673173721931384 0.0
1235 0.0034602638226017748 0.0
1236 0.003453210273010411 0.0
1237 0.0034461567234190475 0.0
1238 0.003439103173827684 0.0
1239 0.003432049624236321 0.0
1240 0.0034249960746449573 0.0
1241 0.0034179425250535937 0.0
1242 0.00341088897546223 0.0
1243 0.0034038354258708664 0.0
1244 0.0033967818762795027 0.0
1245 0.003389728326688139 0.0
1246 0.0033826747770967754 0.0
1247 0.0033756212275054117 0.0
1248 0.003368567677914048 0.0
1249 0.0033615141283226844 0.0
1250 0.0033544605787313208 0.0
1251 0.003347407029139958 0.0
1252 0.0033403534795485943 0.0
1253 0.0033332999299572307 0.0
1254 0.003326246380365867 0.0
1255 0.0033191928307745033 0.0
1256 0.0033121392811831397 0.0
1257 0.003305085731591776 0.0
1258 0.0032980321820004124 0.0
1259 0.0032909786324090487 0.0
1260 0.003283925082817686 0.0
1261 0.0032768715332263214 0.0
1262 0.0032698179836349577 0.0
1263 0.003262764434043595 0.0
1264 0.0032557108844522313 0.0
1265 0.0032486573348608676 0.0
1266 0.003241603785269504 0.0
1267 0.0032345502356781403 0.0
1268 0.0032274966860867766 0.0
1269 0.003220443136495414 0.0
1270 0.0032133895869040493 0.0
1271 0.0032063360373126857 0.0
1272 0.003199282487721323 0.0
1273 0.0031922289381299583 0.0
1274 0.0031851753885385956 0.0
1275 0.003178121838947232 0.0
1276 0.0031710682893558682 0.0
1277 0.0031640147397645046 0.0
1278 0.003156961190173141 0.0
1279 0.0031499076405817773 0.0
1280 0.0031428540909904136 0.0
1281 0.003135800541399051 0.0
1282 0.0031287469918076863 0.0
1283 0.0031216934422163235 0.0
1284 0.00311463989262496 0.0
1285 0.0031075863430335953 0.0
1286 0.0031005327934422325 0.0
1287 0.003093479243850869 0.0
1288 0.003086425694259505 0.0
1289 0.0030793721446681415 0.0
1290 0.003072318595076778 0.0
1291 0.0030652650454854142 0.0
1292 0.0030582114958940506 0.0
1293 0.0030511579463026878 0.0
1294 0.0030441043967113232 0.0
1295 0.0030370508471199605 0.0
1296 0.003029997297528597 0.0
1297 0.003022943747937233 0.0
1298 0.0030158901983458695 0.0
1299 0.003008836648754506 0.0
1300 0.003001783099163142 0.0
1301 0.0029947295495717785 0.0
1302 0.0029876759999804157 0.0
1303 0.002980622450389051 0.0
1304 0.0029735689007976875 0.0
1305 0.0029665153512063247 0.0
1306 0.00295946180161496 0.0
1307 0.0029524082520235974 0.0
1308 0.0029453547024322338 0.0
1309 0.0029383011528408692 0.0
1310 0.0029312476032495064 0.0
1311 0.002924194053658143 0.0
1312 0.002917140504066779 0.0
1313 0.0029100869544754155 0.0
1314 0.0029030334048840527 0.0
1315 0.002895979855292688 0.0
1316 0.0028889263057013254 0.0
1317 0.0028818727561099617 0.0
1318 0.002874819206518597 0.0
1319 0.0028677656569272344 0.0
1320 0.0028607121073358707 0.0
1321 0.002853658557744507 0.0
1322 0.0028466050081531434 0.0
1323 0.0028395514585617797 0.0
1324 0.002832497908970416 0.0
1325 0.0028254443593790533 0.0
1326 0.0028183908097876896 0.0
1327 0.002811337260196325 0.0
1328 0.0028042837106049623 0.0
1329 0.0027972301610135987 0.0
1330 0.002790176611422235 0.0
1331 0.0027831230618308713 0.0
1332 0.0027760695122395077 0.0
1333 0.002769015962648144 0.0
1334 0.0027619624130567804 0.0
1335 0.0027549088634654167 0.0
1336 0.002747855313874053 0.0
1337 0.0027408017642826894 0.0
1338 0.0027337482146913266 0.0
1339 0.002726694665099963 0.0
1340 0.0027196411155085993 0.0
1341 0.0027125875659172356 0.0
1342 0.002705534016325872 0.0
1343 0.0026984804667345083 0.0
1344 0.0026914269171431447 0.0
1345 0.002684373367551781 0.0
1346 0.0026773198179604173 0.0
1347 0.0026702662683690537 0.0
1348 0.00266321271877769 0.0
1349 0.0026561591691863272 0.0
1350 0.0026491056195949636 0.0
1351 0.002642052070003599 0.0
1352 0.0026349985204122362 0.0
1353 0.0026279449708208726 0.0
1354 0.002620891421229509 0.0
1355 0.0026138378716381453 0.0
1356 0.0026067843220467816 0.0
1357 0.002599730772455418 0.0
1358 0.002592677222864055 0.0
1359 0.0025856236732726906 0.0
1360 0.002578570123681327 0.0
1361 0.002571516574089964 0.0
1362 0.0025644630244986005 0.0
1363 0.002557409474907237 0.0
1364 0.002550355925315873 0.0
1365 0.0025433023757245096 0.0
1366 0.002536248826133146 0.0
1367 0.002529195276541783 0.0
1368 0.0025221417269504186 0.0
1369 0.002515088177359055 0.0
1370 0.002508034627767692 0.0
1371 0.0025009810781763276 0.0
1372 0.002493927528584965 0.0
1373 0.002486873978993601 0.0
1374 0.0024798204294022375 0.0
1375 0.002472766879810874 0.0
1376 0.00246571333021951 0.0
1377 0.0024586597806281465 0.0
1378 0.002451606231036783 0.0
1379 0.002444552681445419 0.0
1380 0.0024374991318540555 0.0
1381 0.0024304455822626927 0.0
1382 0.002423392032671329 0.0
1383 0.0024163384830799646 0.0
1384 0.0024092849334886018 0.0
1385 0.002402231383897238 0.0
1386 0.0023951778343058745 0.0
1387 0.002388124284714511 0.0
1388 0.002381070735123147 0.0
1389 0.0023740171855317835 0.0
1390 0.00236696363594042 0.0
1391 0.002359910086349057 0.0
1392 0.0023528565367576925 0.0
1393 0.002345802987166329 0.0
1394 0.002338749437574966 0.0
1395 0.0023316958879836024 0.0
1396 0.0023246423383922387 0.0
1397 0.002317588788800875 0.0
1398 0.0023105352392095114 0.0
1399 0.0023034816896181478 0.0
1400 0.002296428140026785 0.0
1401 0.0022893745904354204 0.0
1402 0.002282321040844057 0.0
1403 0.002275267491252694 0.0
1404 0.0022682139416613303 0.0
1405 0.0022611603920699667 0.0
1406 0.002254106842478603 0.0
1407 0.0022470532928872385 0.0
1408 0.0022399997432958757 0.0
1409 0.002232946193704512 0.0
1410 0.0022258926441131484 0.0
1411 0.0022188390945217847 0.0
1412 0.002211785544930421 0.0
1413 0.0022047319953390574 0.0
1414 0.0021976784457476946 0.0
1415 0.002190624896156331 0.0
1416 0.0021835713465649664 0.0
1417 0.0021765177969736036 0.0
1418 0.00216946424738224 0.0
1419 0.0021624106977908763 0.0
1420 0.0021553571481995127 0.0
1421 0.002148303598608149 0.0
1422 0.0021412500490167853 0.0
1423 0.0021341964994254226 0.0
1424 0.002127142949834059 0.0
1425 0.0021200894002426944 0.0
1426 0.0021130358506513307 0.0
1427 0.002105982301059968 0.0
1428 0.0020989287514686043 0.0
1429 0.0020918752018772406 0.0
1430 0.002084821652285877 0.0
1431 0.0020777681026945133 0.0
1432 0.0020707145531031496 0.0
1433 0.002063661003511786 0.0
1434 0.0020566074539204223 0.0
1435 0.0020495539043290587 0.0
1436 0.002042500354737696 0.0
1437 0.002035446805146332 0.0
1438 0.0020283932555549685 0.0
1439 0.002021339705963605 0.0
1440 0.0020142861563722404 0.0
1441 0.0020072326067808776 0.0
1442 0.002000179057189514 0.0
1443 0.0019931255075981502 0.0
1444 0.0019860719580067866 0.0
1445 0.001979018408415423 0.0
1446 0.0019719648588240597 0.0
1447 0.0019649113092326965 0.0
1448 0.0019578577596413324 0.0
1449 0.0019508042100499687 0.0
1450 0.0019437506604586055 0.0
1451 0.0019366971108672423 0.0
1452 0.0019296435612758782 0.0
1453 0.0019225900116845145 0.0
1454 0.0019155364620931504 0.0
1455 0.0019084829125017872 0.0
1456 0.001901429362910424 0.0
1457 0.0018943758133190603 0.0
1458 0.0018873222637276967 0.0
1459 0.0018802687141363334 0.0
1460 0.0018732151645449694 0.0
1461 0.0018661616149536061 0.0
1462 0.0018591080653622425 0.0
1463 0.0018520545157708784 0.0
1464 0.0018450009661795152 0.0
1465 0.001837947416588152 0.0
1466 0.0018308938669967883 0.0
1467 0.0018238403174054242 0.0
1468 0.0018167867678140605 0.0
1469 0.0018097332182226973 0.0
1470 0.001802679668631334 0.0
1471 0.0017956261190399704 0.0
1472 0.0017885725694486063 0.0
1473 0.001781519019857243 0.0
1474 0.0017744654702658794 0.0
1475 0.0017674119206745162 0.0
1476 0.0017603583710831521 0.0
1477 0.0017533048214917885 0.0
1478 0.0017462512719004252 0.0
1479 0.001739197722309062 0.0
1480 0.001732144172717698 0.0
1481 0.0017250906231263343 0.0
1482 0.0017180370735349706 0.0
1483 0.0017109835239436074 0.0
1484 0.0017039299743522441 0.0
1485 0.00169687642476088 0.0
1486 0.0016898228751695164 0.0
1487 0.0016827693255781532 0.0
1488 0.001675715775986789 0.0
1489 0.0016686622263954259 0.0
1490 0.0016616086768040622 0.0
1491 0.001654555127212698 0.0
1492 0.0016475015776213349 0.0
1493 0.0016404480280299717 0.0
1494 0.001633394478438608 0.0
1495 0.0016263409288472443 0.0
1496 0.0016192873792558802 0.0
1497 0.001612233829664517 0.0
1498 0.0016051802800731538 0.0
1499 0.0015981267304817901 0.0
1500 0.001591073180890426 0.0
1501 0.0015840196312990624 0.0
1502 0.0015769660817076992 0.0
1503 0.001569912532116336 0.0
1504 0.0015628589825249718 0.0
1505 0.0015558054329336082 0.0
1506 0.001548751883342245 0.0
1507 0.0015416983337508817 0.0
1508 0.001534644784159518 0.0
1509 0.001527591234568154 0.0
1510 0.0015205376849767903 0.0
1511 0.001513484135385427 0.0
1512 0.0015064305857940639 0.0
1513 0.0014993770362026998 0.0
1514 0.0014923234866113361 0.0
1515 0.001485269937019972 0.0
1516 0.0014782163874286088 0.0
1517 0.0014711628378372456 0.0
1518 0.001464109288245882 0.0
1519 0.0014570557386545183 0.0
1520 0.001450002189063155 0.0
1521 0.0014429486394717918 0.0
1522 0.0014358950898804277 0.0
1523 0.001428841540289064 0.0
1524 0.0014217879906977 0.0
1525 0.0014147344411063367 0.0
1526 0.0014076808915149735 0.0
1527 0.0014006273419236099 0.0
1528 0.0013935737923322458 0.0
1529 0.0013865202427408821 0.0
1530 0.0013794666931495189 0.0
1531 0.0013724131435581557 0.0
1532 0.001365359593966792 0.0
1533 0.001358306044375428 0.0
1534 0.0013512524947840647 0.0
1535 0.0013441989451927015 0.0
1536 0.0013371453956013378 0.0
1537 0.0013300918460099737 0.0
1538 0.00132303829641861 0.0
1539 0.0013159847468272468 0.0
1540 0.0013089311972358836 0.0
1541 0.0013018776476445195 0.0
1542 0.0012948240980531558 0.0
1543 0.0012877705484617918 0.0
1544 0.001280716998870429 0.0
1545 0.0012736634492790657 0.0
1546 0.0012666098996877016 0.0
1547 0.001259556350096338 0.0
1548 0.0012525028005049748 0.0
1549 0.0012454492509136115 0.0
1550 0.0012383957013222474 0.0
1551 0.0012313421517308838 0.0
1552 0.0012242886021395197 0.0
1553 0.0012172350525481565 0.0
1554 0.0012101815029567932 0.0
1555 0.0012031279533654296 0.0
1556 0.001196074403774066 0.0
1557 0.0011890208541827018 0.0
1558 0.0011819673045913386 0.0
1559 0.0011749137549999754 0.0
1560 0.0011678602054086117 0.0
1561 0.0011608066558172476 0.0
1562 0.0011537531062258844 0.0
1563 0.0011466995566345212 0.0
1564 0.0011396460070431575 0.0
1565 0.0011325924574517934 0.0
1566 0.0011255389078604298 0.0
1567 0.0011184853582690665 0.0
1568 0.0011114318086777033 0.0
1569 0.0011043782590863397 0.0
1570 0.0010973247094949756 0.0
1571 0.001090271159903612 0.0
1572 0.0010832176103122487 0.0
1573 0.0010761640607208855 0.0
1574 0.0010691105111295214 0.0
1575 0.0010620569615381577 0.0
1576 0.0010550034119467945 0.0
1577 0.0010479498623554313 0.0
1578 0.0010408963127640672 0.0
1579 0.0010338427631727035 0.0
1580 0.0010267892135813394 0.0
1581 0.0010197356639899766 0.0
1582 0.0010126821143986134 0.0
1583 0.0010056285648072493 0.0
1584 0.0009985750152158857 0.0
1585 0.0009915214656245216 0.0
1586 0.0009844679160331583 0.0
1587 0.0009774143664417951 0.0
1588 0.0009703608168504315 0.0
1589 0.0009633072672590674 0.0
1590 0.0009562537176677041 0.0
1591 0.0009492001680763405 0.0
1592 0.0009421466184849773 0.0
1593 0.0009350930688936132 0.0
1594 0.0009280395193022495 0.0
1595 0.0009209859697108863 0.0
1596 0.000913932420119523 0.0
1597 0.0009068788705281594 0.0
1598 0.0008998253209367953 0.0
1599 0.0008927717713454316 0.0
1600 0.0008857182217540684 0.0
1601 0.0008786646721627052 0.0
1602 0.0008716111225713411 0.0
1603 0.0008645575729799774 0.0
1604 0.0008575040233886142 0.0
1605 0.0008504504737972501 0.0
1606 0.0008433969242058873 0.0
1607 0.0008363433746145232 0.0
1608 0.00082928982502316 0.0
1609 0.0008222362754317964 0.0
1610 0.0008151827258404323 0.0
1611 0.000808129176249069 0.0
1612 0.0008010756266577054 0.0
1613 0.0007940220770663422 0.0
1614 0.0007869685274749781 0.0
1615 0.0007799149778836148 0.0
1616 0.0007728614282922512 0.0
1617 0.0007658078787008871 0.0
1618 0.0007587543291095239 0.0
1619 0.0007517007795181602 0.0
1620 0.000744647229926797 0.0
1621 0.0007375936803354333 0.0
1622 0.0007305401307440701 0.0
1623 0.000723486581152706 0.0
1624 0.0007164330315613423 0.0
1625 0.0007093794819699791 0.0
1626 0.000702325932378615 0.0
1627 0.0006952723827872518 0.0
1628 0.0006882188331958881 0.0
1629 0.000681165283604524 0.0
1630 0.0006741117340131608 0.0
1631 0.0006670581844217972 0.0
1632 0.0006600046348304339 0.0
1633 0.0006529510852390703 0.0
1634 0.0006458975356477071 0.0
1635 0.000638843986056343 0.0
1636 0.0006317904364649793 0.0
1637 0.0006247368868736161 0.0
1638 0.000617683337282252 0.0
1639 0.0006106297876908888 0.0
1640 0.0006035762380995251 0.0
1641 0.0005965226885081619 0.0
1642 0.0005894691389167978 0.0
1643 0.0005824155893254341 0.0
1644 0.0005753620397340709 0.0
1645 0.0005683084901427072 0.0
1646 0.000561254940551344 0.0
1647 0.0005542013909599799 0.0
1648 0.0005471478413686167 0.0
1649 0.000540094291777253 0.0
1650 0.000533040742185889 0.0
1651 0.0005259871925945257 0.0
1652 0.0005189336430031621 0.0
1653 0.0005118800934117988 0.0
1654 0.0005048265438204348 0.0
1655 0.0004977729942290715 0.0
1656 0.0004907194446377079 0.0
1657 0.0004836658950463442 0.0
1658 0.000476612345454981 0.0
1659 0.0004695587958636169 0.0
1660 0.00046250524627225367 0.0
1661 0.00045545169668089 0.0
1662 0.0004483981470895268 0.0
1663 0.0004413445974981627 0.0
1664 0.00043429104790679903 0.0
1665 0.0004272374983154358 0.0
1666 0.0004201839487240717 0.0
1667 0.0004131303991327085 0.0
1668 0.00040607684954134483 0.0
1669 0.0003990232999499816 0.0
1670 0.00039196975035861795 0.0
1671 0.00038491620076725385 0.0
1672 0.00037786265117589063 0.0
1673 0.00037080910158452697 0.0
1674 0.00036375555199316375 0.0
1675 0.00035670200240179965 0.0
1676 0.00034964845281043643 0.0
1677 0.00034259490321907277 0.0
1678 0.0003355413536277087 0.0
1679 0.00032848780403634545 0.0
1680 0.0003214342544449818 0.0
1681 0.00031438070485361857 0.0
1682 0.0003073271552622549 0.0
1683 0.0003002736056708917 0.0
1684 0.0002932200560795276 0.0
1685 0.00028616650648816393 0.0
1686 0.0002791129568968007 0.0
1687 0.0002720594073054366 0.0
1688 0.0002650058577140734 0.0
1689 0.00025795230812270973 0.0
1690 0.0002508987585313465 0.0
1691 0.00024384520893998242 0.0
1692 0.00023679165934861876 0.0
1693 0.00022973810975725553 0.0
1694 0.00022268456016589187 0.0
1695 0.00021563101057452865 0.0
1696 0.00020857746098316456 0.0
1697 0.00020152391139180133 0.0
1698 0.00019447036180043767 0.0
1699 0.00018741681220907358 0.0
1700 0.00018036326261771035 0.0
1701 0.0001733097130263467 0.0
1702 0.00016625616343498347 0.0
1703 0.00015920261384361938 0.0
1704 0.00015214906425225615 0.0
1705 0.0001450955146608925 0.0
1706 0.00013804196506952884 0.0
1707 0.0001309884154781656 0.0
1708 0.00012393486588680152 0.0
1709 0.0001168813162954383 0.0
1710 0.00010982776670407464 0.0
1711 0.00010277421711271141 0.0
1712 9.572066752134732e-05 0.0
1713 8.866711792998366e-05 0.0
1714 8.161356833862043e-05 0.0
1715 7.456001874725634e-05 0.0
1716 6.750646915589312e-05 0.0
1717 6.045291956452946e-05 0.0
1718 5.3399369973166234e-05 0.0
1719 4.6345820381802575e-05 0.0
1720 3.929227079043848e-05 0.0
1721 3.223872119907526e-05 0.0
1722 2.51851716077116e-05 0.0
1723 1.8131622016348374e-05 0.0
1724 1.1078072424984499e-05 0.0
1725 4.0245228336212736e-06 0.0
1726 -3.029026757742602e-06 0.0
1727 -1.0082576349106477e-05 0.0
1728 -1.7136125940469702e-05 0.0
1729 -2.4189675531833578e-05 0.0
1730 -3.12432251231968e-05 0.0
1731 -3.829677471456068e-05 0.0
1732 -4.5350324305923903e-05 0.0
1733 -5.240387389728778e-05 0.0
1734 -5.945742348865144e-05 0.0
1735 -6.651097308001466e-05 0.0
1736 -7.356452267137854e-05 0.0
1737 -8.061807226274176e-05 0.0
1738 -8.767162185410564e-05 0.0
1739 -9.472517144546886e-05 0.0
1740 -0.00010177872103683274 0.0
1741 -0.00010883227062819661 0.0
1742 -0.00011588582021955984 0.0
1743 -0.00012293936981092372 0.0
1744 -0.00012999291940228694 0.0
1745 -0.00013704646899365082 0.0
1746 -0.00014410001858501404 0.0
1747 -0.0001511535681763777 0.0
1748 -0.00015820711776774157 0.0
1749 -0.0001652606673591048 0.0
1750 -0.00017231421695046868 0.0
1751 -0.0001793677665418319 0.0
1752 -0.00018642131613319578 0.0
1753 -0.000193474865724559 0.0
1754 -0.00020052841531592288 0.0
1755 -0.00020758196490728675 0.0
1756 -0.00021463551449864998 0.0
1757 -0.00022168906409001385 0.0
1758 -0.00022874261368137708 0.0
1759 -0.00023579616327274074 0.0
1760 -0.00024284971286410396 0.0
1761 -0.00024990326245546784 0.0
1762 -0.0002569568120468317 0.0
1763 -0.00026401036163819494 0.0
1764 -0.0002710639112295588 0.0
1765 -0.00027811746082092204 0.0
1766 -0.0002851710104122859 0.0
1767 -0.00029222456000364914 0.0
1768 -0.000299278109595013 0.0
1769 -0.0003063316591863769 0.0
1770 -0.0003133852087777401 0.0
1771 -0.000320438758369104 0.0
1772 -0.000327492307960467 0.0
1773 -0.0003345458575518309 0.0
1774 -0.0003415994071431941 0.0
1775 -0.000348652956734558 0.0
1776 -0.00035570650632592185 0.0
1777 -0.0003627600559172851 0.0
1778 -0.00036981360550864895 0.0
1779 -0.0003768671551000122 0.0
1780 -0.00038392070469137605 0.0
1781 -0.0003909742542827393 0.0
1782 -0.00039802780387410315 0.0
1783 -0.000405081353465467 0.0
1784 -0.00041213490305683003 0.0
1785 -0.0004191884526481939 0.0
1786 -0.00042624200223955713 0.0
1787 -0.000433295551830921 0.0
1788 -0.00044034910142228424 0.0
1789 -0.0004474026510136481 0.0
1790 -0.000454456200605012 0.0
1791 -0.0004615097501963752 0.0
1792 -0.0004685632997877391 0.0
1793 -0.0004756168493791023 0.0
1794 -0.0004826703989704662 0.0
1795 -0.0004897239485618294 0.0
1796 -0.0004967774981531933 0.0
1797 -0.000503831047744557 0.0
1798 -0.0005108845973359202 0.0
1799 -0.000517938146927284 0.0
1800 -0.0005249916965186473 0.0
1801 -0.0005320452461100111 0.0
1802 -0.000539098795701375 0.0
1803 -0.0005461523452927382 0.0
1804 -0.0005532058948841021 0.0
1805 -0.0005602594444754653 0.0
1806 -0.0005673129940668292 0.0
1807 -0.0005743665436581924 0.0
1808 -0.0005814200932495563 0.0
1809 -0.00058847364284092 0.0
1810 -0.0005955271924322832 0.0
1811 -0.0006025807420236471 0.0
1812 -0.0006096342916150103 0.0
1813 -0.0006166878412063742 0.0
1814 -0.0006237413907977374 0.0
1815 -0.0006307949403891013 0.0
1816 -0.0006378484899804652 0.0
1817 -0.0006449020395718284 0.0
1818 -0.0006519555891631923 0.0
1819 -0.0006590091387545555 0.0
1820 -0.0006660626883459194 0.0
1821 -0.0006731162379372826 0.0
1822 -0.0006801697875286462 0.0
1823 -0.0006872233371200101 0.0
1824 -0.0006942768867113733 0.0
1825 -0.0007013304363027372 0.0
1826 -0.0007083839858941004 0.0
1827 -0.0007154375354854643 0.0
1828 -0.0007224910850768275 0.0
1829 -0.0007295446346681914 0.0
1830 -0.0007365981842595553 0.0
1831 -0.0007436517338509185 0.0
1832 -0.0007507052834422824 0.0
1833 -0.0007577588330336456 0.0
1834 -0.0007648123826250093 0.0
1835 -0.0007718659322163725 0.0
1836 -0.0007789194818077364 0.0
1837 -0.0007859730313991003 0.0
1838 -0.0007930265809904635 0.0
1839 -0.0008000801305818274 0.0
1840 -0.0008071336801731906 0.0
1841 -0.0008141872297645545 0.0
1842 -0.0008212407793559177 0.0
1843 -0.0008282943289472816 0.0
1844 -0.0008353478785386454 0.0
1845 -0.0008424014281300087 0.0
1846 -0.0008494549777213723 0.0
1847 -0.0008565085273127355 0.0
1848 -0.0008635620769040994 0.0
1849 -0.0008706156264954626 0.0
1850 -0.0008776691760868265 0.0
1851 -0.0008847227256781904 0.0
1852 -0.0008917762752695536 0.0
1853 -0.0008988298248609175 0.0
1854 -0.0009058833744522807 0.0
1855 -0.0009129369240436446 0.0
1856 -0.0009199904736350078 0.0
1857 -0.0009270440232263717 0.0
1858 -0.0009340975728177354 0.0
1859 -0.0009411511224090986 0.0
1860 -0.0009482046720004625 0.0
1861 -0.0009552582215918257 0.0
1862 -0.0009623117711831896 0.0
1863 -0.0009693653207745528 0.0
1864 -0.0009764188703659167 0.0
1865 -0.0009834724199572805 0.0
1866 -0.0009905259695486438 0.0
1867 -0.0009975795191400076 0.0
1868 -0.0010046330687313709 0.0
1869 -0.0010116866183227345 0.0
1870 -0.0010187401679140977 0.0
1871 -0.0010257937175054618 0.0
1872 -0.0010328472670968255 0.0
1873 -0.0010399008166881887 0.0
1874 -0.0010469543662795526 0.0
1875 -0.0010540079158709158 0.0
1876 -0.0010610614654622797 0.0
1877 -0.001068115015053643 0.0
1878 -0.0010751685646450068 0.0
1879 -0.0010822221142363707 0.0
1880 -0.001089275663827734 0.0
1881 -0.0010963292134190976 0.0
1882 -0.0011033827630104608 0.0
1883 -0.0011104363126018249 0.0
1884 -0.001117489862193188 0.0
1885 -0.0011245434117845518 0.0
1886 -0.0011315969613759156 0.0
1887 -0.0011386505109672789 0.0
1888 -0.0011457040605586427 0.0
1889 -0.001152757610150006 0.0
1890 -0.0011598111597413698 0.0
1891 -0.001166864709332733 0.0
1892 -0.001173918258924097 0.0
1893 -0.0011809718085154606 0.0
1894 -0.0011880253581068238 0.0
1895 -0.001195078907698188 0.0
1896 -0.0012021324572895511 0.0
1897 -0.0012091860068809148 0.0
1898 -0.001216239556472278 0.0
1899 -0.0012232931060636419 0.0
1900 -0.0012303466556550058 0.0
1901 -0.001237400205246369 0.0
1902 -0.0012444537548377329 0.0
1903 -0.001251507304429096 0.0
1904 -0.00125856085402046 0.0
1905 -0.0012656144036118232 0.0
1906 -0.0012726679532031869 0.0
1907 -0.001279721502794551 0.0
1908 -0.0012867750523859142 0.0
1909 -0.0012938286019772778 0.0
1910 -0.001300882151568641 0.0
1911 -0.001307935701160005 0.0
1912 -0.0013149892507513682 0.0
1913 -0.001322042800342732 0.0
1914 -0.001329096349934096 0.0
1915 -0.0013361498995254591 0.0
1916 -0.001343203449116823 0.0
1917 -0.0013502569987081862 0.0
1918 -0.0013573105482995499 0.0
1919 -0.0013643640978909131 0.0
1920 -0.0013714176474822772 0.0
1921 -0.0013784711970736409 0.0
1922 -0.001385524746665004 0.0
1923 -0.001392578296256368 0.0
1924 -0.0013996318458477312 0.0
1925 -0.001406685395439095 0.0
1926 -0.0014137389450304583 0.0
1927 -0.0014207924946218222 0.0
1928 -0.001427846044213186 0.0
1929 -0.0014348995938045493 0.0
1930 -0.001441953143395913 0.0
1931 -0.0014490066929872761 0.0
1932 -0.0014560602425786402 0.0
1933 -0.0014631137921700035 0.0
1934 -0.0014701673417613671 0.0
1935 -0.001477220891352731 0.0
1936 -0.0014842744409440942 0.0
1937 -0.001491327990535458 0.0
1938 -0.0014983815401268213 0.0
1939 -0.0015054350897181852 0.0
1940 -0.0015124886393095484 0.0
1941 -0.0015195421889009123 0.0
1942 -0.001526595738492276 0.0
1943 -0.0015336492880836392 0.0
1944 -0.0015407028376750033 0.0
1945 -0.0015477563872663665 0.0
1946 -0.0015548099368577302 0.0
1947 -0.0015618634864490934 0.0
1948 -0.0015689170360404573 0.0
1949 -0.0015759705856318211 0.0
1950 -0.0015830241352231844 0.0
1951 -0.0015900776848145482 0.0
1952 -0.0015971312344059115 0.0
1953 -0.0016041847839972753 0.0
1954 -0.0016112383335886386 0.0
1955 -0.0016182918831800022 0.0
1956 -0.0016253454327713663 0.0
1957 -0.0016323989823627295 0.0
1958 -0.0016394525319540932 0.0
1959 -0.0016465060815454564 0.0
1960 -0.0016535596311368203 0.0
1961 -0.0016606131807281835 0.0
1962 -0.0016676667303195474 0.0
1963 -0.0016747202799109113 0.0
1964 -0.0016817738295022745 0.0
1965 -0.0016888273790936384 0.0
1966 -0.0016958809286850016 0.0
1967 -0.0017029344782763655 0.0
1968 -0.0017099880278677294 0.0
1969 -0.0017170415774590924 0.0
1970 -0.0017240951270504562 0.0
1971 -0.0017311486766418195 0.0
1972 -0.0017382022262331833 0.0
1973 -0.0017452557758245466 0.0
1974 -0.0017523093254159104 0.0
1975 -0.0017593628750072743 0.0
1976 -0.0017664164245986375 0.0
1977 -0.0017734699741900014 0.0
1978 -0.0017805235237813646 0.0
1979 -0.0017875770733727285 0.0
1980 -0.0017946306229640915 0.0
1981 -0.0018016841725554554 0.0
1982 -0.0018087377221468193 0.0
1983 -0.0018157912717381825 0.0
1984 -0.0018228448213295464 0.0
1985 -0.0018298983709209096 0.0
1986 -0.0018369519205122735 0.0
1987 -0.0018440054701036367 0.0
1988 -0.0018510590196950006 0.0
1989 -0.0018581125692863644 0.0
1990 -0.0018651661188777277 0.0
1991 -0.0018722196684690915 0.0
1992 -0.0018792732180604548 0.0
1993 -0.0018863267676518184 0.0
1994 -0.0018933803172431817 0.0
1995 -0.0019004338668345455 0.0
1996 -0.0019074874164259094 0.0
1997 -0.0019145409660172726 0.0
1998 -0.0019215945156086365 0.0
1999 -0.0019286480651999997 0.0
2000 -0.0019286480651999997 0.0
2001 -0.0019286480651999997 0.0
2002 -0.0019286480651999997 0.0
2003 -0.0019286480651999997 0.0
2004 -0.0019286480651999997 0.0
2005 -0.0019286480651999997 0.0
2006 -0.0019286480651999997 0.0
2007 -0.0019286480651999997 0.0
2008 -0.0019286480651999997 0.0
2009 -0.0019286480651999997 0.0
2010 -0.0019286480651999997 0.0
2011 -0.0019286480651999997 0.0
2012 -0.0019286480651999997 0.0
2013 -0.0019286480651999997 0.0
2014 -0.0019286480651999997 0.0
2015 -0.0019286480651999997 0.0
2016 -0.0019286480651999997 0.0
2017 -0.0019286480651999997 0.0
2018 -0.0019286480651999997 0.0
2019 -0.0019286480651999997 0.0
2020 -0.0019286480651999997 0.0
2021 -0.0019286480651999997 0.0
2022 -0.0019286480651999997 0.0
2023 -0.0019286480651999997 0.0
2024 -0.0019286480651999997 0.0
2025 -0.0019286480651999997 0.0
2026 -0.0019286480651999997 0.0
2027 -0.0019286480651999997 0.0
2028 -0.0019286480651999997 0.0
2029 -0.0019286480651999997 0.0
2030 -0.0019286480651999997 0.0
2031 -0.0019286480651999997 0.0
2032 -0.0019286480651999997 0.0
2033 -0.0019286480651999997 0.0
2034 -0.0019286480651999997 0.0
2035 -0.0019286480651999997 0.0
2036 -0.0019286480651999997 0.0
2037 -0.0019286480651999997 0.0
2038 -0.0019286480651999997 0.0
2039 -0.0019286480651999997 0.0
2040 -0.0019286480651999997 0.0
2041 -0.0019286480651999997 0.0
2042 -0.0019286480651999997 0.0
2043 -0.0019286480651999997 0.0
2044 -0.0019286480651999997 0.0
2045 -0.0019286480651999997 0.0
2046 -0.0019286480651999997 0.0
2047 -0.0019286480651999997 0.0
2048 -0.0019286480651999997 0.0
2049 -0.0019286480651999997 0.0
2050 -0.0019286480651999997 0.0
2051 -0.0019286480651999997 0.0
2052 -0.0019286480651999997 0.0
2053 -0.0019286480651999997 0.0
2054 -0.0019286480651999997 0.0
2055 -0.0019286480651999997 0.0
2056 -0.0019286480651999997 0.0
2057 -0.0019286480651999997 0.0
2058 -0.0019286480651999997 0.0
2059 -0.0019286480651999997 0.0
2060 -0.0019286480651999997 0.0
2061 -0.0019286480651999997 0.0
2062 -0.0019286480651999997 0.0
2063 -0.0019286480651999997 0.0
2064 -0.0019286480651999997 0.0
2065 -0.0019286480651999997 0.0
2066 -0.0019286480651999997 0.0
2067 -0.0019286480651999997 0.0
2068 -0.0019286480651999997 0.0
2069 -0.0019286480651999997 0.0
2070 -0.0019286480651999997 0.0
2071 -0.0019286480651999997 0.0
2072 -0.0019286480651999997 0.0
2073 -0.0019286480651999997 0.0
2074 -0.0019286480651999997 0.0
2075 -0.0019286480651999997 0.0
2076 -0.0019286480651999997 0.0
2077 -0.0019286480651999997 0.0
2078 -0.0019286480651999997 0.0
2079 -0.0019286480651999997 0.0
2080 -0.0019286480651999997 0.0
2081 -0.0019286480651999997 0.0
2082 -0.0019286480651999997 0.0
2083 -0.0019286480651999997 0.0
2084 -0.0019286480651999997 0.0
2085 -0.0019286480651999997 0.0
2086 -0.0019286480651999997 0.0
2087 -0.0019286480651999997 0.0
2088 -0.0019286480651999997 0.0
2089 -0.0019286480651999997 0.0
2090 -0.0019286480651999997 0.0
2091 -0.0019286480651999997 0.0
2092 -0.0019286480651999997 0.0
2093 -0.0019286480651999997 0.0
2094 -0.0019286480651999997 0.0
2095 -0.0019286480651999997 0.0
2096 -0.0019286480651999997 0.0
2097 -0.0019286480651999997 0.0
2098 -0.0019286480651999997 0.0
2099 -0.0019286480651999997 0.0
2100 -0.0019286480651999997 0.0
2101 -0.0019286480651999997 0.0
2102 -0.0019286480651999997 0.0
2103 -0.0019286480651999997 0.0
2104 -0.0019286480651999997 0.0
2105 -0.0019286480651999997 0.0
2106 -0.0019286480651999997 0.0
2107 -0.0019286480651999997 0.0
2108 -0.0019286480651999997 0.0
2109 -0.0019286480651999997 0.0
2110 -0.0019286480651999997 0.0
2111 -0.0019286480651999997 0.0
2112 -0.0019286480651999997 0.0
2113 -0.0019286480651999997 0.0
2114 -0.0019286480651999997 0.0
2115 -0.0019286480651999997 0.0
2116 -0.0019286480651999997 0.0
2117 -0.0019286480651999997 0.0
2118 -0.0019286480651999997 0.0
2119 -0.0019286480651999997 0.0
2120 -0.0019286480651999997 0.0
2121 -0.0019286480651999997 0.0
2122 -0.0019286480651999997 0.0
2123 -0.0019286480651999997 0.0
2124 -0.0019286480651999997 0.0
2125 -0.0019286480651999997 0.0
2126 -0.0019286480651999997 0.0
2127 -0.0019286480651999997 0.0
2128 -0.0019286480651999997 0.0
2129 -0.0019286480651999997 0.0
2130 -0.0019286480651999997 0.0
2131 -0.0019286480651999997 0.0
2132 -0.0019286480651999997 0.0
2133 -0.0019286480651999997 0.0
2134 -0.0019286480651999997 0.0
2135 -0.0019286480651999997 0.0
2136 -0.0019286480651999997 0.0
2137 -0.0019286480651999997 0.0
2138 -0.0019286480651999997 0.0
2139 -0.0019286480651999997 0.0
2140 -0.0019286480651999997 0.0
2141 -0.0019286480651999997 0.0
2142 -0.0019286480651999997 0.0
2143 -0.0019286480651999997 0.0
2144 -0.0019286480651999997 0.0
2145 -0.0019286480651999997 0.0
2146 -0.0019286480651999997 0.0
2147 -0.0019286480651999997 0.0
2148 -0.0019286480651999997 0.0
2149 -0.0019286480651999997 0.0
2150 -0.0019286480651999997 0.0
2151 -0.0019286480651999997 0.0
2152 -0.0019286480651999997 0.0
2153 -0.0019286480651999997 0.0
2154 -0.0019286480651999997 0.0
2155 -0.0019286480651999997 0.0
2156 -0.0019286480651999997 0.0
2157 -0.0019286480651999997 0.0
2158 -0.0019286480651999997 0.0
2159 -0.0019286480651999997 0.0
2160 -0.0019286480651999997 0.0
2161 -0.0019286480651999997 0.0
2162 -0.0019286480651999997 0.0
2163 -0.0019286480651999997 0.0
2164 -0.0019286480651999997 0.0
2165 -0.0019286480651999997 0.0
2166 -0.0019286480651999997 0.0
2167 -0.0019286480651999997 0.0
2168 -0.0019286480651999997 0.0
2169 -0.0019286480651999997 0.0
2170 -0.0019286480651999997 0.0
2171 -0.0019286480651999997 0.0
2172 -0.0019286480651999997 0.0
2173 -0.0019286480651999997 0.0
2174 -0.0019286480651999997 0.0
2175 -0.0019286480651999997 0.0
2176 -0.0019286480651999997 0.0
2177 -0.0019286480651999997 0.0
2178 -0.0019286480651999997 0.0
2179 -0.0019286480651999997 0.0
2180 -0.0019286480651999997 0.0
2181 -0.0019286480651999997 0.0
2182 -0.0019286480651999997 0.0
2183 -0.0019286480651999997 0.0
2184 -0.0019286480651999997 0.0
2185 -0.0019286480651999997 0.0
2186 -0.0019286480651999997 0.0
2187 -0.0019286480651999997 0.0
2188 -0.0019286480651999997 0.0
2189 -0.0019286480651999997 0.0
2190 -0.0019286480651999997 0.0
2191 -0.0019286480651999997 0.0
2192 -0.0019286480651999997 0.0
2193 -0.0019286480651999997 0.0
2194 -0.0019286480651999997 0.0
2195 -0.0019286480651999997 0.0
2196 -0.0019286480651999997 0.0
2197 -0.0019286480651999997 0.0
2198 -0.0019286480651999997 0.0
2199 -0.0019286480651999997 0.0