2200 0.000002100546602 1.0
2
0 -0.0019286480651999997 0.0
1 -0.0019286480651999997 0.0
2 -0.0019286480651999997 0.0
3 -0.0019286480651999997 0.0
4 -0.0019286480651999997 0.0
5 -0.0019286480651999997 0.0
6 -0.0019286480651999997 0.0
7 -0.0019286480651999997 0.0
8 -0.0019286480651999997 0.0
9 -0.0019286480651999997 0.0
10 -0.0019286480651999997 0.0
11 -0.0019286480651999997 0.0
12 -0.0019286480651999997 0.0
13 -0.0019286480651999997 0.0
14 -0.0019286480651999997 0.0
15 -0.0019286480651999997 0.0
16 -0.0019286480651999997 0.0
17 -0.0019286480651999997 0.0
18 -0.0019286480651999997 0.0
19 -0.0019286480651999997 0.0
20 -0.0019286480651999997 0.0
21 -0.0019286480651999997 0.0
22 -0.0019286480651999997 0.0
23 -0.0019286480651999997 0.0
24 -0.0019286480651999997 0.0
25 -0.0019286480651999997 0.0
26 -0.0019286480651999997 0.0
27 -0.0019286480651999997 0.0
28 -0.0019286480651999997 0.0
29 -0.0019286480651999997 0.0
30 -0.0019286480651999997 0.0
31 -0.0019286480651999997 0.0
32 -0.0019286480651999997 0.0
33 -0.0019286480651999997 0.0
34 -0.0019286480651999997 0.0
35 -0.0019286480651999997 0.0
36 -0.0019286480651999997 0.0
37 -0.0019286480651999997 0.0
38 -0.0019286480651999997 0.0
39 -0.0019286480651999997 0.0
40 -0.0019286480651999997 0.0
41 -0.0019286480651999997 0.0
42 -0.0019286480651999997 0.0
43 -0.0019286480651999997 0.0
44 -0.0019286480651999997 0.0
45 -0.0019286480651999997 0.0
46 -0.0019286480651999997 0.0
47 -0.0019286480651999997 0.0
48 -0.0019286480651999997 0.0
49 -0.0019286480651999997 0.0
50 -0.0019286480651999997 0.0
51 -0.0019286480651999997 0.0
52 -0.0019286480651999997 0.0
53 -0.0019286480651999997 0.0
54 -0.0019286480651999997 0.0
55 -0.0019286480651999997 0.0
56 -0.0019286480651999997 0.0
57 -0.0019286480651999997 0.0
58 -0.0019286480651999997 0.0
59 -0.0019286480651999997 0.0
60 -0.0019286480651999997 0.0
61 -0.0019286480651999997 0.0
62 -0.0019286480651999997 0.0
63 -0.0019286480651999997 0.0
64 -0.0019286480651999997 0.0
65 -0.0019286480651999997 0.0
66 -0.0019286480651999997 0.0
67 -0.0019286480651999997 0.0
68 -0.0019286480651999997 0.0
69 -0.0019286480651999997 0.0
70 -0.0019286480651999997 0.0
71 -0.0019286480651999997 0.0
72 -0.0019286480651999997 0.0
73 -0.0019286480651999997 0.0
74 -0.0019286480651999997 0.0
75 -0.0019286480651999997 0.0
76 -0.0019286480651999997 0.0
77 -0.0019286480651999997 0.0
78 -0.0019286480651999997 0.0
79 -0.0019286480651999997 0.0
80 -0.0019286480651999997 0.0
81 -0.0019286480651999997 0.0
82 -0.0019286480651999997 0.0
83 -0.0019286480651999997 0.0
84 -0.0019286480651999997 0.0
85 -0.0019286480651999997 0.0
86 -0.0019286480651999997 0.0
87 -0.0019286480651999997 0.0
88 -0.0019286480651999997 0.0
89 -0.0019286480651999997 0.0
90 -0.0019286480651999997 0.0
91 -0.0019286480651999997 0.0
92 -0.0019286480651999997 0.0
93 -0.0019286480651999997 0.0
94 -0.0019286480651999997 0.0
95 -0.0019286480651999997 0.0
96 -0.0019286480651999997 0.0
97 -0.0019286480651999997 0.0
98 -0.0019286480651999997 0.0
99 -0.0019286480651999997 0.0
100 -0.0019286480651999997 0.0
101 -0.0019286480651999997 0.0
102 -0.0019286480651999997 0.0
103 -0.0019286480651999997 0.0
104 -0.0019286480651999997 0.0
105 -0.0019286480651999997 0.0
106 -0.0019286480651999997 0.0
107 -0.0019286480651999997 0.0
108 -0.0019286480651999997 0.0
109 -0.0019286480651999997 0.0
110 -0.0019286480651999997 0.0
111 -0.0019286480651999997 0.0
112 -0.0019286480651999997 0.0
113 -0.0019286480651999997 0.0
114 -0.0019286480651999997 0.0
115 -0.0019286480651999997 0.0
116 -0.0019286480651999997 0.0
117 -0.0019286480651999997 0.0
118 -0.0019286480651999997 0.0
119 -0.0019286480651999997 0.0
120 -0.0019286480651999997 0.0
121 -0.0019286480651999997 0.0
122 -0.0019286480651999997 0.0
123 -0.0019286480651999997 0.0
124 -0.0019286480651999997 0.0
125 -0.0019286480651999997 0.0
126 -0.0019286480651999997 0.0
127 -0.0019286480651999997 0.0
128 -0.0019286480651999997 0.0
129 -0.0019286480651999997 0.0
130 -0.0019286480651999997 0.0
131 -0.0019286480651999997 0.0
132 -0.0019286480651999997 0.0
133 -0.0019286480651999997 0.0
134 -0.0019286480651999997 0.0
135 -0.0019286480651999997 0.0
136 -0.0019286480651999997 0.0
137 -0.0019286480651999997 0.0
138 -0.0019286480651999997 0.0
139 -0.0019286480651999997 0.0
140 -0.0019286480651999997 0.0
141 -0.0019286480651999997 0.0
142 -0.0019286480651999997 0.0
143 -0.0019286480651999997 0.0
144 -0.0019286480651999997 0.0
145 -0.0019286480651999997 0.0
146 -0.0019286480651999997 0.0
147 -0.0019286480651999997 0.0
148 -0.0019286480651999997 0.0
149 -0.0019286480651999997 0.0
150 -0.0019286480651999997 0.0
151 -0.0019286480651999997 0.0
152 -0.0019286480651999997 0.0
153 -0.0019286480651999997 0.0
154 -0.0019286480651999997 0.0
155 -0.0019286480651999997 0.0
156 -0.0019286480651999997 0.0
157 -0.0019286480651999997 0.0
158 -0.0019286480651999997 0.0
159 -0.0019286480651999997 0.0
160 -0.0019286480651999997 0.0
161 -0.0019286480651999997 0.0
162 -0.0019286480651999997 0.0
163 -0.0019286480651999997 0.0
164 -0.0019286480651999997 0.0
165 -0.0019286480651999997 0.0
166 -0.0019286480651999997 0.0
167 -0.0019286480651999997 0.0
168 -0.0019286480651999997 0.0
169 -0.0019286480651999997 0.0
170 -0.0019286480651999997 0.0
171 -0.0019286480651999997 0.0
172 -0.0019286480651999997 0.0
173 -0.0019286480651999997 0.0
174 -0.0019286480651999997 0.0
175 -0.0019286480651999997 0.0
176 -0.0019286480651999997 0.0
177 -0.0019286480651999997 0.0
178 -0.0019286480651999997 0.0
179 -0.0019286480651999997 0.0
180 -0.0019286480651999997 0.0
181 -0.0019286480651999997 0.0
182 -0.0019286480651999997 0.0
183 -0.0019286480651999997 0.0
184 -0.0019286480651999997 0.0
185 -0.0019286480651999997 0.0
186 -0.0019286480651999997 0.0
187 -0.0019286480651999997 0.0
188 -0.0019286480651999997 0.0
189 -0.0019286480651999997 0.0
190 -0.0019286480651999997 0.0
191 -0.0019286480651999997 0.0
192 -0.0019286480651999997 0.0
193 -0.0019286480651999997 0.0
194 -0.0019286480651999997 0.0
195 -0.0019286480651999997 0.0
196 -0.0019286480651999997 0.0
197 -0.0019286480651999997 0.0
198 -0.0019286480651999997 0.0
199 -0.0019286480651999997 0.0
200 -0.0019286480651999997 0.0
201 -0.0019358720549272374 0.0
202 -0.0019430960446544748 0.0
203 -0.0019503200343817125 0.0
204 -0.00195754402410895 0.0
205 -0.0019647680138361874 0.0
206 -0.0019719920035634253 0.0
207 -0.0019792159932906627 0.0
208 -0.0019864399830179 0.0
209 -0.0019936639727451376 0.0
210 -0.0020008879624723755 0.0
211 -0.002008111952199613 0.0
212 -0.0020153359419268504 0.0
213 -0.002022559931654088 0.0
214 -0.0020297839213813257 0.0
215 -0.002037007911108563 0.0
216 -0.0020442319008358006 0.0
217 -0.002051455890563038 0.0
218 -0.002058679880290276 0.0
219 -0.0020659038700175133 0.0
220 -0.0020731278597447508 0.0
221 -0.0020803518494719887 0.0
222 -0.002087575839199226 0.0
223 -0.0020947998289264635 0.0
224 -0.002102023818653701 0.0
225 -0.002109247808380939 0.0
226 -0.0021164717981081763 0.0
227 -0.0021236957878354138 0.0
228 -0.002130919777562651 0.0
229 -0.002138143767289889 0.0
230 -0.0021453677570171265 0.0
231 -0.002152591746744364 0.0
232 -0.0021598157364716014 0.0
233 -0.0021670397261988393 0.0
234 -0.0021742637159260767 0.0
235 -0.002181487705653314 0.0
236 -0.002188711695380552 0.0
237 -0.0021959356851077895 0.0
238 -0.002203159674835027 0.0
239 -0.0022103836645622644 0.0
240 -0.0022176076542895023 0.0
241 -0.0022248316440167397 0.0
242 -0.002232055633743977 0.0
243 -0.002239279623471215 0.0
244 -0.0022465036131984525 0.0
245 -0.00225372760292569 0.0
246 -0.0022609515926529274 0.0
247 -0.002268175582380165 0.0
248 -0.0022753995721074027 0.0
249 -0.00228262356183464 0.0
250 -0.0022898475515618776 0.0
251 -0.0022970715412891154 0.0
252 -0.002304295531016353 0.0
253 -0.0023115195207435903 0.0
254 -0.0023187435104708278 0.0
255 -0.0023259675001980657 0.0
256 -0.002333191489925303 0.0
257 -0.0023404154796525405 0.0
258 -0.0023476394693797784 0.0
259 -0.002354863459107016 0.0
260 -0.0023620874488342533 0.0
261 -0.0023693114385614908 0.0
262 -0.002376535428288728 0.0
263 -0.002383759418015966 0.0
264 -0.0023909834077432035 0.0
265 -0.002398207397470441 0.0
266 -0.002405431387197679 0.0
267 -0.0024126553769249163 0.0
268 -0.0024198793666521537 0.0
269 -0.002427103356379391 0.0
270 -0.0024343273461066286 0.0
271 -0.0024415513358338665 0.0
272 -0.002448775325561104 0.0
273 -0.0024559993152883414 0.0
274 -0.0024632233050155793 0.0
275 -0.0024704472947428167 0.0
276 -0.002477671284470054 0.0
277 -0.0024848952741972916 0.0
278 -0.0024921192639245295 0.0
279 -0.002499343253651767 0.0
280 -0.0025065672433790044 0.0
281 -0.0025137912331062422 0.0
282 -0.0025210152228334797 0.0
283 -0.002528239212560717 0.0
284 -0.0025354632022879546 0.0
285 -0.002542687192015192 0.0
286 -0.00254991118174243 0.0
287 -0.0025571351714696673 0.0
288 -0.002564359161196905 0.0
289 -0.0025715831509241427 0.0
290 -0.00257880714065138 0.0
291 -0.0025860311303786175 0.0
292 -0.002593255120105855 0.0
293 -0.002600479109833093 0.0
294 -0.0026077030995603303 0.0
295 -0.0026149270892875678 0.0
296 -0.0026221510790148056 0.0
297 -0.002629375068742043 0.0
298 -0.0026365990584692805 0.0
299 -0.002643823048196518 0.0
300 -0.0026510470379237554 0.0
301 -0.0026582710276509933 0.0
302 -0.0026654950173782307 0.0
303 -0.0026727190071054686 0.0
304 -0.002679942996832706 0.0
305 -0.0026871669865599435 0.0
306 -0.002694390976287181 0.0
307 -0.0027016149660144184 0.0
308 -0.002708838955741656 0.0
309 -0.0027160629454688937 0.0
310 -0.002723286935196131 0.0
311 -0.002730510924923369 0.0
312 -0.0027377349146506065 0.0
313 -0.002744958904377844 0.0
314 -0.0027521828941050814 0.0
315 -0.002759406883832319 0.0
316 -0.0027666308735595567 0.0
317 -0.002773854863286794 0.0
318 -0.0027810788530140316 0.0
319 -0.0027883028427412694 0.0
320 -0.002795526832468507 0.0
321 -0.0028027508221957443 0.0
322 -0.0028099748119229818 0.0
323 -0.0028171988016502197 0.0
324 -0.002824422791377457 0.0
325 -0.0028316467811046945 0.0
326 -0.002838870770831932 0.0
327 -0.00284609476055917 0.0
328 -0.0028533187502864073 0.0
329 -0.0028605427400136448 0.0
330 -0.0028677667297408826 0.0
331 -0.00287499071946812 0.0
332 -0.0028822147091953575 0.0
333 -0.002889438698922595 0.0
334 -0.002896662688649833 0.0
335 -0.0029038866783770703 0.0
336 -0.0029111106681043077 0.0
337 -0.002918334657831545 0.0
338 -0.0029255586475587826 0.0
339 -0.0029327826372860205 0.0
340 -0.002940006627013258 0.0
341 -0.002947230616740496 0.0
342 -0.0029544546064677333 0.0
343 -0.0029616785961949707 0.0
344 -0.002968902585922208 0.0
345 -0.0029761265756494456 0.0
346 -0.002983350565376683 0.0
347 -0.002990574555103921 0.0
348 -0.002997798544831159 0.0
349 -0.0030050225345583962 0.0
350 -0.0030122465242856337 0.0
351 -0.003019470514012871 0.0
352 -0.0030266945037401086 0.0
353 -0.003033918493467346 0.0
354 -0.003041142483194584 0.0
355 -0.0030483664729218218 0.0
356 -0.003055590462649059 0.0
357 -0.0030628144523762967 0.0
358 -0.003070038442103534 0.0
359 -0.0030772624318307715 0.0
360 -0.003084486421558009 0.0
361 -0.003091710411285247 0.0
362 -0.0030989344010124843 0.0
363 -0.003106158390739722 0.0
364 -0.0031133823804669596 0.0
365 -0.003120606370194197 0.0
366 -0.0031278303599214345 0.0
367 -0.003135054349648672 0.0
368 -0.00314227833937591 0.0
369 -0.0031495023291031473 0.0
370 -0.0031567263188303847 0.0
371 -0.0031639503085576226 0.0
372 -0.00317117429828486 0.0
373 -0.0031783982880120975 0.0
374 -0.003185622277739335 0.0
375 -0.0031928462674665724 0.0
376 -0.0032000702571938103 0.0
377 -0.0032072942469210477 0.0
378 -0.003214518236648285 0.0
379 -0.003221742226375523 0.0
380 -0.0032289662161027605 0.0
381 -0.003236190205829998 0.0
382 -0.0032434141955572354 0.0
383 -0.003250638185284473 0.0
384 -0.0032578621750117107 0.0
385 -0.003265086164738948 0.0
386 -0.003272310154466186 0.0
387 -0.0032795341441934234 0.0
388 -0.003286758133920661 0.0
389 -0.0032939821236478983 0.0
390 -0.0033012061133751358 0.0
391 -0.0033084301031023732 0.0
392 -0.003315654092829611 0.0
393 -0.003322878082556849 0.0
394 -0.0033301020722840864 0.0
395 -0.003337326062011324 0.0
396 -0.0033445500517385613 0.0
397 -0.0033517740414657987 0.0
398 -0.003358998031193036 0.0
399 -0.003366222020920274 0.0
400 -0.0033734460106475115 0.0
401 -0.0033806700003747494 0.0
402 -0.003387893990101987 0.0
403 -0.0033951179798292243 0.0
404 -0.0034023419695564617 0.0
405 -0.0034095659592836996 0.0
406 -0.003416789949010937 0.0
407 -0.0034240139387381745 0.0
408 -0.003431237928465412 0.0
409 -0.00343846191819265 0.0
410 -0.0034456859079198873 0.0
411 -0.0034529098976471247 0.0
412 -0.003460133887374362 0.0
413 -0.0034673578771016 0.0
414 -0.0034745818668288375 0.0
415 -0.003481805856556075 0.0
416 -0.0034890298462833124 0.0
417 -0.0034962538360105502 0.0
418 -0.0035034778257377877 0.0
419 -0.003510701815465025 0.0
420 -0.0035179258051922626 0.0
421 -0.0035251497949195004 0.0
422 -0.003532373784646738 0.0
423 -0.0035395977743739753 0.0
424 -0.003546821764101213 0.0
425 -0.0035540457538284507 0.0
426 -0.003561269743555688 0.0
427 -0.0035684937332829255 0.0
428 -0.003575717723010163 0.0
429 -0.003582941712737401 0.0
430 -0.0035901657024646383 0.0
431 -0.0035973896921918757 0.0
432 -0.0036046136819191136 0.0
433 -0.003611837671646351 0.0
434 -0.0036190616613735885 0.0
435 -0.003626285651100826 0.0
436 -0.0036335096408280634 0.0
437 -0.0036407336305553013 0.0
438 -0.0036479576202825387 0.0
439 -0.0036551816100097766 0.0
440 -0.003662405599737014 0.0
441 -0.0036696295894642515 0.0
442 -0.003676853579191489 0.0
443 -0.0036840775689187264 0.0
444 -0.003691301558645964 0.0
445 -0.0036985255483732017 0.0
446 -0.0037057495381004396 0.0
447 -0.003712973527827677 0.0
448 -0.0037201975175549145 0.0
449 -0.003727421507282152 0.0
450 -0.0037346454970093894 0.0
451 -0.003741869486736627 0.0
452 -0.0037490934764638642 0.0
453 -0.0037563174661911026 0.0
454 -0.00376354145591834 0.0
455 -0.0037707654456455774 0.0
456 -0.003777989435372815 0.0
457 -0.0037852134251000523 0.0
458 -0.0037924374148272898 0.0
459 -0.003799661404554527 0.0
460 -0.0038068853942817655 0.0
461 -0.003814109384009003 0.0
462 -0.0038213333737362404 0.0
463 -0.003828557363463478 0.0
464 -0.0038357813531907153 0.0
465 -0.0038430053429179527 0.0
466 -0.00385022933264519 0.0
467 -0.0038574533223724285 0.0
468 -0.003864677312099666 0.0
469 -0.0038719013018269034 0.0
470 -0.003879125291554141 0.0
471 -0.0038863492812813783 0.0
472 -0.0038935732710086157 0.0
473 -0.003900797260735853 0.0
474 -0.003908021250463091 0.0
475 -0.003915245240190329 0.0
476 -0.0039224692299175655 0.0
477 -0.003929693219644804 0.0
478 -0.003936917209372041 0.0
479 -0.003944141199099279 0.0
480 -0.003951365188826516 0.0
481 -0.003958589178553754 0.0
482 -0.003965813168280992 0.0
483 -0.0039730371580082285 0.0
484 -0.003980261147735467 0.0
485 -0.003987485137462704 0.0
486 -0.003994709127189942 0.0
487 -0.004001933116917179 0.0
488 -0.0040091571066444166 0.0
489 -0.004016381096371655 0.0
490 -0.0040236050860988914 0.0
491 -0.00403082907582613 0.0
492 -0.004038053065553366 0.0
493 -0.004045277055280605 0.0
494 -0.004052501045007842 0.0
495 -0.0040597250347350795 0.0
496 -0.004066949024462318 0.0
497 -0.004074173014189554 0.0
498 -0.004081397003916793 0.0
499 -0.004088620993644029 0.0
500 -0.004095844983371268 0.0
501 -0.004103068973098505 0.0
502 -0.0041102929628257425 0.0
503 -0.004117516952552981 0.0
504 -0.004124740942280217 0.0
505 -0.004131964932007456 0.0
506 -0.004139188921734692 0.0
507 -0.004146412911461931 0.0
508 -0.004153636901189168 0.0
509 -0.0041608608909164055 0.0
510 -0.004168084880643644 0.0
511 -0.00417530887037088 0.0
512 -0.004182532860098119 0.0
513 -0.004189756849825355 0.0
514 -0.004196980839552594 0.0
515 -0.004204204829279831 0.0
516 -0.0042114288190070685 0.0
517 -0.004218652808734306 0.0
518 -0.004225876798461543 0.0
519 -0.004233100788188782 0.0
520 -0.004240324777916018 0.0
521 -0.0042475487676432565 0.0
522 -0.004254772757370494 0.0
523 -0.0042619967470977314 0.0
524 -0.004269220736824969 0.0
525 -0.004276444726552206 0.0
526 -0.004283668716279445 0.0
527 -0.004290892706006681 0.0
528 -0.0042981166957339195 0.0
529 -0.004305340685461157 0.0
530 -0.004312564675188394 0.0
531 -0.004319788664915632 0.0
532 -0.004327012654642869 0.0
533 -0.004334236644370107 0.0
534 -0.004341460634097344 0.0
535 -0.0043486846238245825 0.0
536 -0.00435590861355182 0.0
537 -0.004363132603279057 0.0
538 -0.004370356593006295 0.0
539 -0.004377580582733532 0.0
540 -0.00438480457246077 0.0
541 -0.004392028562188007 0.0
542 -0.0043992525519152455 0.0
543 -0.004406476541642482 0.0
544 -0.00441370053136972 0.0
545 -0.004420924521096958 0.0
546 -0.004428148510824195 0.0
547 -0.004435372500551433 0.0
548 -0.00444259649027867 0.0
549 -0.004449820480005908 0.0
550 -0.004457044469733145 0.0
551 -0.004464268459460383 0.0
552 -0.004471492449187621 0.0
553 -0.004478716438914858 0.0
554 -0.004485940428642096 0.0
555 -0.004493164418369333 0.0
556 -0.0045003884080965706 0.0
557 -0.004507612397823808 0.0
558 -0.004514836387551046 0.0
559 -0.004522060377278283 0.0
560 -0.004529284367005521 0.0
561 -0.004536508356732759 0.0
562 -0.004543732346459996 0.0
563 -0.0045509563361872335 0.0
564 -0.004558180325914471 0.0
565 -0.004565404315641709 0.0
566 -0.004572628305368946 0.0
567 -0.004579852295096184 0.0
568 -0.004587076284823422 0.0
569 -0.004594300274550659 0.0
570 -0.0046015242642778965 0.0
571 -0.004608748254005134 0.0
572 -0.004615972243732372 0.0
573 -0.004623196233459609 0.0
574 -0.004630420223186847 0.0
575 -0.004637644212914085 0.0
576 -0.004644868202641322 0.0
577 -0.0046520921923685595 0.0
578 -0.004659316182095797 0.0
579 -0.004666540171823035 0.0
580 -0.004673764161550272 0.0
581 -0.00468098815127751 0.0
582 -0.004688212141004747 0.0
583 -0.004695436130731985 0.0
584 -0.0047026601204592225 0.0
585 -0.00470988411018646 0.0
586 -0.004717108099913698 0.0
587 -0.004724332089640935 0.0
588 -0.004731556079368173 0.0
589 -0.00473878006909541 0.0
590 -0.004746004058822648 0.0
591 -0.004753228048549885 0.0
592 -0.004760452038277123 0.0
593 -0.004767676028004361 0.0
594 -0.004774900017731598 0.0
595 -0.004782124007458836 0.0
596 -0.004789347997186073 0.0
597 -0.004796571986913311 0.0
598 -0.004803795976640548 0.0
599 -0.004811019966367786 0.0
600 -0.004818243956095023 0.0
601 -0.004825467945822261 0.0
602 -0.004832691935549499 0.0
603 -0.0048399159252767365 0.0
604 -0.004847139915003974 0.0
605 -0.004854363904731211 0.0
606 -0.004861587894458449 0.0
607 -0.004868811884185686 0.0
608 -0.004876035873912924 0.0
609 -0.004883259863640162 0.0
610 -0.0048904838533673995 0.0
611 -0.004897707843094637 0.0
612 -0.004904931832821874 0.0
613 -0.004912155822549112 0.0
614 -0.004919379812276349 0.0
615 -0.004926603802003587 0.0
616 -0.004933827791730824 0.0
617 -0.004941051781458062 0.0
618 -0.0049482757711853 0.0
619 -0.004955499760912537 0.0
620 -0.004962723750639775 0.0
621 -0.004969947740367012 0.0
622 -0.00497717173009425 0.0
623 -0.004984395719821487 0.0
624 -0.0049916197095487246 0.0
625 -0.004998843699275963 0.0
626 -0.0050060676890032 0.0
627 -0.005013291678730438 0.0
628 -0.005020515668457675 0.0
629 -0.005027739658184913 0.0
630 -0.00503496364791215 0.0
631 -0.0050421876376393875 0.0
632 -0.005049411627366625 0.0
633 -0.005056635617093862 0.0
634 -0.005063859606821101 0.0
635 -0.005071083596548338 0.0
636 -0.005078307586275576 0.0
637 -0.005085531576002813 0.0
638 -0.0050927555657300505 0.0
639 -0.005099979555457288 0.0
640 -0.005107203545184525 0.0
641 -0.005114427534911764 0.0
642 -0.005121651524639001 0.0
643 -0.005128875514366239 0.0
644 -0.005136099504093476 0.0
645 -0.0051433234938207135 0.0
646 -0.005150547483547951 0.0
647 -0.005157771473275188 0.0
648 -0.005164995463002427 0.0
649 -0.005172219452729663 0.0
650 -0.005179443442456902 0.0
651 -0.005186667432184139 0.0
652 -0.0051938914219113765 0.0
653 -0.005201115411638614 0.0
654 -0.005208339401365851 0.0
655 -0.005215563391093089 0.0
656 -0.005222787380820326 0.0
657 -0.0052300113705475645 0.0
658 -0.005237235360274802 0.0
659 -0.005244459350002039 0.0
660 -0.005251683339729277 0.0
661 -0.005258907329456514 0.0
662 -0.005266131319183752 0.0
663 -0.005273355308910989 0.0
664 -0.0052805792986382275 0.0
665 -0.005287803288365464 0.0
666 -0.005295027278092702 0.0
667 -0.00530225126781994 0.0
668 -0.005309475257547177 0.0
669 -0.005316699247274415 0.0
670 -0.005323923237001652 0.0
671 -0.0053311472267288905 0.0
672 -0.005338371216456127 0.0
673 -0.005345595206183365 0.0
674 -0.005352819195910603 0.0
675 -0.00536004318563784 0.0
676 -0.005367267175365078 0.0
677 -0.005374491165092315 0.0
678 -0.0053817151548195535 0.0
679 -0.00538893914454679 0.0
680 -0.005396163134274028 0.0
681 -0.005403387124001265 0.0
682 -0.005410611113728503 0.0
683 -0.005417835103455741 0.0
684 -0.005425059093182978 0.0
685 -0.0054322830829102164 0.0
686 -0.005439507072637453 0.0
687 -0.005446731062364691 0.0
688 -0.005453955052091928 0.0
689 -0.005461179041819166 0.0
690 -0.005468403031546404 0.0
691 -0.005475627021273641 0.0
692 -0.005482851011000879 0.0
693 -0.005490075000728116 0.0
694 -0.005497298990455354 0.0
695 -0.005504522980182591 0.0
696 -0.005511746969909829 0.0
697 -0.005518970959637066 0.0
698 -0.005526194949364304 0.0
699 -0.005533418939091542 0.0
700 -0.005540642928818779 0.0
701 -0.005547866918546017 0.0
702 -0.005555090908273254 0.0
703 -0.005562314898000492 0.0
704 -0.005569538887727729 0.0
705 -0.005576762877454967 0.0
706 -0.005583986867182205 0.0
707 -0.005591210856909442 0.0
708 -0.00559843484663668 0.0
709 -0.005605658836363917 0.0
710 -0.005612882826091155 0.0
711 -0.005620106815818392 0.0
712 -0.00562733080554563 0.0
713 -0.005634554795272868 0.0
714 -0.005641778785000105 0.0
715 -0.005649002774727343 0.0
716 -0.00565622676445458 0.0
717 -0.005663450754181818 0.0
718 -0.005670674743909055 0.0
719 -0.005677898733636293 0.0
720 -0.005685122723363531 0.0
721 -0.005692346713090768 0.0
722 -0.005699570702818006 0.0
723 -0.005706794692545243 0.0
724 -0.005714018682272481 0.0
725 -0.005721242671999718 0.0
726 -0.005728466661726956 0.0
727 -0.005735690651454194 0.0
728 -0.005742914641181431 0.0
729 -0.005750138630908669 0.0
730 -0.005757362620635906 0.0
731 -0.005764586610363144 0.0
732 -0.005771810600090381 0.0
733 -0.005779034589817619 0.0
734 -0.005786258579544857 0.0
735 -0.005793482569272094 0.0
736 -0.005800706558999332 0.0
737 -0.005807930548726569 0.0
738 -0.005815154538453807 0.0
739 -0.005822378528181044 0.0
740 -0.005829602517908282 0.0
741 -0.005836826507635519 0.0
742 -0.005844050497362757 0.0
743 -0.005851274487089994 0.0
744 -0.005858498476817232 0.0
745 -0.00586572246654447 0.0
746 -0.005872946456271707 0.0
747 -0.005880170445998945 0.0
748 -0.005887394435726182 0.0
749 -0.00589461842545342 0.0
750 -0.005901842415180657 0.0
751 -0.005909066404907895 0.0
752 -0.005916290394635132 0.0
753 -0.00592351438436237 0.0
754 -0.005930738374089608 0.0
755 -0.005937962363816845 0.0
756 -0.005945186353544083 0.0
757 -0.00595241034327132 0.0
758 -0.005959634332998558 0.0
759 -0.005966858322725795 0.0
760 -0.0059740823124530325 0.0
761 -0.005981306302180271 0.0
762 -0.005988530291907508 0.0
763 -0.005995754281634746 0.0
764 -0.006002978271361983 0.0
765 -0.006010202261089221 0.0
766 -0.006017426250816458 0.0
767 -0.0060246502405436955 0.0
768 -0.006031874230270933 0.0
769 -0.006039098219998171 0.0
770 -0.006046322209725409 0.0
771 -0.006053546199452646 0.0
772 -0.006060770189179884 0.0
773 -0.006067994178907121 0.0
774 -0.0060752181686343585 0.0
775 -0.006082442158361596 0.0
776 -0.006089666148088834 0.0
777 -0.006096890137816072 0.0
778 -0.006104114127543309 0.0
779 -0.006111338117270547 0.0
780 -0.006118562106997784 0.0
781 -0.0061257860967250215 0.0
782 -0.006133010086452259 0.0
783 -0.006140234076179497 0.0
784 -0.006147458065906734 0.0
785 -0.006154682055633972 0.0
786 -0.0061619060453612096 0.0
787 -0.006169130035088447 0.0
788 -0.0061763540248156844 0.0
789 -0.006183578014542922 0.0
790 -0.00619080200427016 0.0
791 -0.006198025993997397 0.0
792 -0.006205249983724635 0.0
793 -0.0062124739734518725 0.0
794 -0.00621969796317911 0.0
795 -0.006226921952906347 0.0
796 -0.006234145942633585 0.0
797 -0.006241369932360823 0.0
798 -0.00624859392208806 0.0
799 -0.006255817911815298 0.0
800 -0.006263041901542535 0.0
801 -0.006270265891269773 0.0
802 -0.00627748988099701 0.0
803 -0.006284713870724248 0.0
804 -0.006291937860451486 0.0
805 -0.006299161850178723 0.0
806 -0.006306385839905961 0.0
807 -0.006313609829633198 0.0
808 -0.006320833819360436 0.0
809 -0.006328057809087673 0.0
810 -0.006335281798814911 0.0
811 -0.006342505788542148 0.0
812 -0.006349729778269386 0.0
813 -0.006356953767996624 0.0
814 -0.006364177757723861 0.0
815 -0.006371401747451099 0.0
816 -0.006378625737178336 0.0
817 -0.006385849726905574 0.0
818 -0.006393073716632811 0.0
819 -0.006400297706360049 0.0
820 -0.006407521696087287 0.0
821 -0.006414745685814524 0.0
822 -0.006421969675541762 0.0
823 -0.006429193665268999 0.0
824 -0.006436417654996237 0.0
825 -0.006443641644723474 0.0
826 -0.006450865634450712 0.0
827 -0.006458089624177949 0.0
828 -0.0064653136139051865 0.0
829 -0.006472537603632425 0.0
830 -0.006479761593359662 0.0
831 -0.0064869855830869 0.0
832 -0.006494209572814137 0.0
833 -0.006501433562541375 0.0
834 -0.006508657552268612 0.0
835 -0.0065158815419958495 0.0
836 -0.006523105531723088 0.0
837 -0.006530329521450325 0.0
838 -0.006537553511177563 0.0
839 -0.0065447775009048 0.0
840 -0.006552001490632038 0.0
841 -0.006559225480359275 0.0
842 -0.0065664494700865125 0.0
843 -0.00657367345981375 0.0
844 -0.006580897449540988 0.0
845 -0.006588121439268226 0.0
846 -0.006595345428995463 0.0
847 -0.006602569418722701 0.0
848 -0.006609793408449938 0.0
849 -0.0066170173981771755 0.0
850 -0.006624241387904413 0.0
851 -0.006631465377631651 0.0
852 -0.006638689367358889 0.0
853 -0.006645913357086126 0.0
854 -0.0066531373468133636 0.0
855 -0.006660361336540601 0.0
856 -0.0066675853262678384 0.0
857 -0.006674809315995076 0.0
858 -0.006682033305722314 0.0
859 -0.006689257295449551 0.0
860 -0.006696481285176789 0.0
861 -0.0067037052749040265 0.0
862 -0.006710929264631264 0.0
863 -0.006718153254358501 0.0
864 -0.006725377244085739 0.0
865 -0.006732601233812977 0.0
866 -0.006739825223540214 0.0
867 -0.006747049213267452 0.0
868 -0.0067542732029946895 0.0
869 -0.006761497192721927 0.0
870 -0.006768721182449164 0.0
871 -0.006775945172176402 0.0
872 -0.00678316916190364 0.0
873 -0.006790393151630877 0.0
874 -0.006797617141358115 0.0
875 -0.006804841131085352 0.0
876 -0.00681206512081259 0.0
877 -0.006819289110539827 0.0
878 -0.006826513100267065 0.0
879 -0.006833737089994303 0.0
880 -0.00684096107972154 0.0
881 -0.006848185069448778 0.0
882 -0.006855409059176015 0.0
883 -0.006862633048903253 0.0
884 -0.00686985703863049 0.0
885 -0.006877081028357728 0.0
886 -0.006884305018084965 0.0
887 -0.006891529007812203 0.0
888 -0.006898752997539441 0.0
889 -0.006905976987266678 0.0
890 -0.006913200976993916 0.0
891 -0.006920424966721153 0.0
892 -0.006927648956448391 0.0
893 -0.006934872946175628 0.0
894 -0.006942096935902866 0.0
895 -0.006949320925630104 0.0
896 -0.0069565449153573405 0.0
897 -0.006963768905084579 0.0
898 -0.006970992894811815 0.0
899 -0.006978216884539054 0.0
900 -0.006985440874266291 0.0
901 -0.006992664863993529 0.0
902 -0.006999888853720766 0.0
903 -0.0070071128434480035 0.0
904 -0.007014336833175242 0.0
905 -0.007021560822902478 0.0
906 -0.007028784812629717 0.0
907 -0.007036008802356954 0.0
908 -0.007043232792084192 0.0
909 -0.007050456781811429 0.0
910 -0.0070576807715386665 0.0
911 -0.007064904761265905 0.0
912 -0.007072128750993141 0.0
913 -0.00707935274072038 0.0
914 -0.007086576730447617 0.0
915 -0.007093800720174855 0.0
916 -0.007101024709902092 0.0
917 -0.0071082486996293295 0.0
918 -0.007115472689356567 0.0
919 -0.007122696679083804 0.0
920 -0.007129920668811043 0.0
921 -0.00713714465853828 0.0
922 -0.0071443686482655176 0.0
923 -0.007151592637992755 0.0
924 -0.0071588166277199924 0.0
925 -0.00716604061744723 0.0
926 -0.007173264607174467 0.0
927 -0.007180488596901706 0.0
928 -0.007187712586628943 0.0
929 -0.0071949365763561805 0.0
930 -0.007202160566083418 0.0
931 -0.007209384555810655 0.0
932 -0.007216608545537893 0.0
933 -0.00722383253526513 0.0
934 -0.007231056524992369 0.0
935 -0.007238280514719606 0.0
936 -0.0072455045044468435 0.0
937 -0.007252728494174081 0.0
938 -0.007259952483901318 0.0
939 -0.007267176473628556 0.0
940 -0.007274400463355793 0.0
941 -0.007281624453083031 0.0
942 -0.007288848442810269 0.0
943 -0.0072960724325375065 0.0
944 -0.007303296422264744 0.0
945 -0.007310520411991981 0.0
946 -0.007317744401719219 0.0
947 -0.007324968391446456 0.0
948 -0.007332192381173694 0.0
949 -0.007339416370900932 0.0
950 -0.0073466403606281695 0.0
951 -0.007353864350355407 0.0
952 -0.007361088340082644 0.0
953 -0.007368312329809882 0.0
954 -0.007375536319537119 0.0
955 -0.007382760309264357 0.0
956 -0.007389984298991595 0.0
957 -0.0073972082887188316 0.0
958 -0.00740443227844607 0.0
959 -0.007411656268173307 0.0
960 -0.007418880257900545 0.0
961 -0.007426104247627782 0.0
962 -0.00743332823735502 0.0
963 -0.007440552227082258 0.0
964 -0.0074477762168094945 0.0
965 -0.007455000206536733 0.0
966 -0.00746222419626397 0.0
967 -0.007469448185991208 0.0
968 -0.007476672175718445 0.0
969 -0.007483896165445683 0.0
970 -0.007491120155172921 0.0
971 -0.0074983441449001575 0.0
972 -0.007505568134627396 0.0
973 -0.007512792124354632 0.0
974 -0.007520016114081871 0.0
975 -0.007527240103809108 0.0
976 -0.007534464093536346 0.0
977 -0.007541688083263584 0.0
978 -0.0075489120729908205 0.0
979 -0.007556136062718059 0.0
980 -0.007563360052445295 0.0
981 -0.007570584042172534 0.0
982 -0.007577808031899771 0.0
983 -0.007585032021627009 0.0
984 -0.007592256011354246 0.0
985 -0.0075994800010814835 0.0
986 -0.007606703990808722 0.0
987 -0.007613927980535958 0.0
988 -0.007621151970263197 0.0
989 -0.007628375959990434 0.0
990 -0.0076355999497176716 0.0
991 -0.007642823939444909 0.0
992 -0.0076500479291721464 0.0
993 -0.007657271918899385 0.0
994 -0.007664495908626621 0.0
995 -0.00767171989835386 0.0
996 -0.007678943888081097 0.0
997 -0.0076861678778083345 0.0
998 -0.007693391867535572 0.0
999 -0.007700615857262809 0.0
1000 [-0.00770062] 0.0
1001 [-0.00770062] 0.0
1002 [-0.00770062] 0.0
1003 [-0.00770062] 0.0
1004 [-0.00770062] 0.0
1005 [-0.00770062] 0.0
1006 [-0.00770062] 0.0
1007 [-0.00770062] 0.0
1008 [-0.00770062] 0.0
1009 [-0.00770062] 0.0
1010 [-0.00770062] 0.0
1011 [-0.00770062] 0.0
1012 [-0.00770062] 0.0
1013 [-0.00770062] 0.0
1014 [-0.00770062] 0.0
1015 [-0.00770062] 0.0
1016 [-0.00770062] 0.0
1017 [-0.00770062] 0.0
1018 [-0.00770062] 0.0
1019 [-0.00770062] 0.0
1020 [-0.00770062] 0.0
1021 [-0.00770062] 0.0
1022 [-0.00770062] 0.0
1023 [-0.00770062] 0.0
1024 [-0.00770062] 0.0
1025 [-0.00770062] 0.0
1026 [-0.00770062] 0.0
1027 [-0.00770062] 0.0
1028 [-0.00770062] 0.0
1029 [-0.00770062] 0.0
1030 [-0.00770062] 0.0
1031 [-0.00770062] 0.0
1032 [-0.00770062] 0.0
1033 [-0.00770062] 0.0
1034 [-0.00770062] 0.0
1035 [-0.00770062] 0.0
1036 [-0.00770062] 0.0
1037 [-0.00770062] 0.0
1038 [-0.00770062] 0.0
1039 [-0.00770062] 0.0
1040 [-0.00770062] 0.0
1041 [-0.00770062] 0.0
1042 [-0.00770062] 0.0
1043 [-0.00770062] 0.0
1044 [-0.00770062] 0.0
1045 [-0.00770062] 0.0
1046 [-0.00770062] 0.0
1047 [-0.00770062] 0.0
1048 [-0.00770062] 0.0
1049 [-0.00770062] 0.0
1050 [-0.00770062] 0.0
1051 [-0.00770062] 0.0
1052 [-0.00770062] 0.0
1053 [-0.00770062] 0.0
1054 [-0.00770062] 0.0
1055 [-0.00770062] 0.0
1056 [-0.00770062] 0.0
1057 [-0.00770062] 0.0
1058 [-0.00770062] 0.0
1059 [-0.00770062] 0.0
1060 [-0.00770062] 0.0
1061 [-0.00770062] 0.0
1062 [-0.00770062] 0.0
1063 [-0.00770062] 0.0
1064 [-0.00770062] 0.0
1065 [-0.00770062] 0.0
1066 [-0.00770062] 0.0
1067 [-0.00770062] 0.0
1068 [-0.00770062] 0.0
1069 [-0.00770062] 0.0
1070 [-0.00770062] 0.0
1071 [-0.00770062] 0.0
1072 [-0.00770062] 0.0
1073 [-0.00770062] 0.0
1074 [-0.00770062] 0.0
1075 [-0.00770062] 0.0
1076 [-0.00770062] 0.0
1077 [-0.00770062] 0.0
1078 [-0.00770062] 0.0
1079 [-0.00770062] 0.0
1080 [-0.00770062] 0.0
1081 [-0.00770062] 0.0
1082 [-0.00770062] 0.0
1083 [-0.00770062] 0.0
1084 [-0.00770062] 0.0
1085 [-0.00770062] 0.0
1086 [-0.00770062] 0.0
1087 [-0.00770062] 0.0
1088 [-0.00770062] 0.0
1089 [-0.00770062] 0.0
1090 [-0.00770062] 0.0
1091 [-0.00770062] 0.0
1092 [-0.00770062] 0.0
1093 [-0.00770062] 0.0
1094 [-0.00770062] 0.0
1095 [-0.00770062] 0.0
1096 [-0.00770062] 0.0
1097 [-0.00770062] 0.0
1098 [-0.00770062] 0.0
1099 [-0.00770062] 0.0
1100 [-0.00770062] 0.0
1101 [-0.00770062] 0.0
1102 [-0.00770062] 0.0
1103 [-0.00770062] 0.0
1104 [-0.00770062] 0.0
1105 [-0.00770062] 0.0
1106 [-0.00770062] 0.0
1107 [-0.00770062] 0.0
1108 [-0.00770062] 0.0
1109 [-0.00770062] 0.0
1110 [-0.00770062] 0.0
1111 [-0.00770062] 0.0
1112 [-0.00770062] 0.0
1113 [-0.00770062] 0.0
1114 [-0.00770062] 0.0
1115 [-0.00770062] 0.0
1116 [-0.00770062] 0.0
1117 [-0.00770062] 0.0
1118 [-0.00770062] 0.0
1119 [-0.00770062] 0.0
1120 [-0.00770062] 0.0
1121 [-0.00770062] 0.0
1122 [-0.00770062] 0.0
1123 [-0.00770062] 0.0
1124 [-0.00770062] 0.0
1125 [-0.00770062] 0.0
1126 [-0.00770062] 0.0
1127 [-0.00770062] 0.0
1128 [-0.00770062] 0.0
1129 [-0.00770062] 0.0
1130 [-0.00770062] 0.0
1131 [-0.00770062] 0.0
1132 [-0.00770062] 0.0
1133 [-0.00770062] 0.0
1134 [-0.00770062] 0.0
1135 [-0.00770062] 0.0
1136 [-0.00770062] 0.0
1137 [-0.00770062] 0.0
1138 [-0.00770062] 0.0
1139 [-0.00770062] 0.0
1140 [-0.00770062] 0.0
1141 [-0.00770062] 0.0
1142 [-0.00770062] 0.0
1143 [-0.00770062] 0.0
1144 [-0.00770062] 0.0
1145 [-0.00770062] 0.0
1146 [-0.00770062] 0.0
1147 [-0.00770062] 0.0
1148 [-0.00770062] 0.0
1149 [-0.00770062] 0.0
1150 [-0.00770062] 0.0
1151 [-0.00770062] 0.0
1152 [-0.00770062] 0.0
1153 [-0.00770062] 0.0
1154 [-0.00770062] 0.0
1155 [-0.00770062] 0.0
1156 [-0.00770062] 0.0
1157 [-0.00770062] 0.0
1158 [-0.00770062] 0.0
1159 [-0.00770062] 0.0
1160 [-0.00770062] 0.0
1161 [-0.00770062] 0.0
1162 [-0.00770062] 0.0
1163 [-0.00770062] 0.0
1164 [-0.00770062] 0.0
1165 [-0.00770062] 0.0
1166 [-0.00770062] 0.0
1167 [-0.00770062] 0.0
1168 [-0.00770062] 0.0
1169 [-0.00770062] 0.0
1170 [-0.00770062] 0.0
1171 [-0.00770062] 0.0
1172 [-0.00770062] 0.0
1173 [-0.00770062] 0.0
1174 [-0.00770062] 0.0
1175 [-0.00770062] 0.0
1176 [-0.00770062] 0.0
1177 [-0.00770062] 0.0
1178 [-0.00770062] 0.0
1179 [-0.00770062] 0.0
1180 [-0.00770062] 0.0
1181 [-0.00770062] 0.0
1182 [-0.00770062] 0.0
1183 [-0.00770062] 0.0
1184 [-0.00770062] 0.0
1185 [-0.00770062] 0.0
1186 [-0.00770062] 0.0
1187 [-0.00770062] 0.0
1188 [-0.00770062] 0.0
1189 [-0.00770062] 0.0
1190 [-0.00770062] 0.0
1191 [-0.00770062] 0.0
1192 [-0.00770062] 0.0
1193 [-0.00770062] 0.0
1194 [-0.00770062] 0.0
1195 [-0.00770062] 0.0
1196 [-0.00770062] 0.0
1197 [-0.00770062] 0.0
1198 [-0.00770062] 0.0
1199 [-0.00770062] 0.0
1200 -0.007700615857262809 0.0
1201 -0.007693391867535572 0.0
1202 -0.0076861678778083345 0.0
1203 -0.007678943888081096 0.0
1204 -0.00767171989835386 0.0
1205 -0.007664495908626621 0.0
1206 -0.007657271918899385 0.0
1207 -0.0076500479291721464 0.0
1208 -0.007642823939444909 0.0
1209 -0.0076355999497176716 0.0
1210 -0.007628375959990433 0.0
1211 -0.007621151970263197 0.0
1212 -0.007613927980535958 0.0
1213 -0.007606703990808722 0.0
1214 -0.0075994800010814835 0.0
1215 -0.007592256011354246 0.0
1216 -0.007585032021627009 0.0
1217 -0.007577808031899771 0.0
1218 -0.007570584042172534 0.0
1219 -0.007563360052445295 0.0
1220 -0.007556136062718059 0.0
1221 -0.0075489120729908205 0.0
1222 -0.007541688083263583 0.0
1223 -0.007534464093536346 0.0
1224 -0.007527240103809108 0.0
1225 -0.007520016114081871 0.0
1226 -0.007512792124354632 0.0
1227 -0.007505568134627396 0.0
1228 -0.0074983441449001575 0.0
1229 -0.00749112015517292 0.0
1230 -0.007483896165445683 0.0
1231 -0.007476672175718445 0.0
1232 -0.007469448185991208 0.0
1233 -0.00746222419626397 0.0
1234 -0.007455000206536733 0.0
1235 -0.0074477762168094945 0.0
1236 -0.007440552227082257 0.0
1237 -0.00743332823735502 0.0
1238 -0.007426104247627782 0.0
1239 -0.007418880257900545 0.0
1240 -0.007411656268173307 0.0
1241 -0.00740443227844607 0.0
1242 -0.0073972082887188316 0.0
1243 -0.007389984298991594 0.0
1244 -0.007382760309264357 0.0
1245 -0.007375536319537119 0.0
1246 -0.007368312329809882 0.0
1247 -0.007361088340082644 0.0
1248 -0.007353864350355406 0.0
1249 -0.0073466403606281695 0.0
1250 -0.007339416370900931 0.0
1251 -0.007332192381173694 0.0
1252 -0.007324968391446456 0.0
1253 -0.007317744401719219 0.0
1254 -0.007310520411991981 0.0
1255 -0.007303296422264744 0.0
1256 -0.0072960724325375065 0.0
1257 -0.007288848442810268 0.0
1258 -0.007281624453083031 0.0
1259 -0.007274400463355793 0.0
1260 -0.007267176473628556 0.0
1261 -0.007259952483901318 0.0
1262 -0.00725272849417408 0.0
1263 -0.0072455045044468435 0.0
1264 -0.007238280514719605 0.0
1265 -0.007231056524992369 0.0
1266 -0.00722383253526513 0.0
1267 -0.007216608545537893 0.0
1268 -0.007209384555810655 0.0
1269 -0.007202160566083418 0.0
1270 -0.0071949365763561805 0.0
1271 -0.007187712586628942 0.0
1272 -0.007180488596901706 0.0
1273 -0.007173264607174467 0.0
1274 -0.00716604061744723 0.0
1275 -0.0071588166277199924 0.0
1276 -0.007151592637992755 0.0
1277 -0.0071443686482655176 0.0
1278 -0.007137144658538279 0.0
1279 -0.007129920668811043 0.0
1280 -0.007122696679083804 0.0
1281 -0.007115472689356567 0.0
1282 -0.0071082486996293295 0.0
1283 -0.007101024709902092 0.0
1284 -0.007093800720174855 0.0
1285 -0.007086576730447616 0.0
1286 -0.00707935274072038 0.0
1287 -0.007072128750993141 0.0
1288 -0.007064904761265905 0.0
1289 -0.0070576807715386665 0.0
1290 -0.007050456781811429 0.0
1291 -0.007043232792084192 0.0
1292 -0.007036008802356954 0.0
1293 -0.007028784812629717 0.0
1294 -0.007021560822902478 0.0
1295 -0.007014336833175242 0.0
1296 -0.0070071128434480035 0.0
1297 -0.006999888853720766 0.0
1298 -0.006992664863993529 0.0
1299 -0.006985440874266291 0.0
1300 -0.006978216884539054 0.0
1301 -0.006970992894811815 0.0
1302 -0.006963768905084579 0.0
1303 -0.0069565449153573405 0.0
1304 -0.006949320925630103 0.0
1305 -0.006942096935902866 0.0
1306 -0.006934872946175628 0.0
1307 -0.006927648956448391 0.0
1308 -0.006920424966721153 0.0
1309 -0.006913200976993915 0.0
1310 -0.006905976987266678 0.0
1311 -0.006898752997539441 0.0
1312 -0.006891529007812203 0.0
1313 -0.006884305018084965 0.0
1314 -0.006877081028357728 0.0
1315 -0.00686985703863049 0.0
1316 -0.006862633048903253 0.0
1317 -0.006855409059176015 0.0
1318 -0.006848185069448777 0.0
1319 -0.00684096107972154 0.0
1320 -0.006833737089994302 0.0
1321 -0.006826513100267065 0.0
1322 -0.006819289110539827 0.0
1323 -0.006812065120812589 0.0
1324 -0.006804841131085352 0.0
1325 -0.006797617141358115 0.0
1326 -0.006790393151630877 0.0
1327 -0.006783169161903639 0.0
1328 -0.006775945172176402 0.0
1329 -0.006768721182449164 0.0
1330 -0.006761497192721927 0.0
1331 -0.0067542732029946895 0.0
1332 -0.006747049213267451 0.0
1333 -0.006739825223540214 0.0
1334 -0.006732601233812976 0.0
1335 -0.006725377244085739 0.0
1336 -0.006718153254358501 0.0
1337 -0.006710929264631263 0.0
1338 -0.0067037052749040265 0.0
1339 -0.006696481285176789 0.0
1340 -0.006689257295449551 0.0
1341 -0.006682033305722313 0.0
1342 -0.006674809315995076 0.0
1343 -0.0066675853262678384 0.0
1344 -0.006660361336540601 0.0
1345 -0.0066531373468133636 0.0
1346 -0.006645913357086125 0.0
1347 -0.006638689367358889 0.0
1348 -0.00663146537763165 0.0
1349 -0.006624241387904413 0.0
1350 -0.0066170173981771755 0.0
1351 -0.006609793408449937 0.0
1352 -0.006602569418722701 0.0
1353 -0.006595345428995463 0.0
1354 -0.006588121439268226 0.0
1355 -0.006580897449540987 0.0
1356 -0.00657367345981375 0.0
1357 -0.0065664494700865125 0.0
1358 -0.006559225480359275 0.0
1359 -0.006552001490632038 0.0
1360 -0.006544777500904799 0.0
1361 -0.006537553511177563 0.0
1362 -0.006530329521450324 0.0
1363 -0.006523105531723088 0.0
1364 -0.0065158815419958495 0.0
1365 -0.006508657552268612 0.0
1366 -0.006501433562541375 0.0
1367 -0.006494209572814137 0.0
1368 -0.0064869855830869 0.0
1369 -0.006479761593359661 0.0
1370 -0.006472537603632425 0.0
1371 -0.0064653136139051865 0.0
1372 -0.006458089624177949 0.0
1373 -0.006450865634450712 0.0
1374 -0.006443641644723474 0.0
1375 -0.006436417654996237 0.0
1376 -0.0064291936652689985 0.0
1377 -0.006421969675541762 0.0
1378 -0.006414745685814524 0.0
1379 -0.006407521696087286 0.0
1380 -0.006400297706360049 0.0
1381 -0.006393073716632811 0.0
1382 -0.006385849726905574 0.0
1383 -0.0063786257371783355 0.0
1384 -0.006371401747451099 0.0
1385 -0.006364177757723861 0.0
1386 -0.006356953767996624 0.0
1387 -0.006349729778269386 0.0
1388 -0.006342505788542148 0.0
1389 -0.006335281798814911 0.0
1390 -0.006328057809087673 0.0
1391 -0.006320833819360436 0.0
1392 -0.006313609829633198 0.0
1393 -0.00630638583990596 0.0
1394 -0.006299161850178723 0.0
1395 -0.006291937860451486 0.0
1396 -0.006284713870724248 0.0
1397 -0.00627748988099701 0.0
1398 -0.006270265891269773 0.0
1399 -0.006263041901542535 0.0
1400 -0.006255817911815298 0.0
1401 -0.00624859392208806 0.0
1402 -0.006241369932360822 0.0
1403 -0.006234145942633585 0.0
1404 -0.006226921952906347 0.0
1405 -0.00621969796317911 0.0
1406 -0.0062124739734518725 0.0
1407 -0.006205249983724634 0.0
1408 -0.006198025993997397 0.0
1409 -0.00619080200427016 0.0
1410 -0.006183578014542922 0.0
1411 -0.0061763540248156844 0.0
1412 -0.006169130035088446 0.0
1413 -0.0061619060453612096 0.0
1414 -0.006154682055633972 0.0
1415 -0.006147458065906734 0.0
1416 -0.006140234076179496 0.0
1417 -0.006133010086452259 0.0
1418 -0.0061257860967250215 0.0
1419 -0.006118562106997784 0.0
1420 -0.006111338117270547 0.0
1421 -0.006104114127543308 0.0
1422 -0.006096890137816072 0.0
1423 -0.006089666148088834 0.0
1424 -0.006082442158361596 0.0
1425 -0.0060752181686343585 0.0
1426 -0.00606799417890712 0.0
1427 -0.006060770189179884 0.0
1428 -0.006053546199452646 0.0
1429 -0.006046322209725409 0.0
1430 -0.00603909821999817 0.0
1431 -0.006031874230270933 0.0
1432 -0.0060246502405436955 0.0
1433 -0.006017426250816458 0.0
1434 -0.006010202261089221 0.0
1435 -0.006002978271361982 0.0
1436 -0.005995754281634746 0.0
1437 -0.005988530291907508 0.0
1438 -0.005981306302180271 0.0
1439 -0.0059740823124530325 0.0
1440 -0.005966858322725795 0.0
1441 -0.005959634332998558 0.0
1442 -0.00595241034327132 0.0
1443 -0.005945186353544083 0.0
1444 -0.0059379623638168445 0.0
1445 -0.005930738374089608 0.0
1446 -0.00592351438436237 0.0
1447 -0.005916290394635132 0.0
1448 -0.005909066404907895 0.0
1449 -0.005901842415180657 0.0
1450 -0.00589461842545342 0.0
1451 -0.005887394435726182 0.0
1452 -0.005880170445998945 0.0
1453 -0.005872946456271707 0.0
1454 -0.005865722466544469 0.0
1455 -0.005858498476817232 0.0
1456 -0.005851274487089994 0.0
1457 -0.005844050497362757 0.0
1458 -0.0058368265076355185 0.0
1459 -0.005829602517908282 0.0
1460 -0.005822378528181044 0.0
1461 -0.005815154538453807 0.0
1462 -0.005807930548726569 0.0
1463 -0.00580070655899933 0.0
1464 -0.005793482569272094 0.0
1465 -0.005786258579544857 0.0
1466 -0.005779034589817619 0.0
1467 -0.005771810600090381 0.0
1468 -0.005764586610363143 0.0
1469 -0.005757362620635906 0.0
1470 -0.005750138630908669 0.0
1471 -0.005742914641181431 0.0
1472 -0.0057356906514541926 0.0
1473 -0.005728466661726956 0.0
1474 -0.005721242671999718 0.0
1475 -0.005714018682272481 0.0
1476 -0.005706794692545243 0.0
1477 -0.005699570702818005 0.0
1478 -0.005692346713090768 0.0
1479 -0.005685122723363531 0.0
1480 -0.005677898733636293 0.0
1481 -0.005670674743909055 0.0
1482 -0.005663450754181817 0.0
1483 -0.00565622676445458 0.0
1484 -0.005649002774727343 0.0
1485 -0.005641778785000105 0.0
1486 -0.005634554795272867 0.0
1487 -0.00562733080554563 0.0
1488 -0.005620106815818392 0.0
1489 -0.005612882826091155 0.0
1490 -0.005605658836363917 0.0
1491 -0.005598434846636679 0.0
1492 -0.005591210856909442 0.0
1493 -0.005583986867182205 0.0
1494 -0.005576762877454967 0.0
1495 -0.005569538887727729 0.0
1496 -0.005562314898000491 0.0
1497 -0.005555090908273254 0.0
1498 -0.005547866918546017 0.0
1499 -0.005540642928818779 0.0
1500 -0.0055334189390915415 0.0
1501 -0.005526194949364304 0.0
1502 -0.005518970959637066 0.0
1503 -0.005511746969909829 0.0
1504 -0.005504522980182591 0.0
1505 -0.0054972989904553534 0.0
1506 -0.005490075000728116 0.0
1507 -0.005482851011000879 0.0
1508 -0.005475627021273641 0.0
1509 -0.005468403031546404 0.0
1510 -0.005461179041819166 0.0
1511 -0.005453955052091928 0.0
1512 -0.005446731062364691 0.0
1513 -0.005439507072637453 0.0
1514 -0.005432283082910216 0.0
1515 -0.005425059093182978 0.0
1516 -0.005417835103455741 0.0
1517 -0.005410611113728503 0.0
1518 -0.005403387124001265 0.0
1519 -0.005396163134274028 0.0
1520 -0.00538893914454679 0.0
1521 -0.0053817151548195535 0.0
1522 -0.005374491165092315 0.0
1523 -0.005367267175365078 0.0
1524 -0.00536004318563784 0.0
1525 -0.005352819195910603 0.0
1526 -0.005345595206183365 0.0
1527 -0.005338371216456127 0.0
1528 -0.00533114722672889 0.0
1529 -0.005323923237001652 0.0
1530 -0.005316699247274415 0.0
1531 -0.005309475257547177 0.0
1532 -0.00530225126781994 0.0
1533 -0.005295027278092702 0.0
1534 -0.005287803288365464 0.0
1535 -0.0052805792986382275 0.0
1536 -0.005273355308910989 0.0
1537 -0.005266131319183752 0.0
1538 -0.005258907329456514 0.0
1539 -0.005251683339729277 0.0
1540 -0.005244459350002039 0.0
1541 -0.005237235360274802 0.0
1542 -0.0052300113705475645 0.0
1543 -0.005222787380820326 0.0
1544 -0.005215563391093089 0.0
1545 -0.005208339401365851 0.0
1546 -0.005201115411638614 0.0
1547 -0.0051938914219113765 0.0
1548 -0.005186667432184139 0.0
1549 -0.005179443442456902 0.0
1550 -0.005172219452729663 0.0
1551 -0.005164995463002427 0.0
1552 -0.005157771473275188 0.0
1553 -0.005150547483547951 0.0
1554 -0.0051433234938207135 0.0
1555 -0.005136099504093476 0.0
1556 -0.005128875514366239 0.0
1557 -0.005121651524639 0.0
1558 -0.005114427534911764 0.0
1559 -0.005107203545184525 0.0
1560 -0.005099979555457288 0.0
1561 -0.0050927555657300505 0.0
1562 -0.005085531576002813 0.0
1563 -0.005078307586275576 0.0
1564 -0.005071083596548338 0.0
1565 -0.005063859606821101 0.0
1566 -0.005056635617093862 0.0
1567 -0.005049411627366625 0.0
1568 -0.0050421876376393875 0.0
1569 -0.00503496364791215 0.0
1570 -0.005027739658184913 0.0
1571 -0.005020515668457674 0.0
1572 -0.005013291678730438 0.0
1573 -0.0050060676890032 0.0
1574 -0.004998843699275963 0.0
1575 -0.0049916197095487246 0.0
1576 -0.004984395719821487 0.0
1577 -0.00497717173009425 0.0
1578 -0.004969947740367012 0.0
1579 -0.004962723750639775 0.0
1580 -0.0049554997609125365 0.0
1581 -0.0049482757711853 0.0
1582 -0.004941051781458062 0.0
1583 -0.004933827791730824 0.0
1584 -0.004926603802003587 0.0
1585 -0.004919379812276348 0.0
1586 -0.004912155822549112 0.0
1587 -0.004904931832821874 0.0
1588 -0.004897707843094637 0.0
1589 -0.004890483853367399 0.0
1590 -0.004883259863640162 0.0
1591 -0.004876035873912924 0.0
1592 -0.004868811884185686 0.0
1593 -0.004861587894458449 0.0
1594 -0.0048543639047312105 0.0
1595 -0.004847139915003974 0.0
1596 -0.0048399159252767365 0.0
1597 -0.004832691935549499 0.0
1598 -0.004825467945822261 0.0
1599 -0.004818243956095022 0.0
1600 -0.004811019966367786 0.0
1601 -0.004803795976640548 0.0
1602 -0.004796571986913311 0.0
1603 -0.004789347997186073 0.0
1604 -0.004782124007458836 0.0
1605 -0.004774900017731598 0.0
1606 -0.004767676028004361 0.0
1607 -0.004760452038277123 0.0
1608 -0.004753228048549885 0.0
1609 -0.004746004058822648 0.0
1610 -0.00473878006909541 0.0
1611 -0.004731556079368173 0.0
1612 -0.004724332089640935 0.0
1613 -0.004717108099913698 0.0
1614 -0.00470988411018646 0.0
1615 -0.0047026601204592225 0.0
1616 -0.004695436130731985 0.0
1617 -0.004688212141004747 0.0
1618 -0.00468098815127751 0.0
1619 -0.004673764161550272 0.0
1620 -0.004666540171823035 0.0
1621 -0.004659316182095797 0.0
1622 -0.00465209219236856 0.0
1623 -0.004644868202641322 0.0
1624 -0.004637644212914084 0.0
1625 -0.004630420223186847 0.0
1626 -0.004623196233459609 0.0
1627 -0.004615972243732372 0.0
1628 -0.004608748254005134 0.0
1629 -0.004601524264277896 0.0
1630 -0.004594300274550659 0.0
1631 -0.004587076284823421 0.0
1632 -0.004579852295096184 0.0
1633 -0.004572628305368946 0.0
1634 -0.004565404315641709 0.0
1635 -0.004558180325914471 0.0
1636 -0.004550956336187233 0.0
1637 -0.004543732346459996 0.0
1638 -0.004536508356732758 0.0
1639 -0.004529284367005521 0.0
1640 -0.004522060377278283 0.0
1641 -0.004514836387551046 0.0
1642 -0.004507612397823808 0.0
1643 -0.0045003884080965706 0.0
1644 -0.004493164418369333 0.0
1645 -0.004485940428642095 0.0
1646 -0.004478716438914858 0.0
1647 -0.00447149244918762 0.0
1648 -0.004464268459460383 0.0
1649 -0.004457044469733145 0.0
1650 -0.004449820480005908 0.0
1651 -0.00444259649027867 0.0
1652 -0.004435372500551432 0.0
1653 -0.004428148510824195 0.0
1654 -0.004420924521096957 0.0
1655 -0.00441370053136972 0.0
1656 -0.004406476541642482 0.0
1657 -0.004399252551915245 0.0
1658 -0.004392028562188007 0.0
1659 -0.00438480457246077 0.0
1660 -0.004377580582733532 0.0
1661 -0.004370356593006294 0.0
1662 -0.004363132603279057 0.0
1663 -0.004355908613551819 0.0
1664 -0.004348684623824582 0.0
1665 -0.004341460634097344 0.0
1666 -0.004334236644370107 0.0
1667 -0.004327012654642869 0.0
1668 -0.004319788664915631 0.0
1669 -0.004312564675188394 0.0
1670 -0.004305340685461156 0.0
1671 -0.004298116695733919 0.0
1672 -0.004290892706006681 0.0
1673 -0.004283668716279444 0.0
1674 -0.004276444726552206 0.0
1675 -0.004269220736824968 0.0
1676 -0.0042619967470977314 0.0
1677 -0.004254772757370493 0.0
1678 -0.004247548767643256 0.0
1679 -0.004240324777916018 0.0
1680 -0.004233100788188781 0.0
1681 -0.004225876798461543 0.0
1682 -0.004218652808734306 0.0
1683 -0.0042114288190070685 0.0
1684 -0.00420420482927983 0.0
1685 -0.004196980839552593 0.0
1686 -0.004189756849825355 0.0
1687 -0.004182532860098118 0.0
1688 -0.00417530887037088 0.0
1689 -0.004168084880643643 0.0
1690 -0.0041608608909164055 0.0
1691 -0.004153636901189167 0.0
1692 -0.004146412911461931 0.0
1693 -0.004139188921734692 0.0
1694 -0.004131964932007455 0.0
1695 -0.004124740942280217 0.0
1696 -0.00411751695255298 0.0
1697 -0.0041102929628257425 0.0
1698 -0.004103068973098505 0.0
1699 -0.004095844983371268 0.0
1700 -0.004088620993644029 0.0
1701 -0.004081397003916792 0.0
1702 -0.004074173014189554 0.0
1703 -0.004066949024462317 0.0
1704 -0.0040597250347350795 0.0
1705 -0.004052501045007842 0.0
1706 -0.004045277055280605 0.0
1707 -0.004038053065553366 0.0
1708 -0.00403082907582613 0.0
1709 -0.0040236050860988914 0.0
1710 -0.004016381096371654 0.0
1711 -0.0040091571066444166 0.0
1712 -0.004001933116917179 0.0
1713 -0.003994709127189942 0.0
1714 -0.003987485137462704 0.0
1715 -0.003980261147735467 0.0
1716 -0.0039730371580082285 0.0
1717 -0.003965813168280991 0.0
1718 -0.003958589178553754 0.0
1719 -0.003951365188826516 0.0
1720 -0.003944141199099279 0.0
1721 -0.003936917209372041 0.0
1722 -0.003929693219644804 0.0
1723 -0.0039224692299175655 0.0
1724 -0.003915245240190329 0.0
1725 -0.003908021250463091 0.0
1726 -0.003900797260735853 0.0
1727 -0.0038935732710086153 0.0
1728 -0.0038863492812813783 0.0
1729 -0.0038791252915541404 0.0
1730 -0.0038719013018269034 0.0
1731 -0.003864677312099665 0.0
1732 -0.0038574533223724285 0.0
1733 -0.00385022933264519 0.0
1734 -0.0038430053429179527 0.0
1735 -0.0038357813531907153 0.0
1736 -0.0038285573634634774 0.0
1737 -0.0038213333737362404 0.0
1738 -0.0038141093840090025 0.0
1739 -0.0038068853942817655 0.0
1740 -0.003799661404554527 0.0
1741 -0.0037924374148272898 0.0
1742 -0.0037852134251000523 0.0
1743 -0.003777989435372815 0.0
1744 -0.0037707654456455774 0.0
1745 -0.0037635414559183396 0.0
1746 -0.0037563174661911026 0.0
1747 -0.0037490934764638642 0.0
1748 -0.003741869486736627 0.0
1749 -0.0037346454970093894 0.0
1750 -0.003727421507282152 0.0
1751 -0.0037201975175549145 0.0
1752 -0.0037129735278276766 0.0
1753 -0.0037057495381004396 0.0
1754 -0.0036985255483732017 0.0
1755 -0.003691301558645964 0.0
1756 -0.0036840775689187264 0.0
1757 -0.003676853579191489 0.0
1758 -0.0036696295894642515 0.0
1759 -0.003662405599737014 0.0
1760 -0.0036551816100097766 0.0
1761 -0.0036479576202825387 0.0
1762 -0.003640733630555301 0.0
1763 -0.0036335096408280634 0.0
1764 -0.003626285651100826 0.0
1765 -0.0036190616613735885 0.0
1766 -0.003611837671646351 0.0
1767 -0.0036046136819191136 0.0
1768 -0.0035973896921918757 0.0
1769 -0.003590165702464638 0.0
1770 -0.003582941712737401 0.0
1771 -0.003575717723010163 0.0
1772 -0.0035684937332829255 0.0
1773 -0.003561269743555688 0.0
1774 -0.0035540457538284507 0.0
1775 -0.003546821764101213 0.0
1776 -0.003539597774373975 0.0
1777 -0.003532373784646738 0.0
1778 -0.0035251497949195 0.0
1779 -0.0035179258051922626 0.0
1780 -0.003510701815465025 0.0
1781 -0.0035034778257377877 0.0
1782 -0.0034962538360105502 0.0
1783 -0.003489029846283312 0.0
1784 -0.003481805856556075 0.0
1785 -0.003474581866828837 0.0
1786 -0.0034673578771016 0.0
1787 -0.003460133887374362 0.0
1788 -0.0034529098976471247 0.0
1789 -0.0034456859079198873 0.0
1790 -0.003438461918192649 0.0
1791 -0.003431237928465412 0.0
1792 -0.003424013938738174 0.0
1793 -0.003416789949010937 0.0
1794 -0.003409565959283699 0.0
1795 -0.0034023419695564617 0.0
1796 -0.0033951179798292243 0.0
1797 -0.0033878939901019864 0.0
1798 -0.0033806700003747494 0.0
1799 -0.003373446010647511 0.0
1800 -0.003366222020920274 0.0
1801 -0.003358998031193036 0.0
1802 -0.0033517740414657987 0.0
1803 -0.0033445500517385613 0.0
1804 -0.0033373260620113234 0.0
1805 -0.0033301020722840864 0.0
1806 -0.003322878082556848 0.0
1807 -0.003315654092829611 0.0
1808 -0.0033084301031023732 0.0
1809 -0.0033012061133751358 0.0
1810 -0.0032939821236478983 0.0
1811 -0.0032867581339206605 0.0
1812 -0.0032795341441934234 0.0
1813 -0.0032723101544661856 0.0
1814 -0.0032650861647389486 0.0
1815 -0.0032578621750117102 0.0
1816 -0.003250638185284473 0.0
1817 -0.0032434141955572354 0.0
1818 -0.0032361902058299975 0.0
1819 -0.0032289662161027605 0.0
1820 -0.0032217422263755226 0.0
1821 -0.0032145182366482856 0.0
1822 -0.0032072942469210473 0.0
1823 -0.00320007025719381 0.0
1824 -0.0031928462674665724 0.0
1825 -0.003185622277739335 0.0
1826 -0.0031783982880120975 0.0
1827 -0.0031711742982848596 0.0
1828 -0.0031639503085576226 0.0
1829 -0.0031567263188303847 0.0
1830 -0.003149502329103147 0.0
1831 -0.0031422783393759094 0.0
1832 -0.003135054349648672 0.0
1833 -0.0031278303599214345 0.0
1834 -0.0031206063701941966 0.0
1835 -0.0031133823804669596 0.0
1836 -0.0031061583907397218 0.0
1837 -0.003098934401012484 0.0
1838 -0.0030917104112852464 0.0
1839 -0.003084486421558009 0.0
1840 -0.0030772624318307715 0.0
1841 -0.003070038442103534 0.0
1842 -0.0030628144523762967 0.0
1843 -0.0030555904626490588 0.0
1844 -0.003048366472921821 0.0
1845 -0.0030411424831945835 0.0
1846 -0.003033918493467346 0.0
1847 -0.0030266945037401086 0.0
1848 -0.003019470514012871 0.0
1849 -0.0030122465242856337 0.0
1850 -0.003005022534558396 0.0
1851 -0.002997798544831158 0.0
1852 -0.002990574555103921 0.0
1853 -0.002983350565376683 0.0
1854 -0.0029761265756494456 0.0
1855 -0.002968902585922208 0.0
1856 -0.0029616785961949707 0.0
1857 -0.0029544546064677333 0.0
1858 -0.002947230616740495 0.0
1859 -0.002940006627013258 0.0
1860 -0.00293278263728602 0.0
1861 -0.0029255586475587826 0.0
1862 -0.002918334657831545 0.0
1863 -0.0029111106681043077 0.0
1864 -0.0029038866783770703 0.0
1865 -0.002896662688649832 0.0
1866 -0.002889438698922595 0.0
1867 -0.002882214709195357 0.0
1868 -0.00287499071946812 0.0
1869 -0.002867766729740882 0.0
1870 -0.0028605427400136448 0.0
1871 -0.0028533187502864073 0.0
1872 -0.0028460947605591694 0.0
1873 -0.002838870770831932 0.0
1874 -0.002831646781104694 0.0
1875 -0.002824422791377457 0.0
1876 -0.0028171988016502192 0.0
1877 -0.002809974811922982 0.0
1878 -0.0028027508221957443 0.0
1879 -0.0027955268324685065 0.0
1880 -0.0027883028427412694 0.0
1881 -0.002781078853014031 0.0
1882 -0.002773854863286794 0.0
1883 -0.0027666308735595562 0.0
1884 -0.0027594068838323192 0.0
1885 -0.0027521828941050814 0.0
1886 -0.0027449589043778435 0.0
1887 -0.0027377349146506065 0.0
1888 -0.0027305109249233686 0.0
1889 -0.002723286935196131 0.0
1890 -0.0027160629454688933 0.0
1891 -0.0027088389557416563 0.0
1892 -0.0027016149660144184 0.0
1893 -0.0026943909762871805 0.0
1894 -0.0026871669865599435 0.0
1895 -0.0026799429968327056 0.0
1896 -0.0026727190071054686 0.0
1897 -0.0026654950173782303 0.0
1898 -0.0026582710276509933 0.0
1899 -0.0026510470379237554 0.0
1900 -0.0026438230481965175 0.0
1901 -0.0026365990584692805 0.0
1902 -0.0026293750687420426 0.0
1903 -0.0026221510790148056 0.0
1904 -0.0026149270892875678 0.0
1905 -0.0026077030995603303 0.0
1906 -0.0026004791098330924 0.0
1907 -0.002593255120105855 0.0
1908 -0.0025860311303786175 0.0
1909 -0.0025788071406513797 0.0
1910 -0.0025715831509241427 0.0
1911 -0.0025643591611969048 0.0
1912 -0.0025571351714696678 0.0
1913 -0.0025499111817424295 0.0
1914 -0.002542687192015192 0.0
1915 -0.0025354632022879546 0.0
1916 -0.0025282392125607167 0.0
1917 -0.0025210152228334797 0.0
1918 -0.002513791233106242 0.0
1919 -0.002506567243379005 0.0
1920 -0.002499343253651767 0.0
1921 -0.002492119263924529 0.0
1922 -0.0024848952741972916 0.0
1923 -0.002477671284470054 0.0
1924 -0.0024704472947428167 0.0
1925 -0.002463223305015579 0.0
1926 -0.002455999315288342 0.0
1927 -0.002448775325561104 0.0
1928 -0.002441551335833866 0.0
1929 -0.0024343273461066286 0.0
1930 -0.002427103356379391 0.0
1931 -0.0024198793666521537 0.0
1932 -0.002412655376924916 0.0
1933 -0.002405431387197679 0.0
1934 -0.002398207397470441 0.0
1935 -0.002390983407743203 0.0
1936 -0.002383759418015966 0.0
1937 -0.002376535428288728 0.0
1938 -0.0023693114385614908 0.0
1939 -0.0023620874488342533 0.0
1940 -0.002354863459107016 0.0
1941 -0.002347639469379778 0.0
1942 -0.00234041547965254 0.0
1943 -0.002333191489925303 0.0
1944 -0.0023259675001980652 0.0
1945 -0.0023187435104708278 0.0
1946 -0.0023115195207435903 0.0
1947 -0.002304295531016353 0.0
1948 -0.002297071541289115 0.0
1949 -0.002289847551561877 0.0
1950 -0.00228262356183464 0.0
1951 -0.0022753995721074022 0.0
1952 -0.0022681755823801652 0.0
1953 -0.0022609515926529274 0.0
1954 -0.00225372760292569 0.0
1955 -0.002246503613198452 0.0
1956 -0.002239279623471214 0.0
1957 -0.002232055633743977 0.0
1958 -0.0022248316440167393 0.0
1959 -0.0022176076542895023 0.0
1960 -0.0022103836645622644 0.0
1961 -0.002203159674835027 0.0
1962 -0.0021959356851077895 0.0
1963 -0.0021887116953805516 0.0
1964 -0.002181487705653314 0.0
1965 -0.0021742637159260763 0.0
1966 -0.0021670397261988393 0.0
1967 -0.0021598157364716014 0.0
1968 -0.0021525917467443635 0.0
1969 -0.0021453677570171265 0.0
1970 -0.0021381437672898886 0.0
1971 -0.002130919777562651 0.0
1972 -0.0021236957878354133 0.0
1973 -0.0021164717981081763 0.0
1974 -0.0021092478083809384 0.0
1975 -0.0021020238186537006 0.0
1976 -0.0020947998289264635 0.0
1977 -0.0020875758391992257 0.0
1978 -0.0020803518494719887 0.0
1979 -0.0020731278597447508 0.0
1980 -0.0020659038700175133 0.0
1981 -0.0020586798802902755 0.0
1982 -0.0020514558905630376 0.0
1983 -0.0020442319008358006 0.0
1984 -0.0020370079111085627 0.0
1985 -0.0020297839213813257 0.0
1986 -0.002022559931654088 0.0
1987 -0.0020153359419268504 0.0
1988 -0.0020081119521996125 0.0
1989 -0.002000887962472375 0.0
1990 -0.0019936639727451376 0.0
1991 -0.0019864399830178997 0.0
1992 -0.0019792159932906627 0.0
1993 -0.001971992003563425 0.0
1994 -0.001964768013836188 0.0
1995 -0.00195754402410895 0.0
1996 -0.0019503200343817118 0.0
1997 -0.0019430960446544748 0.0
1998 -0.001935872054927237 0.0
1999 -0.0019286480651999997 0.0
2000 -0.0019286480651999997 0.0
2001 -0.0019286480651999997 0.0
2002 -0.0019286480651999997 0.0
2003 -0.0019286480651999997 0.0
2004 -0.0019286480651999997 0.0
2005 -0.0019286480651999997 0.0
2006 -0.0019286480651999997 0.0
2007 -0.0019286480651999997 0.0
2008 -0.0019286480651999997 0.0
2009 -0.0019286480651999997 0.0
2010 -0.0019286480651999997 0.0
2011 -0.0019286480651999997 0.0
2012 -0.0019286480651999997 0.0
2013 -0.0019286480651999997 0.0
2014 -0.0019286480651999997 0.0
2015 -0.0019286480651999997 0.0
2016 -0.0019286480651999997 0.0
2017 -0.0019286480651999997 0.0
2018 -0.0019286480651999997 0.0
2019 -0.0019286480651999997 0.0
2020 -0.0019286480651999997 0.0
2021 -0.0019286480651999997 0.0
2022 -0.0019286480651999997 0.0
2023 -0.0019286480651999997 0.0
2024 -0.0019286480651999997 0.0
2025 -0.0019286480651999997 0.0
2026 -0.0019286480651999997 0.0
2027 -0.0019286480651999997 0.0
2028 -0.0019286480651999997 0.0
2029 -0.0019286480651999997 0.0
2030 -0.0019286480651999997 0.0
2031 -0.0019286480651999997 0.0
2032 -0.0019286480651999997 0.0
2033 -0.0019286480651999997 0.0
2034 -0.0019286480651999997 0.0
2035 -0.0019286480651999997 0.0
2036 -0.0019286480651999997 0.0
2037 -0.0019286480651999997 0.0
2038 -0.0019286480651999997 0.0
2039 -0.0019286480651999997 0.0
2040 -0.0019286480651999997 0.0
2041 -0.0019286480651999997 0.0
2042 -0.0019286480651999997 0.0
2043 -0.0019286480651999997 0.0
2044 -0.0019286480651999997 0.0
2045 -0.0019286480651999997 0.0
2046 -0.0019286480651999997 0.0
2047 -0.0019286480651999997 0.0
2048 -0.0019286480651999997 0.0
2049 -0.0019286480651999997 0.0
2050 -0.0019286480651999997 0.0
2051 -0.0019286480651999997 0.0
2052 -0.0019286480651999997 0.0
2053 -0.0019286480651999997 0.0
2054 -0.0019286480651999997 0.0
2055 -0.0019286480651999997 0.0
2056 -0.0019286480651999997 0.0
2057 -0.0019286480651999997 0.0
2058 -0.0019286480651999997 0.0
2059 -0.0019286480651999997 0.0
2060 -0.0019286480651999997 0.0
2061 -0.0019286480651999997 0.0
2062 -0.0019286480651999997 0.0
2063 -0.0019286480651999997 0.0
2064 -0.0019286480651999997 0.0
2065 -0.0019286480651999997 0.0
2066 -0.0019286480651999997 0.0
2067 -0.0019286480651999997 0.0
2068 -0.0019286480651999997 0.0
2069 -0.0019286480651999997 0.0
2070 -0.0019286480651999997 0.0
2071 -0.0019286480651999997 0.0
2072 -0.0019286480651999997 0.0
2073 -0.0019286480651999997 0.0
2074 -0.0019286480651999997 0.0
2075 -0.0019286480651999997 0.0
2076 -0.0019286480651999997 0.0
2077 -0.0019286480651999997 0.0
2078 -0.0019286480651999997 0.0
2079 -0.0019286480651999997 0.0
2080 -0.0019286480651999997 0.0
2081 -0.0019286480651999997 0.0
2082 -0.0019286480651999997 0.0
2083 -0.0019286480651999997 0.0
2084 -0.0019286480651999997 0.0
2085 -0.0019286480651999997 0.0
2086 -0.0019286480651999997 0.0
2087 -0.0019286480651999997 0.0
2088 -0.0019286480651999997 0.0
2089 -0.0019286480651999997 0.0
2090 -0.0019286480651999997 0.0
2091 -0.0019286480651999997 0.0
2092 -0.0019286480651999997 0.0
2093 -0.0019286480651999997 0.0
2094 -0.0019286480651999997 0.0
2095 -0.0019286480651999997 0.0
2096 -0.0019286480651999997 0.0
2097 -0.0019286480651999997 0.0
2098 -0.0019286480651999997 0.0
2099 -0.0019286480651999997 0.0
2100 -0.0019286480651999997 0.0
2101 -0.0019286480651999997 0.0
2102 -0.0019286480651999997 0.0
2103 -0.0019286480651999997 0.0
2104 -0.0019286480651999997 0.0
2105 -0.0019286480651999997 0.0
2106 -0.0019286480651999997 0.0
2107 -0.0019286480651999997 0.0
2108 -0.0019286480651999997 0.0
2109 -0.0019286480651999997 0.0
2110 -0.0019286480651999997 0.0
2111 -0.0019286480651999997 0.0
2112 -0.0019286480651999997 0.0
2113 -0.0019286480651999997 0.0
2114 -0.0019286480651999997 0.0
2115 -0.0019286480651999997 0.0
2116 -0.0019286480651999997 0.0
2117 -0.0019286480651999997 0.0
2118 -0.0019286480651999997 0.0
2119 -0.0019286480651999997 0.0
2120 -0.0019286480651999997 0.0
2121 -0.0019286480651999997 0.0
2122 -0.0019286480651999997 0.0
2123 -0.0019286480651999997 0.0
2124 -0.0019286480651999997 0.0
2125 -0.0019286480651999997 0.0
2126 -0.0019286480651999997 0.0
2127 -0.0019286480651999997 0.0
2128 -0.0019286480651999997 0.0
2129 -0.0019286480651999997 0.0
2130 -0.0019286480651999997 0.0
2131 -0.0019286480651999997 0.0
2132 -0.0019286480651999997 0.0
2133 -0.0019286480651999997 0.0
2134 -0.0019286480651999997 0.0
2135 -0.0019286480651999997 0.0
2136 -0.0019286480651999997 0.0
2137 -0.0019286480651999997 0.0
2138 -0.0019286480651999997 0.0
2139 -0.0019286480651999997 0.0
2140 -0.0019286480651999997 0.0
2141 -0.0019286480651999997 0.0
2142 -0.0019286480651999997 0.0
2143 -0.0019286480651999997 0.0
2144 -0.0019286480651999997 0.0
2145 -0.0019286480651999997 0.0
2146 -0.0019286480651999997 0.0
2147 -0.0019286480651999997 0.0
2148 -0.0019286480651999997 0.0
2149 -0.0019286480651999997 0.0
2150 -0.0019286480651999997 0.0
2151 -0.0019286480651999997 0.0
2152 -0.0019286480651999997 0.0
2153 -0.0019286480651999997 0.0
2154 -0.0019286480651999997 0.0
2155 -0.0019286480651999997 0.0
2156 -0.0019286480651999997 0.0
2157 -0.0019286480651999997 0.0
2158 -0.0019286480651999997 0.0
2159 -0.0019286480651999997 0.0
2160 -0.0019286480651999997 0.0
2161 -0.0019286480651999997 0.0
2162 -0.0019286480651999997 0.0
2163 -0.0019286480651999997 0.0
2164 -0.0019286480651999997 0.0
2165 -0.0019286480651999997 0.0
2166 -0.0019286480651999997 0.0
2167 -0.0019286480651999997 0.0
2168 -0.0019286480651999997 0.0
2169 -0.0019286480651999997 0.0
2170 -0.0019286480651999997 0.0
2171 -0.0019286480651999997 0.0
2172 -0.0019286480651999997 0.0
2173 -0.0019286480651999997 0.0
2174 -0.0019286480651999997 0.0
2175 -0.0019286480651999997 0.0
2176 -0.0019286480651999997 0.0
2177 -0.0019286480651999997 0.0
2178 -0.0019286480651999997 0.0
2179 -0.0019286480651999997 0.0
2180 -0.0019286480651999997 0.0
2181 -0.0019286480651999997 0.0
2182 -0.0019286480651999997 0.0
2183 -0.0019286480651999997 0.0
2184 -0.0019286480651999997 0.0
2185 -0.0019286480651999997 0.0
2186 -0.0019286480651999997 0.0
2187 -0.0019286480651999997 0.0
2188 -0.0019286480651999997 0.0
2189 -0.0019286480651999997 0.0
2190 -0.0019286480651999997 0.0
2191 -0.0019286480651999997 0.0
2192 -0.0019286480651999997 0.0
2193 -0.0019286480651999997 0.0
2194 -0.0019286480651999997 0.0
2195 -0.0019286480651999997 0.0
2196 -0.0019286480651999997 0.0
2197 -0.0019286480651999997 0.0
2198 -0.0019286480651999997 0.0
2199 -0.0019286480651999997 0.0