2200 0.000002100546602 1.0
2
0 -0.0019286480651999997 0.0
1 -0.0019286480651999997 0.0
2 -0.0019286480651999997 0.0
3 -0.0019286480651999997 0.0
4 -0.0019286480651999997 0.0
5 -0.0019286480651999997 0.0
6 -0.0019286480651999997 0.0
7 -0.0019286480651999997 0.0
8 -0.0019286480651999997 0.0
9 -0.0019286480651999997 0.0
10 -0.0019286480651999997 0.0
11 -0.0019286480651999997 0.0
12 -0.0019286480651999997 0.0
13 -0.0019286480651999997 0.0
14 -0.0019286480651999997 0.0
15 -0.0019286480651999997 0.0
16 -0.0019286480651999997 0.0
17 -0.0019286480651999997 0.0
18 -0.0019286480651999997 0.0
19 -0.0019286480651999997 0.0
20 -0.0019286480651999997 0.0
21 -0.0019286480651999997 0.0
22 -0.0019286480651999997 0.0
23 -0.0019286480651999997 0.0
24 -0.0019286480651999997 0.0
25 -0.0019286480651999997 0.0
26 -0.0019286480651999997 0.0
27 -0.0019286480651999997 0.0
28 -0.0019286480651999997 0.0
29 -0.0019286480651999997 0.0
30 -0.0019286480651999997 0.0
31 -0.0019286480651999997 0.0
32 -0.0019286480651999997 0.0
33 -0.0019286480651999997 0.0
34 -0.0019286480651999997 0.0
35 -0.0019286480651999997 0.0
36 -0.0019286480651999997 0.0
37 -0.0019286480651999997 0.0
38 -0.0019286480651999997 0.0
39 -0.0019286480651999997 0.0
40 -0.0019286480651999997 0.0
41 -0.0019286480651999997 0.0
42 -0.0019286480651999997 0.0
43 -0.0019286480651999997 0.0
44 -0.0019286480651999997 0.0
45 -0.0019286480651999997 0.0
46 -0.0019286480651999997 0.0
47 -0.0019286480651999997 0.0
48 -0.0019286480651999997 0.0
49 -0.0019286480651999997 0.0
50 -0.0019286480651999997 0.0
51 -0.0019286480651999997 0.0
52 -0.0019286480651999997 0.0
53 -0.0019286480651999997 0.0
54 -0.0019286480651999997 0.0
55 -0.0019286480651999997 0.0
56 -0.0019286480651999997 0.0
57 -0.0019286480651999997 0.0
58 -0.0019286480651999997 0.0
59 -0.0019286480651999997 0.0
60 -0.0019286480651999997 0.0
61 -0.0019286480651999997 0.0
62 -0.0019286480651999997 0.0
63 -0.0019286480651999997 0.0
64 -0.0019286480651999997 0.0
65 -0.0019286480651999997 0.0
66 -0.0019286480651999997 0.0
67 -0.0019286480651999997 0.0
68 -0.0019286480651999997 0.0
69 -0.0019286480651999997 0.0
70 -0.0019286480651999997 0.0
71 -0.0019286480651999997 0.0
72 -0.0019286480651999997 0.0
73 -0.0019286480651999997 0.0
74 -0.0019286480651999997 0.0
75 -0.0019286480651999997 0.0
76 -0.0019286480651999997 0.0
77 -0.0019286480651999997 0.0
78 -0.0019286480651999997 0.0
79 -0.0019286480651999997 0.0
80 -0.0019286480651999997 0.0
81 -0.0019286480651999997 0.0
82 -0.0019286480651999997 0.0
83 -0.0019286480651999997 0.0
84 -0.0019286480651999997 0.0
85 -0.0019286480651999997 0.0
86 -0.0019286480651999997 0.0
87 -0.0019286480651999997 0.0
88 -0.0019286480651999997 0.0
89 -0.0019286480651999997 0.0
90 -0.0019286480651999997 0.0
91 -0.0019286480651999997 0.0
92 -0.0019286480651999997 0.0
93 -0.0019286480651999997 0.0
94 -0.0019286480651999997 0.0
95 -0.0019286480651999997 0.0
96 -0.0019286480651999997 0.0
97 -0.0019286480651999997 0.0
98 -0.0019286480651999997 0.0
99 -0.0019286480651999997 0.0
100 -0.0019286480651999997 0.0
101 -0.0019286480651999997 0.0
102 -0.0019286480651999997 0.0
103 -0.0019286480651999997 0.0
104 -0.0019286480651999997 0.0
105 -0.0019286480651999997 0.0
106 -0.0019286480651999997 0.0
107 -0.0019286480651999997 0.0
108 -0.0019286480651999997 0.0
109 -0.0019286480651999997 0.0
110 -0.0019286480651999997 0.0
111 -0.0019286480651999997 0.0
112 -0.0019286480651999997 0.0
113 -0.0019286480651999997 0.0
114 -0.0019286480651999997 0.0
115 -0.0019286480651999997 0.0
116 -0.0019286480651999997 0.0
117 -0.0019286480651999997 0.0
118 -0.0019286480651999997 0.0
119 -0.0019286480651999997 0.0
120 -0.0019286480651999997 0.0
121 -0.0019286480651999997 0.0
122 -0.0019286480651999997 0.0
123 -0.0019286480651999997 0.0
124 -0.0019286480651999997 0.0
125 -0.0019286480651999997 0.0
126 -0.0019286480651999997 0.0
127 -0.0019286480651999997 0.0
128 -0.0019286480651999997 0.0
129 -0.0019286480651999997 0.0
130 -0.0019286480651999997 0.0
131 -0.0019286480651999997 0.0
132 -0.0019286480651999997 0.0
133 -0.0019286480651999997 0.0
134 -0.0019286480651999997 0.0
135 -0.0019286480651999997 0.0
136 -0.0019286480651999997 0.0
137 -0.0019286480651999997 0.0
138 -0.0019286480651999997 0.0
139 -0.0019286480651999997 0.0
140 -0.0019286480651999997 0.0
141 -0.0019286480651999997 0.0
142 -0.0019286480651999997 0.0
143 -0.0019286480651999997 0.0
144 -0.0019286480651999997 0.0
145 -0.0019286480651999997 0.0
146 -0.0019286480651999997 0.0
147 -0.0019286480651999997 0.0
148 -0.0019286480651999997 0.0
149 -0.0019286480651999997 0.0
150 -0.0019286480651999997 0.0
151 -0.0019286480651999997 0.0
152 -0.0019286480651999997 0.0
153 -0.0019286480651999997 0.0
154 -0.0019286480651999997 0.0
155 -0.0019286480651999997 0.0
156 -0.0019286480651999997 0.0
157 -0.0019286480651999997 0.0
158 -0.0019286480651999997 0.0
159 -0.0019286480651999997 0.0
160 -0.0019286480651999997 0.0
161 -0.0019286480651999997 0.0
162 -0.0019286480651999997 0.0
163 -0.0019286480651999997 0.0
164 -0.0019286480651999997 0.0
165 -0.0019286480651999997 0.0
166 -0.0019286480651999997 0.0
167 -0.0019286480651999997 0.0
168 -0.0019286480651999997 0.0
169 -0.0019286480651999997 0.0
170 -0.0019286480651999997 0.0
171 -0.0019286480651999997 0.0
172 -0.0019286480651999997 0.0
173 -0.0019286480651999997 0.0
174 -0.0019286480651999997 0.0
175 -0.0019286480651999997 0.0
176 -0.0019286480651999997 0.0
177 -0.0019286480651999997 0.0
178 -0.0019286480651999997 0.0
179 -0.0019286480651999997 0.0
180 -0.0019286480651999997 0.0
181 -0.0019286480651999997 0.0
182 -0.0019286480651999997 0.0
183 -0.0019286480651999997 0.0
184 -0.0019286480651999997 0.0
185 -0.0019286480651999997 0.0
186 -0.0019286480651999997 0.0
187 -0.0019286480651999997 0.0
188 -0.0019286480651999997 0.0
189 -0.0019286480651999997 0.0
190 -0.0019286480651999997 0.0
191 -0.0019286480651999997 0.0
192 -0.0019286480651999997 0.0
193 -0.0019286480651999997 0.0
194 -0.0019286480651999997 0.0
195 -0.0019286480651999997 0.0
196 -0.0019286480651999997 0.0
197 -0.0019286480651999997 0.0
198 -0.0019286480651999997 0.0
199 -0.0019286480651999997 0.0
200 -0.0019286480651999997 0.0
201 -0.0019231817459040013 0.0
202 -0.0019177154266080026 0.0
203 -0.001912249107312004 0.0
204 -0.0019067827880160056 0.0
205 -0.0019013164687200072 0.0
206 -0.0018958501494240085 0.0
207 -0.00189038383012801 0.0
208 -0.0018849175108320115 0.0
209 -0.001879451191536013 0.0
210 -0.0018739848722400144 0.0
211 -0.0018685185529440159 0.0
212 -0.0018630522336480174 0.0
213 -0.001857585914352019 0.0
214 -0.0018521195950560202 0.0
215 -0.0018466532757600218 0.0
216 -0.0018411869564640233 0.0
217 -0.0018357206371680248 0.0
218 -0.0018302543178720261 0.0
219 -0.0018247879985760277 0.0
220 -0.0018193216792800292 0.0
221 -0.0018138553599840305 0.0
222 -0.001808389040688032 0.0
223 -0.0018029227213920336 0.0
224 -0.001797456402096035 0.0
225 -0.0017919900828000366 0.0
226 -0.001786523763504038 0.0
227 -0.0017810574442080394 0.0
228 -0.001775591124912041 0.0
229 -0.0017701248056160423 0.0
230 -0.0017646584863200438 0.0
231 -0.0017591921670240453 0.0
232 -0.0017537258477280469 0.0
233 -0.0017482595284320482 0.0
234 -0.0017427932091360497 0.0
235 -0.0017373268898400512 0.0
236 -0.0017318605705440525 0.0
237 -0.001726394251248054 0.0
238 -0.0017209279319520556 0.0
239 -0.0017154616126560571 0.0
240 -0.0017099952933600586 0.0
241 -0.00170452897406406 0.0
242 -0.0016990626547680615 0.0
243 -0.001693596335472063 0.0
244 -0.0016881300161760643 0.0
245 -0.0016826636968800658 0.0
246 -0.0016771973775840674 0.0
247 -0.001671731058288069 0.0
248 -0.0016662647389920704 0.0
249 -0.0016607984196960717 0.0
250 -0.0016553321004000733 0.0
251 -0.0016498657811040748 0.0
252 -0.001644399461808076 0.0
253 -0.0016389331425120776 0.0
254 -0.0016334668232160792 0.0
255 -0.0016280005039200807 0.0
256 -0.0016225341846240822 0.0
257 -0.0016170678653280835 0.0
258 -0.001611601546032085 0.0
259 -0.0016061352267360866 0.0
260 -0.0016006689074400879 0.0
261 -0.0015952025881440894 0.0
262 -0.001589736268848091 0.0
263 -0.0015842699495520925 0.0
264 -0.0015788036302560938 0.0
265 -0.0015733373109600953 0.0
266 -0.0015678709916640968 0.0
267 -0.0015624046723680981 0.0
268 -0.0015569383530720997 0.0
269 -0.0015514720337761012 0.0
270 -0.0015460057144801027 0.0
271 -0.0015405393951841042 0.0
272 -0.0015350730758881056 0.0
273 -0.001529606756592107 0.0
274 -0.0015241404372961086 0.0
275 -0.00151867411800011 0.0
276 -0.0015132077987041114 0.0
277 -0.001507741479408113 0.0
278 -0.0015022751601121145 0.0
279 -0.0014968088408161158 0.0
280 -0.0014913425215201173 0.0
281 -0.0014858762022241189 0.0
282 -0.0014804098829281204 0.0
283 -0.0014749435636321217 0.0
284 -0.0014694772443361232 0.0
285 -0.0014640109250401248 0.0
286 -0.0014585446057441263 0.0
287 -0.0014530782864481278 0.0
288 -0.0014476119671521291 0.0
289 -0.0014421456478561307 0.0
290 -0.001436679328560132 0.0
291 -0.0014312130092641335 0.0
292 -0.001425746689968135 0.0
293 -0.0014202803706721365 0.0
294 -0.001414814051376138 0.0
295 -0.0014093477320801394 0.0
296 -0.001403881412784141 0.0
297 -0.0013984150934881422 0.0
298 -0.0013929487741921437 0.0
299 -0.0013874824548961453 0.0
300 -0.0013820161356001468 0.0
301 -0.0013765498163041483 0.0
302 -0.0013710834970081499 0.0
303 -0.0013656171777121512 0.0
304 -0.0013601508584161527 0.0
305 -0.0013546845391201542 0.0
306 -0.0013492182198241555 0.0
307 -0.001343751900528157 0.0
308 -0.0013382855812321586 0.0
309 -0.00133281926193616 0.0
310 -0.0013273529426401614 0.0
311 -0.001321886623344163 0.0
312 -0.0013164203040481645 0.0
313 -0.0013109539847521658 0.0
314 -0.0013054876654561673 0.0
315 -0.0013000213461601688 0.0
316 -0.0012945550268641704 0.0
317 -0.0012890887075681719 0.0
318 -0.0012836223882721734 0.0
319 -0.0012781560689761747 0.0
320 -0.001272689749680176 0.0
321 -0.0012672234303841776 0.0
322 -0.001261757111088179 0.0
323 -0.0012562907917921806 0.0
324 -0.0012508244724961821 0.0
325 -0.0012453581532001837 0.0
326 -0.0012398918339041852 0.0
327 -0.0012344255146081863 0.0
328 -0.0012289591953121878 0.0
329 -0.0012234928760161893 0.0
330 -0.0012180265567201909 0.0
331 -0.0012125602374241924 0.0
332 -0.001207093918128194 0.0
333 -0.0012016275988321955 0.0
334 -0.0011961612795361968 0.0
335 -0.0011906949602401983 0.0
336 -0.0011852286409441996 0.0
337 -0.0011797623216482011 0.0
338 -0.0011742960023522027 0.0
339 -0.0011688296830562042 0.0
340 -0.0011633633637602057 0.0
341 -0.001157897044464207 0.0
342 -0.0011524307251682085 0.0
343 -0.00114696440587221 0.0
344 -0.0011414980865762114 0.0
345 -0.001136031767280213 0.0
346 -0.0011305654479842144 0.0
347 -0.001125099128688216 0.0
348 -0.0011196328093922175 0.0
349 -0.0011141664900962188 0.0
350 -0.0011087001708002203 0.0
351 -0.0011032338515042216 0.0
352 -0.0010977675322082232 0.0
353 -0.0010923012129122247 0.0
354 -0.0010868348936162262 0.0
355 -0.0010813685743202277 0.0
356 -0.0010759022550242293 0.0
357 -0.0010704359357282306 0.0
358 -0.001064969616432232 0.0
359 -0.0010595032971362334 0.0
360 -0.001054036977840235 0.0
361 -0.0010485706585442365 0.0
362 -0.001043104339248238 0.0
363 -0.0010376380199522395 0.0
364 -0.001032171700656241 0.0
365 -0.0010267053813602424 0.0
366 -0.0010212390620642437 0.0
367 -0.0010157727427682452 0.0
368 -0.0010103064234722467 0.0
369 -0.0010048401041762483 0.0
370 -0.0009993737848802498 0.0
371 -0.0009939074655842513 0.0
372 -0.0009884411462882526 0.0
373 -0.0009829748269922541 0.0
374 -0.0009775085076962557 0.0
375 -0.000972042188400257 0.0
376 -0.0009665758691042585 0.0
377 -0.00096110954980826 0.0
378 -0.0009556432305122616 0.0
379 -0.0009501769112162629 0.0
380 -0.0009447105919202644 0.0
381 -0.0009392442726242659 0.0
382 -0.0009337779533282672 0.0
383 -0.0009283116340322688 0.0
384 -0.0009228453147362703 0.0
385 -0.0009173789954402718 0.0
386 -0.0009119126761442731 0.0
387 -0.0009064463568482747 0.0
388 -0.0009009800375522762 0.0
389 -0.0008955137182562775 0.0
390 -0.000890047398960279 0.0
391 -0.0008845810796642805 0.0
392 -0.0008791147603682821 0.0
393 -0.0008736484410722836 0.0
394 -0.0008681821217762849 0.0
395 -0.0008627158024802864 0.0
396 -0.000857249483184288 0.0
397 -0.0008517831638882895 0.0
398 -0.0008463168445922908 0.0
399 -0.0008408505252962923 0.0
400 -0.0008353842060002939 0.0
401 -0.0008299178867042954 0.0
402 -0.0008244515674082967 0.0
403 -0.0008189852481122982 0.0
404 -0.0008135189288162998 0.0
405 -0.0008080526095203011 0.0
406 -0.0008025862902243026 0.0
407 -0.0007971199709283041 0.0
408 -0.0007916536516323056 0.0
409 -0.0007861873323363072 0.0
410 -0.0007807210130403087 0.0
411 -0.00077525469374431 0.0
412 -0.0007697883744483113 0.0
413 -0.0007643220551523128 0.0
414 -0.0007588557358563144 0.0
415 -0.0007533894165603159 0.0
416 -0.0007479230972643174 0.0
417 -0.000742456777968319 0.0
418 -0.0007369904586723203 0.0
419 -0.0007315241393763216 0.0
420 -0.0007260578200803231 0.0
421 -0.0007205915007843246 0.0
422 -0.0007151251814883262 0.0
423 -0.0007096588621923277 0.0
424 -0.0007041925428963292 0.0
425 -0.0006987262236003305 0.0
426 -0.000693259904304332 0.0
427 -0.0006877935850083336 0.0
428 -0.0006823272657123349 0.0
429 -0.0006768609464163364 0.0
430 -0.0006713946271203379 0.0
431 -0.0006659283078243395 0.0
432 -0.0006604619885283408 0.0
433 -0.0006549956692323423 0.0
434 -0.0006495293499363438 0.0
435 -0.0006440630306403454 0.0
436 -0.0006385967113443469 0.0
437 -0.0006331303920483482 0.0
438 -0.0006276640727523497 0.0
439 -0.000622197753456351 0.0
440 -0.0006167314341603526 0.0
441 -0.0006112651148643541 0.0
442 -0.0006057987955683556 0.0
443 -0.0006003324762723571 0.0
444 -0.0005948661569763587 0.0
445 -0.0005893998376803602 0.0
446 -0.0005839335183843613 0.0
447 -0.0005784671990883628 0.0
448 -0.0005730008797923643 0.0
449 -0.0005675345604963659 0.0
450 -0.0005620682412003674 0.0
451 -0.0005566019219043689 0.0
452 -0.0005511356026083704 0.0
453 -0.0005456692833123715 0.0
454 -0.0005402029640163731 0.0
455 -0.0005347366447203746 0.0
456 -0.0005292703254243761 0.0
457 -0.0005238040061283776 0.0
458 -0.0005183376868323792 0.0
459 -0.0005128713675363807 0.0
460 -0.000507405048240382 0.0
461 -0.0005019387289443835 0.0
462 -0.0004964724096483848 0.0
463 -0.0004910060903523864 0.0
464 -0.0004855397710563879 0.0
465 -0.00048007345176038943 0.0
466 -0.00047460713246439096 0.0
467 -0.00046914081316839227 0.0
468 -0.0004636744938723938 0.0
469 -0.0004582081745763953 0.0
470 -0.00045274185528039685 0.0
471 -0.00044727553598439816 0.0
472 -0.0004418092166883997 0.0
473 -0.0004363428973924012 0.0
474 -0.0004308765780964025 0.0
475 -0.00042541025880040405 0.0
476 -0.0004199439395044056 0.0
477 -0.0004144776202084071 0.0
478 -0.00040901130091240863 0.0
479 -0.00040354498161641016 0.0
480 -0.00039807866232041147 0.0
481 -0.0003926123430244128 0.0
482 -0.0003871460237284143 0.0
483 -0.00038167970443241583 0.0
484 -0.00037621338513641736 0.0
485 -0.0003707470658404189 0.0
486 -0.0003652807465444204 0.0
487 -0.00035981442724842194 0.0
488 -0.00035434810795242303 0.0
489 -0.00034888178865642456 0.0
490 -0.0003434154693604261 0.0
491 -0.0003379491500644276 0.0
492 -0.00033248283076842914 0.0
493 -0.00032701651147243067 0.0
494 -0.0003215501921764322 0.0
495 -0.0003160838728804335 0.0
496 -0.00031061755358443503 0.0
497 -0.00030515123428843634 0.0
498 -0.00029968491499243787 0.0
499 -0.0002942185956964394 0.0
500 -0.0002887522764004409 0.0
501 -0.00028328595710444223 0.0
502 -0.00027781963780844376 0.0
503 -0.0002723533185124453 0.0
504 -0.0002668869992164468 0.0
505 -0.0002614206799204481 0.0
506 -0.00025595436062444965 0.0
507 -0.0002504880413284512 0.0
508 -0.0002450217220324525 0.0
509 -0.00023955540273645401 0.0
510 -0.00023408908344045554 0.0
511 -0.00022862276414445707 0.0
512 -0.0002231564448484586 0.0
513 -0.00021769012555246012 0.0
514 -0.00021222380625646143 0.0
515 -0.00020675748696046274 0.0
516 -0.00020129116766446427 0.0
517 -0.0001958248483684658 0.0
518 -0.00019035852907246732 0.0
519 -0.00018489220977646885 0.0
520 -0.00017942589048047038 0.0
521 -0.0001739595711844719 0.0
522 -0.000168493251888473 0.0
523 -0.00016302693259247453 0.0
524 -0.00015756061329647605 0.0
525 -0.00015209429400047758 0.0
526 -0.0001466279747044791 0.0
527 -0.00014116165540848063 0.0
528 -0.00013569533611248216 0.0
529 -0.00013022901681648347 0.0
530 -0.000124762697520485 0.0
531 -0.00011929637822448631 0.0
532 -0.00011383005892848783 0.0
533 -0.00010836373963248936 0.0
534 -0.00010289742033649089 0.0
535 -9.743110104049242e-05 0.0
536 -9.196478174449373e-05 0.0
537 -8.649846244849525e-05 0.0
538 -8.103214315249678e-05 0.0
539 -7.556582385649831e-05 0.0
540 -7.009950456049962e-05 0.0
541 -6.463318526450114e-05 0.0
542 -5.916686596850267e-05 0.0
543 -5.370054667250398e-05 0.0
544 -4.823422737650551e-05 0.0
545 -4.2767908080507035e-05 0.0
546 -3.730158878450856e-05 0.0
547 -3.183526948851009e-05 0.0
548 -2.6368950192511616e-05 0.0
549 -2.0902630896512927e-05 0.0
550 -1.5436311600514237e-05 0.0
551 -9.969992304515764e-06 0.0
552 -4.503673008517291e-06 0.0
553 9.626462874811823e-07 0.0
554 6.428965583479655e-06 0.0
555 1.1895284879478128e-05 0.0
556 1.73616041754766e-05 0.0
557 2.2827923471475508e-05 0.0
558 2.829424276747398e-05 0.0
559 3.3760562063472454e-05 0.0
560 3.922688135947093e-05 0.0
561 4.46932006554694e-05 0.0
562 5.015951995146787e-05 0.0
563 5.5625839247466346e-05 0.0
564 6.109215854346525e-05 0.0
565 6.655847783946373e-05 0.0
566 7.20247971354622e-05 0.0
567 7.749111643146067e-05 0.0
568 8.295743572745914e-05 0.0
569 8.842375502345762e-05 0.0
570 9.389007431945609e-05 0.0
571 9.9356393615455e-05 0.0
572 0.00010482271291145347 0.0
573 0.00011028903220745194 0.0
574 0.00011575535150345042 0.0
575 0.00012122167079944889 0.0
576 0.00012668799009544736 0.0
577 0.00013215430939144584 0.0
578 0.00013762062868744474 0.0
579 0.00014308694798344321 0.0
580 0.0001485532672794417 0.0
581 0.00015401958657544016 0.0
582 0.00015948590587143863 0.0
583 0.0001649522251674371 0.0
584 0.00017041854446343558 0.0
585 0.00017588486375943405 0.0
586 0.00018135118305543253 0.0
587 0.00018681750235143143 0.0
588 0.0001922838216474299 0.0
589 0.00019775014094342838 0.0
590 0.00020321646023942685 0.0
591 0.00020868277953542532 0.0
592 0.0002141490988314238 0.0
593 0.00021961541812742227 0.0
594 0.00022508173742342074 0.0
595 0.00023054805671941922 0.0
596 0.00023601437601541812 0.0
597 0.0002414806953114166 0.0
598 0.00024694701460741507 0.0
599 0.00025241333390341354 0.0
600 0.000257879653199412 0.0
601 0.0002633459724954105 0.0
602 0.00026881229179140896 0.0
603 0.00027427861108740787 0.0
604 0.00027974493038340634 0.0
605 0.0002852112496794048 0.0
606 0.0002906775689754033 0.0
607 0.00029614388827140176 0.0
608 0.00030161020756740023 0.0
609 0.0003070765268633987 0.0
610 0.0003125428461593976 0.0
611 0.00031800916545539565 0.0
612 0.00032347548475139456 0.0
613 0.00032894180404739303 0.0
614 0.0003344081233433915 0.0
615 0.00033987444263939 0.0
616 0.00034534076193538845 0.0
617 0.00035080708123138736 0.0
618 0.0003562734005273854 0.0
619 0.0003617397198233843 0.0
620 0.00036720603911938234 0.0
621 0.00037267235841538125 0.0
622 0.0003781386777113797 0.0
623 0.0003836049970073782 0.0
624 0.0003890713163033771 0.0
625 0.00039453763559937514 0.0
626 0.00040000395489537405 0.0
627 0.0004054702741913721 0.0
628 0.000410936593487371 0.0
629 0.0004164029127833699 0.0
630 0.00042186923207936794 0.0
631 0.00042733555137536685 0.0
632 0.0004328018706713649 0.0
633 0.0004382681899673638 0.0
634 0.00044373450926336183 0.0
635 0.00044920082855936074 0.0
636 0.0004546671478553592 0.0
637 0.0004601334671513577 0.0
638 0.0004655997864473566 0.0
639 0.00047106610574335463 0.0
640 0.00047653242503935354 0.0
641 0.0004819987443353516 0.0
642 0.0004874650636313505 0.0
643 0.000492931382927349 0.0
644 0.0004983977022233474 0.0
645 0.0005038640215193459 0.0
646 0.0005093303408153444 0.0
647 0.0005147966601113433 0.0
648 0.0005202629794073413 0.0
649 0.0005257292987033402 0.0
650 0.0005311956179993387 0.0
651 0.0005366619372953372 0.0
652 0.0005421282565913356 0.0
653 0.0005475945758873341 0.0
654 0.0005530608951833326 0.0
655 0.0005585272144793311 0.0
656 0.00056399353377533 0.0
657 0.0005694598530713284 0.0
658 0.0005749261723673269 0.0
659 0.0005803924916633254 0.0
660 0.0005858588109593239 0.0
661 0.0005913251302553223 0.0
662 0.0005967914495513208 0.0
663 0.0006022577688473193 0.0
664 0.0006077240881433182 0.0
665 0.0006131904074393167 0.0
666 0.0006186567267353151 0.0
667 0.0006241230460313136 0.0
668 0.0006295893653273121 0.0
669 0.0006350556846233106 0.0
670 0.000640522003919309 0.0
671 0.0006459883232153079 0.0
672 0.000651454642511306 0.0
673 0.0006569209618073049 0.0
674 0.0006623872811033034 0.0
675 0.0006678536003993018 0.0
676 0.0006733199196953003 0.0
677 0.0006787862389912988 0.0
678 0.0006842525582872977 0.0
679 0.0006897188775832957 0.0
680 0.0006951851968792946 0.0
681 0.0007006515161752927 0.0
682 0.0007061178354712916 0.0
683 0.00071158415476729 0.0
684 0.0007170504740632885 0.0
685 0.0007225167933592874 0.0
686 0.0007279831126552855 0.0
687 0.0007334494319512844 0.0
688 0.0007389157512472824 0.0
689 0.0007443820705432813 0.0
690 0.0007498483898392794 0.0
691 0.0007553147091352783 0.0
692 0.0007607810284312772 0.0
693 0.0007662473477272752 0.0
694 0.0007717136670232741 0.0
695 0.0007771799863192722 0.0
696 0.0007826463056152711 0.0
697 0.0007881126249112691 0.0
698 0.000793578944207268 0.0
699 0.0007990452635032669 0.0
700 0.000804511582799265 0.0
701 0.0008099779020952639 0.0
702 0.0008154442213912619 0.0
703 0.0008209105406872608 0.0
704 0.0008263768599832588 0.0
705 0.0008318431792792578 0.0
706 0.0008373094985752567 0.0
707 0.0008427758178712547 0.0
708 0.0008482421371672536 0.0
709 0.0008537084564632516 0.0
710 0.0008591747757592505 0.0
711 0.0008646410950552486 0.0
712 0.0008701074143512475 0.0
713 0.000875573733647246 0.0
714 0.0008810400529432444 0.0
715 0.0008865063722392433 0.0
716 0.0008919726915352414 0.0
717 0.0008974390108312403 0.0
718 0.0009029053301272383 0.0
719 0.0009083716494232372 0.0
720 0.0009138379687192357 0.0
721 0.0009193042880152342 0.0
722 0.0009247706073112327 0.0
723 0.0009302369266072311 0.0
724 0.00093570324590323 0.0
725 0.0009411695651992281 0.0
726 0.000946635884495227 0.0
727 0.0009521022037912255 0.0
728 0.0009575685230872239 0.0
729 0.0009630348423832224 0.0
730 0.0009685011616792209 0.0
731 0.0009739674809752193 0.0
732 0.0009794338002712178 0.0
733 0.0009849001195672167 0.0
734 0.0009903664388632152 0.0
735 0.0009958327581592137 0.0
736 0.0010012990774552121 0.0
737 0.0010067653967512106 0.0
738 0.001012231716047209 0.0
739 0.0010176980353432076 0.0
740 0.001023164354639206 0.0
741 0.001028630673935205 0.0
742 0.0010340969932312034 0.0
743 0.001039563312527202 0.0
744 0.0010450296318232004 0.0
745 0.0010504959511191988 0.0
746 0.0010559622704151973 0.0
747 0.0010614285897111958 0.0
748 0.0010668949090071947 0.0
749 0.0010723612283031927 0.0
750 0.0010778275475991916 0.0
751 0.0010832938668951901 0.0
752 0.0010887601861911886 0.0
753 0.001094226505487187 0.0
754 0.0010996928247831855 0.0
755 0.0011051591440791844 0.0
756 0.0011106254633751825 0.0
757 0.0011160917826711814 0.0
758 0.0011215581019671794 0.0
759 0.0011270244212631783 0.0
760 0.0011324907405591768 0.0
761 0.0011379570598551753 0.0
762 0.0011434233791511742 0.0
763 0.0011488896984471722 0.0
764 0.0011543560177431711 0.0
765 0.0011598223370391692 0.0
766 0.001165288656335168 0.0
767 0.0011707549756311661 0.0
768 0.001176221294927165 0.0
769 0.001181687614223164 0.0
770 0.001187153933519162 0.0
771 0.0011926202528151609 0.0
772 0.001198086572111159 0.0
773 0.0012035528914071578 0.0
774 0.0012090192107031559 0.0
775 0.0012144855299991548 0.0
776 0.0012199518492951537 0.0
777 0.0012254181685911517 0.0
778 0.0012308844878871506 0.0
779 0.0012363508071831487 0.0
780 0.0012418171264791476 0.0
781 0.0012472834457751456 0.0
782 0.0012527497650711445 0.0
783 0.001258216084367143 0.0
784 0.0012636824036631415 0.0
785 0.0012691487229591404 0.0
786 0.0012746150422551384 0.0
787 0.0012800813615511373 0.0
788 0.0012855476808471353 0.0
789 0.0012910140001431343 0.0
790 0.0012964803194391327 0.0
791 0.0013019466387351312 0.0
792 0.0013074129580311297 0.0
793 0.0013128792773271281 0.0
794 0.001318345596623127 0.0
795 0.001323811915919125 0.0
796 0.001329278235215124 0.0
797 0.0013347445545111225 0.0
798 0.001340210873807121 0.0
799 0.0013456771931031194 0.0
800 0.0013511435123991179 0.0
801 0.0013566098316951168 0.0
802 0.0013620761509911153 0.0
803 0.0013675424702871137 0.0
804 0.0013730087895831122 0.0
805 0.0013784751088791107 0.0
806 0.0013839414281751092 0.0
807 0.0013894077474711076 0.0
808 0.001394874066767106 0.0
809 0.001400340386063105 0.0
810 0.0014058067053591035 0.0
811 0.001411273024655102 0.0
812 0.0014167393439511004 0.0
813 0.001422205663247099 0.0
814 0.0014276719825430974 0.0
815 0.0014331383018390959 0.0
816 0.0014386046211350948 0.0
817 0.0014440709404310928 0.0
818 0.0014495372597270917 0.0
819 0.0014550035790230902 0.0
820 0.0014604698983190887 0.0
821 0.0014659362176150871 0.0
822 0.0014714025369110856 0.0
823 0.0014768688562070845 0.0
824 0.0014823351755030825 0.0
825 0.0014878014947990814 0.0
826 0.0014932678140950795 0.0
827 0.0014987341333910784 0.0
828 0.0015042004526870769 0.0
829 0.0015096667719830753 0.0
830 0.0015151330912790742 0.0
831 0.0015205994105750723 0.0
832 0.0015260657298710712 0.0
833 0.0015315320491670692 0.0
834 0.0015369983684630681 0.0
835 0.0015424646877590662 0.0
836 0.001547931007055065 0.0
837 0.001553397326351064 0.0
838 0.001558863645647062 0.0
839 0.001564329964943061 0.0
840 0.001569796284239059 0.0
841 0.0015752626035350579 0.0
842 0.001580728922831056 0.0
843 0.0015861952421270548 0.0
844 0.0015916615614230537 0.0
845 0.0015971278807190518 0.0
846 0.0016025942000150507 0.0
847 0.0016080605193110487 0.0
848 0.0016135268386070476 0.0
849 0.0016189931579030457 0.0
850 0.0016244594771990446 0.0
851 0.001629925796495043 0.0
852 0.0016353921157910415 0.0
853 0.0016408584350870404 0.0
854 0.0016463247543830385 0.0
855 0.0016517910736790374 0.0
856 0.0016572573929750354 0.0
857 0.0016627237122710343 0.0
858 0.0016681900315670328 0.0
859 0.0016736563508630313 0.0
860 0.0016791226701590297 0.0
861 0.0016845889894550282 0.0
862 0.0016900553087510271 0.0
863 0.0016955216280470252 0.0
864 0.001700987947343024 0.0
865 0.0017064542666390225 0.0
866 0.001711920585935021 0.0
867 0.0017173869052310195 0.0
868 0.001722853224527018 0.0
869 0.0017283195438230164 0.0
870 0.001733785863119015 0.0
871 0.0017392521824150138 0.0
872 0.0017447185017110123 0.0
873 0.0017501848210070108 0.0
874 0.0017556511403030092 0.0
875 0.0017611174595990077 0.0
876 0.0017665837788950062 0.0
877 0.0017720500981910046 0.0
878 0.0017775164174870031 0.0
879 0.001782982736783002 0.0
880 0.0017884490560790005 0.0
881 0.001793915375374999 0.0
882 0.0017993816946709974 0.0
883 0.001804848013966996 0.0
884 0.0018103143332629944 0.0
885 0.0018157806525589929 0.0
886 0.0018212469718549918 0.0
887 0.0018267132911509898 0.0
888 0.0018321796104469887 0.0
889 0.0018376459297429872 0.0
890 0.0018431122490389857 0.0
891 0.0018485785683349841 0.0
892 0.0018540448876309826 0.0
893 0.0018595112069269815 0.0
894 0.0018649775262229796 0.0
895 0.0018704438455189785 0.0
896 0.0018759101648149765 0.0
897 0.0018813764841109754 0.0
898 0.0018868428034069739 0.0
899 0.0018923091227029724 0.0
900 0.0018977754419989713 0.0
901 0.0019032417612949693 0.0
902 0.0019087080805909682 0.0
903 0.0019141743998869662 0.0
904 0.0019196407191829652 0.0
905 0.0019251070384789636 0.0
906 0.001930573357774962 0.0
907 0.001936039677070961 0.0
908 0.001941505996366959 0.0
909 0.001946972315662958 0.0
910 0.001952438634958956 0.0
911 0.001957904954254955 0.0
912 0.001963371273550953 0.0
913 0.001968837592846952 0.0
914 0.0019743039121429507 0.0
915 0.0019797702314389492 0.0
916 0.0019852365507349477 0.0
917 0.001990702870030946 0.0
918 0.0019961691893269446 0.0
919 0.002001635508622943 0.0
920 0.0020071018279189416 0.0
921 0.00201256814721494 0.0
922 0.0020180344665109385 0.0
923 0.002023500785806937 0.0
924 0.0020289671051029355 0.0
925 0.002034433424398934 0.0
926 0.0020398997436949324 0.0
927 0.002045366062990931 0.0
928 0.0020508323822869302 0.0
929 0.002056298701582928 0.0
930 0.002061765020878927 0.0
931 0.0020672313401749257 0.0
932 0.002072697659470924 0.0
933 0.0020781639787669226 0.0
934 0.002083630298062921 0.0
935 0.0020890966173589195 0.0
936 0.002094562936654918 0.0
937 0.0021000292559509165 0.0
938 0.002105495575246915 0.0
939 0.0021109618945429134 0.0
940 0.002116428213838912 0.0
941 0.0021218945331349104 0.0
942 0.0021273608524309097 0.0
943 0.0021328271717269073 0.0
944 0.0021382934910229067 0.0
945 0.0021437598103189043 0.0
946 0.0021492261296149036 0.0
947 0.0021546924489109012 0.0
948 0.0021601587682069006 0.0
949 0.002165625087502899 0.0
950 0.0021710914067988975 0.0
951 0.002176557726094896 0.0
952 0.0021820240453908945 0.0
953 0.002187490364686893 0.0
954 0.0021929566839828914 0.0
955 0.00219842300327889 0.0
956 0.0022038893225748892 0.0
957 0.002209355641870887 0.0
958 0.002214821961166886 0.0
959 0.0022202882804628838 0.0
960 0.002225754599758883 0.0
961 0.0022312209190548807 0.0
962 0.00223668723835088 0.0
963 0.0022421535576468785 0.0
964 0.002247619876942877 0.0
965 0.0022530861962388755 0.0
966 0.002258552515534874 0.0
967 0.0022640188348308724 0.0
968 0.002269485154126871 0.0
969 0.0022749514734228694 0.0
970 0.002280417792718868 0.0
971 0.0022858841120148663 0.0
972 0.002291350431310865 0.0
973 0.0022968167506068633 0.0
974 0.0023022830699028626 0.0
975 0.002307749389198861 0.0
976 0.0023132157084948595 0.0
977 0.002318682027790858 0.0
978 0.0023241483470868565 0.0
979 0.002329614666382855 0.0
980 0.0023350809856788534 0.0
981 0.002340547304974852 0.0
982 0.0023460136242708504 0.0
983 0.002351479943566849 0.0
984 0.0023569462628628473 0.0
985 0.002362412582158846 0.0
986 0.0023678789014548443 0.0
987 0.0023733452207508427 0.0
988 0.0023788115400468412 0.0
989 0.0023842778593428406 0.0
990 0.002389744178638838 0.0
991 0.0023952104979348375 0.0
992 0.002400676817230836 0.0
993 0.0024061431365268345 0.0
994 0.002411609455822833 0.0
995 0.0024170757751188314 0.0
996 0.00242254209441483 0.0
997 0.0024280084137108283 0.0
998 0.002433474733006827 0.0
999 0.0024389410523028253 0.0
1000 [0.00243894] 0.0
1001 [0.00243894] 0.0
1002 [0.00243894] 0.0
1003 [0.00243894] 0.0
1004 [0.00243894] 0.0
1005 [0.00243894] 0.0
1006 [0.00243894] 0.0
1007 [0.00243894] 0.0
1008 [0.00243894] 0.0
1009 [0.00243894] 0.0
1010 [0.00243894] 0.0
1011 [0.00243894] 0.0
1012 [0.00243894] 0.0
1013 [0.00243894] 0.0
1014 [0.00243894] 0.0
1015 [0.00243894] 0.0
1016 [0.00243894] 0.0
1017 [0.00243894] 0.0
1018 [0.00243894] 0.0
1019 [0.00243894] 0.0
1020 [0.00243894] 0.0
1021 [0.00243894] 0.0
1022 [0.00243894] 0.0
1023 [0.00243894] 0.0
1024 [0.00243894] 0.0
1025 [0.00243894] 0.0
1026 [0.00243894] 0.0
1027 [0.00243894] 0.0
1028 [0.00243894] 0.0
1029 [0.00243894] 0.0
1030 [0.00243894] 0.0
1031 [0.00243894] 0.0
1032 [0.00243894] 0.0
1033 [0.00243894] 0.0
1034 [0.00243894] 0.0
1035 [0.00243894] 0.0
1036 [0.00243894] 0.0
1037 [0.00243894] 0.0
1038 [0.00243894] 0.0
1039 [0.00243894] 0.0
1040 [0.00243894] 0.0
1041 [0.00243894] 0.0
1042 [0.00243894] 0.0
1043 [0.00243894] 0.0
1044 [0.00243894] 0.0
1045 [0.00243894] 0.0
1046 [0.00243894] 0.0
1047 [0.00243894] 0.0
1048 [0.00243894] 0.0
1049 [0.00243894] 0.0
1050 [0.00243894] 0.0
1051 [0.00243894] 0.0
1052 [0.00243894] 0.0
1053 [0.00243894] 0.0
1054 [0.00243894] 0.0
1055 [0.00243894] 0.0
1056 [0.00243894] 0.0
1057 [0.00243894] 0.0
1058 [0.00243894] 0.0
1059 [0.00243894] 0.0
1060 [0.00243894] 0.0
1061 [0.00243894] 0.0
1062 [0.00243894] 0.0
1063 [0.00243894] 0.0
1064 [0.00243894] 0.0
1065 [0.00243894] 0.0
1066 [0.00243894] 0.0
1067 [0.00243894] 0.0
1068 [0.00243894] 0.0
1069 [0.00243894] 0.0
1070 [0.00243894] 0.0
1071 [0.00243894] 0.0
1072 [0.00243894] 0.0
1073 [0.00243894] 0.0
1074 [0.00243894] 0.0
1075 [0.00243894] 0.0
1076 [0.00243894] 0.0
1077 [0.00243894] 0.0
1078 [0.00243894] 0.0
1079 [0.00243894] 0.0
1080 [0.00243894] 0.0
1081 [0.00243894] 0.0
1082 [0.00243894] 0.0
1083 [0.00243894] 0.0
1084 [0.00243894] 0.0
1085 [0.00243894] 0.0
1086 [0.00243894] 0.0
1087 [0.00243894] 0.0
1088 [0.00243894] 0.0
1089 [0.00243894] 0.0
1090 [0.00243894] 0.0
1091 [0.00243894] 0.0
1092 [0.00243894] 0.0
1093 [0.00243894] 0.0
1094 [0.00243894] 0.0
1095 [0.00243894] 0.0
1096 [0.00243894] 0.0
1097 [0.00243894] 0.0
1098 [0.00243894] 0.0
1099 [0.00243894] 0.0
1100 [0.00243894] 0.0
1101 [0.00243894] 0.0
1102 [0.00243894] 0.0
1103 [0.00243894] 0.0
1104 [0.00243894] 0.0
1105 [0.00243894] 0.0
1106 [0.00243894] 0.0
1107 [0.00243894] 0.0
1108 [0.00243894] 0.0
1109 [0.00243894] 0.0
1110 [0.00243894] 0.0
1111 [0.00243894] 0.0
1112 [0.00243894] 0.0
1113 [0.00243894] 0.0
1114 [0.00243894] 0.0
1115 [0.00243894] 0.0
1116 [0.00243894] 0.0
1117 [0.00243894] 0.0
1118 [0.00243894] 0.0
1119 [0.00243894] 0.0
1120 [0.00243894] 0.0
1121 [0.00243894] 0.0
1122 [0.00243894] 0.0
1123 [0.00243894] 0.0
1124 [0.00243894] 0.0
1125 [0.00243894] 0.0
1126 [0.00243894] 0.0
1127 [0.00243894] 0.0
1128 [0.00243894] 0.0
1129 [0.00243894] 0.0
1130 [0.00243894] 0.0
1131 [0.00243894] 0.0
1132 [0.00243894] 0.0
1133 [0.00243894] 0.0
1134 [0.00243894] 0.0
1135 [0.00243894] 0.0
1136 [0.00243894] 0.0
1137 [0.00243894] 0.0
1138 [0.00243894] 0.0
1139 [0.00243894] 0.0
1140 [0.00243894] 0.0
1141 [0.00243894] 0.0
1142 [0.00243894] 0.0
1143 [0.00243894] 0.0
1144 [0.00243894] 0.0
1145 [0.00243894] 0.0
1146 [0.00243894] 0.0
1147 [0.00243894] 0.0
1148 [0.00243894] 0.0
1149 [0.00243894] 0.0
1150 [0.00243894] 0.0
1151 [0.00243894] 0.0
1152 [0.00243894] 0.0
1153 [0.00243894] 0.0
1154 [0.00243894] 0.0
1155 [0.00243894] 0.0
1156 [0.00243894] 0.0
1157 [0.00243894] 0.0
1158 [0.00243894] 0.0
1159 [0.00243894] 0.0
1160 [0.00243894] 0.0
1161 [0.00243894] 0.0
1162 [0.00243894] 0.0
1163 [0.00243894] 0.0
1164 [0.00243894] 0.0
1165 [0.00243894] 0.0
1166 [0.00243894] 0.0
1167 [0.00243894] 0.0
1168 [0.00243894] 0.0
1169 [0.00243894] 0.0
1170 [0.00243894] 0.0
1171 [0.00243894] 0.0
1172 [0.00243894] 0.0
1173 [0.00243894] 0.0
1174 [0.00243894] 0.0
1175 [0.00243894] 0.0
1176 [0.00243894] 0.0
1177 [0.00243894] 0.0
1178 [0.00243894] 0.0
1179 [0.00243894] 0.0
1180 [0.00243894] 0.0
1181 [0.00243894] 0.0
1182 [0.00243894] 0.0
1183 [0.00243894] 0.0
1184 [0.00243894] 0.0
1185 [0.00243894] 0.0
1186 [0.00243894] 0.0
1187 [0.00243894] 0.0
1188 [0.00243894] 0.0
1189 [0.00243894] 0.0
1190 [0.00243894] 0.0
1191 [0.00243894] 0.0
1192 [0.00243894] 0.0
1193 [0.00243894] 0.0
1194 [0.00243894] 0.0
1195 [0.00243894] 0.0
1196 [0.00243894] 0.0
1197 [0.00243894] 0.0
1198 [0.00243894] 0.0
1199 [0.00243894] 0.0
1200 0.0024389410523028253 0.0
1201 0.002433474733006827 0.0
1202 0.0024280084137108283 0.0
1203 0.00242254209441483 0.0
1204 0.0024170757751188314 0.0
1205 0.002411609455822833 0.0
1206 0.0024061431365268345 0.0
1207 0.002400676817230836 0.0
1208 0.0023952104979348366 0.0
1209 0.002389744178638838 0.0
1210 0.0023842778593428397 0.0
1211 0.0023788115400468412 0.0
1212 0.0023733452207508427 0.0
1213 0.0023678789014548443 0.0
1214 0.002362412582158846 0.0
1215 0.0023569462628628473 0.0
1216 0.002351479943566849 0.0
1217 0.0023460136242708504 0.0
1218 0.002340547304974852 0.0
1219 0.0023350809856788534 0.0
1220 0.002329614666382855 0.0
1221 0.0023241483470868565 0.0
1222 0.002318682027790857 0.0
1223 0.0023132157084948595 0.0
1224 0.00230774938919886 0.0
1225 0.0023022830699028626 0.0
1226 0.0022968167506068633 0.0
1227 0.002291350431310865 0.0
1228 0.0022858841120148663 0.0
1229 0.002280417792718868 0.0
1230 0.0022749514734228694 0.0
1231 0.002269485154126871 0.0
1232 0.0022640188348308724 0.0
1233 0.002258552515534874 0.0
1234 0.0022530861962388755 0.0
1235 0.002247619876942877 0.0
1236 0.0022421535576468777 0.0
1237 0.00223668723835088 0.0
1238 0.0022312209190548807 0.0
1239 0.002225754599758883 0.0
1240 0.0022202882804628838 0.0
1241 0.002214821961166886 0.0
1242 0.002209355641870887 0.0
1243 0.0022038893225748884 0.0
1244 0.00219842300327889 0.0
1245 0.0021929566839828914 0.0
1246 0.002187490364686893 0.0
1247 0.0021820240453908945 0.0
1248 0.002176557726094896 0.0
1249 0.0021710914067988975 0.0
1250 0.002165625087502899 0.0
1251 0.0021601587682069006 0.0
1252 0.0021546924489109012 0.0
1253 0.0021492261296149036 0.0
1254 0.0021437598103189043 0.0
1255 0.0021382934910229067 0.0
1256 0.0021328271717269073 0.0
1257 0.002127360852430909 0.0
1258 0.0021218945331349104 0.0
1259 0.002116428213838912 0.0
1260 0.0021109618945429134 0.0
1261 0.002105495575246915 0.0
1262 0.0021000292559509165 0.0
1263 0.002094562936654918 0.0
1264 0.0020890966173589195 0.0
1265 0.002083630298062921 0.0
1266 0.0020781639787669226 0.0
1267 0.002072697659470924 0.0
1268 0.0020672313401749257 0.0
1269 0.002061765020878927 0.0
1270 0.002056298701582928 0.0
1271 0.0020508323822869294 0.0
1272 0.002045366062990931 0.0
1273 0.0020398997436949324 0.0
1274 0.002034433424398934 0.0
1275 0.0020289671051029355 0.0
1276 0.002023500785806937 0.0
1277 0.0020180344665109385 0.0
1278 0.00201256814721494 0.0
1279 0.0020071018279189416 0.0
1280 0.002001635508622943 0.0
1281 0.0019961691893269446 0.0
1282 0.001990702870030946 0.0
1283 0.0019852365507349477 0.0
1284 0.0019797702314389492 0.0
1285 0.0019743039121429503 0.0
1286 0.001968837592846952 0.0
1287 0.001963371273550953 0.0
1288 0.001957904954254955 0.0
1289 0.001952438634958956 0.0
1290 0.0019469723156629575 0.0
1291 0.001941505996366959 0.0
1292 0.0019360396770709606 0.0
1293 0.001930573357774962 0.0
1294 0.0019251070384789636 0.0
1295 0.0019196407191829652 0.0
1296 0.0019141743998869662 0.0
1297 0.0019087080805909682 0.0
1298 0.0019032417612949693 0.0
1299 0.0018977754419989708 0.0
1300 0.0018923091227029724 0.0
1301 0.0018868428034069739 0.0
1302 0.0018813764841109754 0.0
1303 0.0018759101648149765 0.0
1304 0.001870443845518978 0.0
1305 0.0018649775262229796 0.0
1306 0.001859511206926981 0.0
1307 0.0018540448876309826 0.0
1308 0.0018485785683349841 0.0
1309 0.0018431122490389852 0.0
1310 0.0018376459297429872 0.0
1311 0.0018321796104469887 0.0
1312 0.0018267132911509898 0.0
1313 0.0018212469718549913 0.0
1314 0.0018157806525589929 0.0
1315 0.0018103143332629944 0.0
1316 0.001804848013966996 0.0
1317 0.0017993816946709974 0.0
1318 0.0017939153753749985 0.0
1319 0.0017884490560790005 0.0
1320 0.0017829827367830016 0.0
1321 0.0017775164174870031 0.0
1322 0.0017720500981910046 0.0
1323 0.0017665837788950057 0.0
1324 0.0017611174595990077 0.0
1325 0.0017556511403030092 0.0
1326 0.0017501848210070108 0.0
1327 0.0017447185017110118 0.0
1328 0.0017392521824150138 0.0
1329 0.001733785863119015 0.0
1330 0.0017283195438230164 0.0
1331 0.001722853224527018 0.0
1332 0.001717386905231019 0.0
1333 0.001711920585935021 0.0
1334 0.001706454266639022 0.0
1335 0.001700987947343024 0.0
1336 0.0016955216280470252 0.0
1337 0.0016900553087510263 0.0
1338 0.0016845889894550282 0.0
1339 0.0016791226701590297 0.0
1340 0.0016736563508630313 0.0
1341 0.0016681900315670324 0.0
1342 0.0016627237122710343 0.0
1343 0.0016572573929750354 0.0
1344 0.0016517910736790374 0.0
1345 0.0016463247543830385 0.0
1346 0.0016408584350870396 0.0
1347 0.0016353921157910415 0.0
1348 0.0016299257964950426 0.0
1349 0.0016244594771990446 0.0
1350 0.0016189931579030457 0.0
1351 0.0016135268386070472 0.0
1352 0.0016080605193110487 0.0
1353 0.0016025942000150507 0.0
1354 0.0015971278807190518 0.0
1355 0.0015916615614230529 0.0
1356 0.0015861952421270548 0.0
1357 0.001580728922831056 0.0
1358 0.0015752626035350579 0.0
1359 0.001569796284239059 0.0
1360 0.0015643299649430605 0.0
1361 0.001558863645647062 0.0
1362 0.0015533973263510636 0.0
1363 0.001547931007055065 0.0
1364 0.0015424646877590662 0.0
1365 0.0015369983684630677 0.0
1366 0.0015315320491670692 0.0
1367 0.0015260657298710712 0.0
1368 0.0015205994105750723 0.0
1369 0.0015151330912790738 0.0
1370 0.0015096667719830753 0.0
1371 0.0015042004526870769 0.0
1372 0.0014987341333910784 0.0
1373 0.0014932678140950795 0.0
1374 0.001487801494799081 0.0
1375 0.0014823351755030825 0.0
1376 0.001476868856207084 0.0
1377 0.0014714025369110856 0.0
1378 0.0014659362176150871 0.0
1379 0.0014604698983190882 0.0
1380 0.0014550035790230902 0.0
1381 0.0014495372597270917 0.0
1382 0.0014440709404310928 0.0
1383 0.0014386046211350943 0.0
1384 0.0014331383018390959 0.0
1385 0.0014276719825430974 0.0
1386 0.001422205663247099 0.0
1387 0.0014167393439511004 0.0
1388 0.0014112730246551015 0.0
1389 0.0014058067053591035 0.0
1390 0.0014003403860631046 0.0
1391 0.001394874066767106 0.0
1392 0.0013894077474711076 0.0
1393 0.0013839414281751087 0.0
1394 0.0013784751088791107 0.0
1395 0.0013730087895831122 0.0
1396 0.0013675424702871137 0.0
1397 0.0013620761509911148 0.0
1398 0.0013566098316951168 0.0
1399 0.0013511435123991179 0.0
1400 0.0013456771931031194 0.0
1401 0.001340210873807121 0.0
1402 0.001334744554511122 0.0
1403 0.001329278235215124 0.0
1404 0.0013238119159191255 0.0
1405 0.001318345596623127 0.0
1406 0.0013128792773271281 0.0
1407 0.0013074129580311292 0.0
1408 0.0013019466387351312 0.0
1409 0.0012964803194391327 0.0
1410 0.0012910140001431343 0.0
1411 0.0012855476808471353 0.0
1412 0.0012800813615511369 0.0
1413 0.0012746150422551384 0.0
1414 0.0012691487229591404 0.0
1415 0.0012636824036631415 0.0
1416 0.0012582160843671425 0.0
1417 0.0012527497650711445 0.0
1418 0.0012472834457751456 0.0
1419 0.0012418171264791476 0.0
1420 0.0012363508071831487 0.0
1421 0.0012308844878871502 0.0
1422 0.0012254181685911517 0.0
1423 0.0012199518492951537 0.0
1424 0.0012144855299991548 0.0
1425 0.0012090192107031559 0.0
1426 0.0012035528914071574 0.0
1427 0.001198086572111159 0.0
1428 0.0011926202528151609 0.0
1429 0.001187153933519162 0.0
1430 0.0011816876142231635 0.0
1431 0.001176221294927165 0.0
1432 0.0011707549756311661 0.0
1433 0.001165288656335168 0.0
1434 0.0011598223370391692 0.0
1435 0.0011543560177431707 0.0
1436 0.0011488896984471722 0.0
1437 0.0011434233791511742 0.0
1438 0.0011379570598551753 0.0
1439 0.0011324907405591768 0.0
1440 0.001127024421263178 0.0
1441 0.0011215581019671794 0.0
1442 0.0011160917826711814 0.0
1443 0.0011106254633751825 0.0
1444 0.001105159144079184 0.0
1445 0.0010996928247831855 0.0
1446 0.001094226505487187 0.0
1447 0.0010887601861911886 0.0
1448 0.0010832938668951901 0.0
1449 0.0010778275475991912 0.0
1450 0.0010723612283031927 0.0
1451 0.0010668949090071947 0.0
1452 0.0010614285897111958 0.0
1453 0.0010559622704151973 0.0
1454 0.0010504959511191984 0.0
1455 0.0010450296318232004 0.0
1456 0.001039563312527202 0.0
1457 0.0010340969932312034 0.0
1458 0.0010286306739352045 0.0
1459 0.001023164354639206 0.0
1460 0.0010176980353432076 0.0
1461 0.001012231716047209 0.0
1462 0.0010067653967512106 0.0
1463 0.0010012990774552117 0.0
1464 0.0009958327581592137 0.0
1465 0.0009903664388632152 0.0
1466 0.0009849001195672167 0.0
1467 0.0009794338002712178 0.0
1468 0.0009739674809752189 0.0
1469 0.0009685011616792209 0.0
1470 0.0009630348423832224 0.0
1471 0.0009575685230872239 0.0
1472 0.000952102203791225 0.0
1473 0.000946635884495227 0.0
1474 0.0009411695651992281 0.0
1475 0.00093570324590323 0.0
1476 0.0009302369266072311 0.0
1477 0.0009247706073112322 0.0
1478 0.0009193042880152342 0.0
1479 0.0009138379687192357 0.0
1480 0.0009083716494232372 0.0
1481 0.0009029053301272383 0.0
1482 0.0008974390108312399 0.0
1483 0.0008919726915352414 0.0
1484 0.0008865063722392433 0.0
1485 0.0008810400529432444 0.0
1486 0.0008755737336472455 0.0
1487 0.0008701074143512475 0.0
1488 0.0008646410950552486 0.0
1489 0.0008591747757592505 0.0
1490 0.0008537084564632516 0.0
1491 0.0008482421371672527 0.0
1492 0.0008427758178712547 0.0
1493 0.0008373094985752567 0.0
1494 0.0008318431792792578 0.0
1495 0.0008263768599832588 0.0
1496 0.0008209105406872604 0.0
1497 0.0008154442213912619 0.0
1498 0.0008099779020952639 0.0
1499 0.000804511582799265 0.0
1500 0.000799045263503266 0.0
1501 0.0007935789442072676 0.0
1502 0.0007881126249112691 0.0
1503 0.0007826463056152711 0.0
1504 0.0007771799863192722 0.0
1505 0.0007717136670232737 0.0
1506 0.0007662473477272752 0.0
1507 0.0007607810284312772 0.0
1508 0.0007553147091352783 0.0
1509 0.0007498483898392794 0.0
1510 0.0007443820705432809 0.0
1511 0.0007389157512472824 0.0
1512 0.0007334494319512844 0.0
1513 0.0007279831126552855 0.0
1514 0.000722516793359287 0.0
1515 0.0007170504740632881 0.0
1516 0.00071158415476729 0.0
1517 0.0007061178354712916 0.0
1518 0.0007006515161752927 0.0
1519 0.0006951851968792942 0.0
1520 0.0006897188775832957 0.0
1521 0.0006842525582872977 0.0
1522 0.0006787862389912988 0.0
1523 0.0006733199196953003 0.0
1524 0.0006678536003993014 0.0
1525 0.0006623872811033034 0.0
1526 0.0006569209618073049 0.0
1527 0.000651454642511306 0.0
1528 0.0006459883232153075 0.0
1529 0.0006405220039193086 0.0
1530 0.0006350556846233106 0.0
1531 0.0006295893653273121 0.0
1532 0.0006241230460313136 0.0
1533 0.0006186567267353147 0.0
1534 0.0006131904074393167 0.0
1535 0.0006077240881433182 0.0
1536 0.0006022577688473193 0.0
1537 0.0005967914495513208 0.0
1538 0.0005913251302553219 0.0
1539 0.0005858588109593239 0.0
1540 0.0005803924916633254 0.0
1541 0.0005749261723673269 0.0
1542 0.000569459853071328 0.0
1543 0.0005639935337753291 0.0
1544 0.0005585272144793311 0.0
1545 0.0005530608951833326 0.0
1546 0.0005475945758873341 0.0
1547 0.0005421282565913352 0.0
1548 0.0005366619372953372 0.0
1549 0.0005311956179993387 0.0
1550 0.0005257292987033402 0.0
1551 0.0005202629794073413 0.0
1552 0.0005147966601113424 0.0
1553 0.0005093303408153444 0.0
1554 0.0005038640215193459 0.0
1555 0.0004983977022233474 0.0
1556 0.0004929313829273485 0.0
1557 0.00048746506363135005 0.0
1558 0.0004819987443353516 0.0
1559 0.00047653242503935354 0.0
1560 0.00047106610574335463 0.0
1561 0.0004655997864473557 0.0
1562 0.0004601334671513577 0.0
1563 0.0004546671478553592 0.0
1564 0.00044920082855936074 0.0
1565 0.00044373450926336183 0.0
1566 0.00043826818996736336 0.0
1567 0.0004328018706713649 0.0
1568 0.00042733555137536685 0.0
1569 0.00042186923207936794 0.0
1570 0.00041640291278336903 0.0
1571 0.00041093659348737056 0.0
1572 0.0004054702741913721 0.0
1573 0.00040000395489537405 0.0
1574 0.00039453763559937514 0.0
1575 0.00038907131630337667 0.0
1576 0.0003836049970073782 0.0
1577 0.00037813867771138016 0.0
1578 0.00037267235841538125 0.0
1579 0.00036720603911938234 0.0
1580 0.00036173971982338387 0.0
1581 0.0003562734005273854 0.0
1582 0.00035080708123138736 0.0
1583 0.00034534076193538845 0.0
1584 0.00033987444263939 0.0
1585 0.00033440812334339107 0.0
1586 0.00032894180404739303 0.0
1587 0.00032347548475139456 0.0
1588 0.00031800916545539565 0.0
1589 0.0003125428461593972 0.0
1590 0.0003070765268633987 0.0
1591 0.00030161020756740023 0.0
1592 0.00029614388827140176 0.0
1593 0.0002906775689754033 0.0
1594 0.0002852112496794044 0.0
1595 0.00027974493038340634 0.0
1596 0.00027427861108740787 0.0
1597 0.00026881229179140896 0.0
1598 0.0002633459724954105 0.0
1599 0.0002578796531994116 0.0
1600 0.00025241333390341354 0.0
1601 0.00024694701460741507 0.0
1602 0.0002414806953114166 0.0
1603 0.0002360143760154177 0.0
1604 0.00023054805671941922 0.0
1605 0.00022508173742342074 0.0
1606 0.00021961541812742227 0.0
1607 0.0002141490988314238 0.0
1608 0.00020868277953542532 0.0
1609 0.00020321646023942685 0.0
1610 0.00019775014094342794 0.0
1611 0.0001922838216474299 0.0
1612 0.000186817502351431 0.0
1613 0.00018135118305543253 0.0
1614 0.00017588486375943405 0.0
1615 0.00017041854446343558 0.0
1616 0.0001649522251674371 0.0
1617 0.0001594859058714382 0.0
1618 0.00015401958657544016 0.0
1619 0.00014855326727944125 0.0
1620 0.00014308694798344321 0.0
1621 0.0001376206286874443 0.0
1622 0.00013215430939144584 0.0
1623 0.00012668799009544736 0.0
1624 0.00012122167079944846 0.0
1625 0.00011575535150345042 0.0
1626 0.00011028903220745151 0.0
1627 0.00010482271291145347 0.0
1628 9.935639361545456e-05 0.0
1629 9.389007431945566e-05 0.0
1630 8.842375502345762e-05 0.0
1631 8.295743572745871e-05 0.0
1632 7.749111643146067e-05 0.0
1633 7.202479713546176e-05 0.0
1634 6.655847783946373e-05 0.0
1635 6.109215854346482e-05 0.0
1636 5.5625839247466346e-05 0.0
1637 5.015951995146787e-05 0.0
1638 4.4693200655468966e-05 0.0
1639 3.922688135947093e-05 0.0
1640 3.376056206347202e-05 0.0
1641 2.829424276747398e-05 0.0
1642 2.282792347147529e-05 0.0
1643 1.7361604175476384e-05 0.0
1644 1.1895284879478128e-05 0.0
1645 6.428965583479438e-06 0.0
1646 9.626462874811823e-07 0.0
1647 -4.503673008517508e-06 0.0
1648 -9.969992304515764e-06 0.0
1649 -1.5436311600514454e-05 0.0
1650 -2.090263089651336e-05 0.0
1651 -2.6368950192511616e-05 0.0
1652 -3.1835269488510306e-05 0.0
1653 -3.730158878450856e-05 0.0
1654 -4.276790808050725e-05 0.0
1655 -4.823422737650551e-05 0.0
1656 -5.37005466725042e-05 0.0
1657 -5.916686596850289e-05 0.0
1658 -6.463318526450114e-05 0.0
1659 -7.009950456050005e-05 0.0
1660 -7.556582385649831e-05 0.0
1661 -8.1032143152497e-05 0.0
1662 -8.649846244849525e-05 0.0
1663 -9.196478174449394e-05 0.0
1664 -9.743110104049263e-05 0.0
1665 -0.00010289742033649089 0.0
1666 -0.00010836373963248958 0.0
1667 -0.00011383005892848783 0.0
1668 -0.00011929637822448674 0.0
1669 -0.000124762697520485 0.0
1670 -0.0001302290168164837 0.0
1671 -0.00013569533611248238 0.0
1672 -0.00014116165540848063 0.0
1673 -0.00014662797470447932 0.0
1674 -0.00015209429400047758 0.0
1675 -0.00015756061329647627 0.0
1676 -0.00016302693259247453 0.0
1677 -0.00016849325188847343 0.0
1678 -0.00017395957118447212 0.0
1679 -0.00017942589048047038 0.0
1680 -0.00018489220977646907 0.0
1681 -0.00019035852907246732 0.0
1682 -0.00019582484836846601 0.0
1683 -0.00020129116766446427 0.0
1684 -0.00020675748696046296 0.0
1685 -0.00021222380625646187 0.0
1686 -0.00021769012555246012 0.0
1687 -0.0002231564448484588 0.0
1688 -0.00022862276414445707 0.0
1689 -0.00023408908344045576 0.0
1690 -0.00023955540273645401 0.0
1691 -0.0002450217220324527 0.0
1692 -0.0002504880413284514 0.0
1693 -0.00025595436062444965 0.0
1694 -0.00026142067992044856 0.0
1695 -0.0002668869992164468 0.0
1696 -0.0002723533185124455 0.0
1697 -0.00027781963780844376 0.0
1698 -0.00028328595710444245 0.0
1699 -0.00028875227640044114 0.0
1700 -0.0002942185956964394 0.0
1701 -0.0002996849149924381 0.0
1702 -0.00030515123428843634 0.0
1703 -0.00031061755358443525 0.0
1704 -0.0003160838728804335 0.0
1705 -0.0003215501921764322 0.0
1706 -0.0003270165114724309 0.0
1707 -0.00033248283076842914 0.0
1708 -0.00033794915006442783 0.0
1709 -0.0003434154693604261 0.0
1710 -0.0003488817886564248 0.0
1711 -0.00035434810795242303 0.0
1712 -0.00035981442724842194 0.0
1713 -0.00036528074654442063 0.0
1714 -0.0003707470658404189 0.0
1715 -0.0003762133851364176 0.0
1716 -0.00038167970443241583 0.0
1717 -0.0003871460237284145 0.0
1718 -0.0003926123430244128 0.0
1719 -0.00039807866232041147 0.0
1720 -0.0004035449816164104 0.0
1721 -0.00040901130091240863 0.0
1722 -0.0004144776202084073 0.0
1723 -0.0004199439395044056 0.0
1724 -0.00042541025880040426 0.0
1725 -0.0004308765780964025 0.0
1726 -0.0004363428973924012 0.0
1727 -0.0004418092166883999 0.0
1728 -0.00044727553598439816 0.0
1729 -0.00045274185528039706 0.0
1730 -0.0004582081745763953 0.0
1731 -0.000463674493872394 0.0
1732 -0.00046914081316839227 0.0
1733 -0.00047460713246439096 0.0
1734 -0.00048007345176038965 0.0
1735 -0.0004855397710563879 0.0
1736 -0.0004910060903523866 0.0
1737 -0.0004964724096483848 0.0
1738 -0.0005019387289443838 0.0
1739 -0.000507405048240382 0.0
1740 -0.0005128713675363807 0.0
1741 -0.0005183376868323794 0.0
1742 -0.0005238040061283776 0.0
1743 -0.0005292703254243763 0.0
1744 -0.0005347366447203746 0.0
1745 -0.0005402029640163735 0.0
1746 -0.0005456692833123715 0.0
1747 -0.0005511356026083704 0.0
1748 -0.0005566019219043691 0.0
1749 -0.0005620682412003674 0.0
1750 -0.0005675345604963661 0.0
1751 -0.0005730008797923643 0.0
1752 -0.000578467199088363 0.0
1753 -0.0005839335183843613 0.0
1754 -0.0005893998376803602 0.0
1755 -0.0005948661569763589 0.0
1756 -0.0006003324762723571 0.0
1757 -0.0006057987955683558 0.0
1758 -0.0006112651148643541 0.0
1759 -0.0006167314341603528 0.0
1760 -0.000622197753456351 0.0
1761 -0.0006276640727523497 0.0
1762 -0.0006331303920483486 0.0
1763 -0.0006385967113443469 0.0
1764 -0.0006440630306403456 0.0
1765 -0.0006495293499363438 0.0
1766 -0.0006549956692323425 0.0
1767 -0.0006604619885283408 0.0
1768 -0.0006659283078243395 0.0
1769 -0.0006713946271203382 0.0
1770 -0.0006768609464163364 0.0
1771 -0.0006823272657123353 0.0
1772 -0.0006877935850083336 0.0
1773 -0.0006932599043043323 0.0
1774 -0.0006987262236003305 0.0
1775 -0.0007041925428963292 0.0
1776 -0.0007096588621923279 0.0
1777 -0.0007151251814883262 0.0
1778 -0.0007205915007843248 0.0
1779 -0.0007260578200803231 0.0
1780 -0.000731524139376322 0.0
1781 -0.0007369904586723203 0.0
1782 -0.000742456777968319 0.0
1783 -0.0007479230972643176 0.0
1784 -0.0007533894165603159 0.0
1785 -0.0007588557358563146 0.0
1786 -0.0007643220551523128 0.0
1787 -0.0007697883744483115 0.0
1788 -0.0007752546937443098 0.0
1789 -0.0007807210130403087 0.0
1790 -0.0007861873323363074 0.0
1791 -0.0007916536516323056 0.0
1792 -0.0007971199709283043 0.0
1793 -0.0008025862902243026 0.0
1794 -0.0008080526095203013 0.0
1795 -0.0008135189288162995 0.0
1796 -0.0008189852481122982 0.0
1797 -0.0008244515674082971 0.0
1798 -0.0008299178867042954 0.0
1799 -0.0008353842060002941 0.0
1800 -0.0008408505252962923 0.0
1801 -0.000846316844592291 0.0
1802 -0.0008517831638882897 0.0
1803 -0.000857249483184288 0.0
1804 -0.0008627158024802867 0.0
1805 -0.0008681821217762849 0.0
1806 -0.0008736484410722838 0.0
1807 -0.0008791147603682821 0.0
1808 -0.0008845810796642808 0.0
1809 -0.0008900473989602795 0.0
1810 -0.0008955137182562777 0.0
1811 -0.0009009800375522764 0.0
1812 -0.0009064463568482747 0.0
1813 -0.0009119126761442733 0.0
1814 -0.0009173789954402716 0.0
1815 -0.0009228453147362705 0.0
1816 -0.0009283116340322692 0.0
1817 -0.0009337779533282675 0.0
1818 -0.0009392442726242661 0.0
1819 -0.0009447105919202644 0.0
1820 -0.0009501769112162631 0.0
1821 -0.0009556432305122613 0.0
1822 -0.0009611095498082601 0.0
1823 -0.0009665758691042588 0.0
1824 -0.0009720421884002571 0.0
1825 -0.000977508507696256 0.0
1826 -0.0009829748269922541 0.0
1827 -0.0009884411462882528 0.0
1828 -0.000993907465584251 0.0
1829 -0.0009993737848802498 0.0
1830 -0.0010048401041762487 0.0
1831 -0.0010103064234722467 0.0
1832 -0.0010157727427682456 0.0
1833 -0.0010212390620642437 0.0
1834 -0.0010267053813602426 0.0
1835 -0.0010321717006562408 0.0
1836 -0.0010376380199522395 0.0
1837 -0.0010431043392482384 0.0
1838 -0.0010485706585442365 0.0
1839 -0.0010540369778402354 0.0
1840 -0.0010595032971362334 0.0
1841 -0.0010649696164322323 0.0
1842 -0.0010704359357282304 0.0
1843 -0.0010759022550242293 0.0
1844 -0.001081368574320228 0.0
1845 -0.0010868348936162262 0.0
1846 -0.0010923012129122251 0.0
1847 -0.0010977675322082232 0.0
1848 -0.001103233851504222 0.0
1849 -0.0011087001708002201 0.0
1850 -0.001114166490096219 0.0
1851 -0.0011196328093922177 0.0
1852 -0.001125099128688216 0.0
1853 -0.0011305654479842147 0.0
1854 -0.001136031767280213 0.0
1855 -0.0011414980865762118 0.0
1856 -0.0011469644058722099 0.0
1857 -0.0011524307251682088 0.0
1858 -0.0011578970444642072 0.0
1859 -0.0011633633637602057 0.0
1860 -0.0011688296830562044 0.0
1861 -0.0011742960023522027 0.0
1862 -0.0011797623216482013 0.0
1863 -0.0011852286409441996 0.0
1864 -0.0011906949602401985 0.0
1865 -0.001196161279536197 0.0
1866 -0.0012016275988321955 0.0
1867 -0.0012070939181281941 0.0
1868 -0.0012125602374241924 0.0
1869 -0.001218026556720191 0.0
1870 -0.0012234928760161893 0.0
1871 -0.001228959195312188 0.0
1872 -0.0012344255146081867 0.0
1873 -0.0012398918339041852 0.0
1874 -0.0012453581532001837 0.0
1875 -0.0012508244724961821 0.0
1876 -0.0012562907917921808 0.0
1877 -0.001261757111088179 0.0
1878 -0.0012672234303841778 0.0
1879 -0.0012726897496801765 0.0
1880 -0.0012781560689761747 0.0
1881 -0.0012836223882721734 0.0
1882 -0.0012890887075681719 0.0
1883 -0.0012945550268641704 0.0
1884 -0.0013000213461601688 0.0
1885 -0.0013054876654561675 0.0
1886 -0.0013109539847521662 0.0
1887 -0.0013164203040481645 0.0
1888 -0.0013218866233441632 0.0
1889 -0.0013273529426401614 0.0
1890 -0.00133281926193616 0.0
1891 -0.0013382855812321586 0.0
1892 -0.001343751900528157 0.0
1893 -0.001349218219824156 0.0
1894 -0.0013546845391201542 0.0
1895 -0.001360150858416153 0.0
1896 -0.0013656171777121512 0.0
1897 -0.0013710834970081499 0.0
1898 -0.001376549816304148 0.0
1899 -0.0013820161356001468 0.0
1900 -0.0013874824548961457 0.0
1901 -0.0013929487741921437 0.0
1902 -0.0013984150934881426 0.0
1903 -0.001403881412784141 0.0
1904 -0.0014093477320801396 0.0
1905 -0.0014148140513761379 0.0
1906 -0.0014202803706721365 0.0
1907 -0.0014257466899681354 0.0
1908 -0.0014312130092641335 0.0
1909 -0.0014366793285601324 0.0
1910 -0.0014421456478561304 0.0
1911 -0.0014476119671521293 0.0
1912 -0.0014530782864481276 0.0
1913 -0.0014585446057441263 0.0
1914 -0.001464010925040125 0.0
1915 -0.0014694772443361232 0.0
1916 -0.0014749435636321221 0.0
1917 -0.0014804098829281202 0.0
1918 -0.001485876202224119 0.0
1919 -0.0014913425215201173 0.0
1920 -0.001496808840816116 0.0
1921 -0.0015022751601121147 0.0
1922 -0.001507741479408113 0.0
1923 -0.0015132077987041117 0.0
1924 -0.00151867411800011 0.0
1925 -0.0015241404372961088 0.0
1926 -0.0015296067565921069 0.0
1927 -0.0015350730758881058 0.0
1928 -0.0015405393951841045 0.0
1929 -0.0015460057144801027 0.0
1930 -0.0015514720337761014 0.0
1931 -0.0015569383530720997 0.0
1932 -0.0015624046723680984 0.0
1933 -0.0015678709916640966 0.0
1934 -0.0015733373109600955 0.0
1935 -0.0015788036302560942 0.0
1936 -0.0015842699495520925 0.0
1937 -0.0015897362688480912 0.0
1938 -0.0015952025881440894 0.0
1939 -0.001600668907440088 0.0
1940 -0.0016061352267360864 0.0
1941 -0.001611601546032085 0.0
1942 -0.0016170678653280837 0.0
1943 -0.0016225341846240822 0.0
1944 -0.001628000503920081 0.0
1945 -0.0016334668232160792 0.0
1946 -0.0016389331425120778 0.0
1947 -0.001644399461808076 0.0
1948 -0.0016498657811040748 0.0
1949 -0.0016553321004000735 0.0
1950 -0.0016607984196960717 0.0
1951 -0.0016662647389920704 0.0
1952 -0.001671731058288069 0.0
1953 -0.0016771973775840676 0.0
1954 -0.0016826636968800658 0.0
1955 -0.0016881300161760645 0.0
1956 -0.0016935963354720632 0.0
1957 -0.0016990626547680615 0.0
1958 -0.0017045289740640602 0.0
1959 -0.0017099952933600584 0.0
1960 -0.0017154616126560571 0.0
1961 -0.0017209279319520556 0.0
1962 -0.0017263942512480543 0.0
1963 -0.001731860570544053 0.0
1964 -0.0017373268898400512 0.0
1965 -0.00174279320913605 0.0
1966 -0.0017482595284320482 0.0
1967 -0.0017537258477280469 0.0
1968 -0.0017591921670240458 0.0
1969 -0.0017646584863200438 0.0
1970 -0.0017701248056160427 0.0
1971 -0.001775591124912041 0.0
1972 -0.0017810574442080397 0.0
1973 -0.001786523763504038 0.0
1974 -0.0017919900828000366 0.0
1975 -0.0017974564020960353 0.0
1976 -0.0018029227213920336 0.0
1977 -0.0018083890406880325 0.0
1978 -0.0018138553599840307 0.0
1979 -0.0018193216792800294 0.0
1980 -0.0018247879985760277 0.0
1981 -0.0018302543178720264 0.0
1982 -0.001835720637168025 0.0
1983 -0.0018411869564640233 0.0
1984 -0.001846653275760022 0.0
1985 -0.0018521195950560202 0.0
1986 -0.0018575859143520192 0.0
1987 -0.0018630522336480174 0.0
1988 -0.001868518552944016 0.0
1989 -0.0018739848722400148 0.0
1990 -0.001879451191536013 0.0
1991 -0.0018849175108320117 0.0
1992 -0.00189038383012801 0.0
1993 -0.0018958501494240087 0.0
1994 -0.001901316468720007 0.0
1995 -0.0019067827880160058 0.0
1996 -0.0019122491073120045 0.0
1997 -0.0019177154266080028 0.0
1998 -0.0019231817459040015 0.0
1999 -0.0019286480651999997 0.0
2000 -0.0019286480651999997 0.0
2001 -0.0019286480651999997 0.0
2002 -0.0019286480651999997 0.0
2003 -0.0019286480651999997 0.0
2004 -0.0019286480651999997 0.0
2005 -0.0019286480651999997 0.0
2006 -0.0019286480651999997 0.0
2007 -0.0019286480651999997 0.0
2008 -0.0019286480651999997 0.0
2009 -0.0019286480651999997 0.0
2010 -0.0019286480651999997 0.0
2011 -0.0019286480651999997 0.0
2012 -0.0019286480651999997 0.0
2013 -0.0019286480651999997 0.0
2014 -0.0019286480651999997 0.0
2015 -0.0019286480651999997 0.0
2016 -0.0019286480651999997 0.0
2017 -0.0019286480651999997 0.0
2018 -0.0019286480651999997 0.0
2019 -0.0019286480651999997 0.0
2020 -0.0019286480651999997 0.0
2021 -0.0019286480651999997 0.0
2022 -0.0019286480651999997 0.0
2023 -0.0019286480651999997 0.0
2024 -0.0019286480651999997 0.0
2025 -0.0019286480651999997 0.0
2026 -0.0019286480651999997 0.0
2027 -0.0019286480651999997 0.0
2028 -0.0019286480651999997 0.0
2029 -0.0019286480651999997 0.0
2030 -0.0019286480651999997 0.0
2031 -0.0019286480651999997 0.0
2032 -0.0019286480651999997 0.0
2033 -0.0019286480651999997 0.0
2034 -0.0019286480651999997 0.0
2035 -0.0019286480651999997 0.0
2036 -0.0019286480651999997 0.0
2037 -0.0019286480651999997 0.0
2038 -0.0019286480651999997 0.0
2039 -0.0019286480651999997 0.0
2040 -0.0019286480651999997 0.0
2041 -0.0019286480651999997 0.0
2042 -0.0019286480651999997 0.0
2043 -0.0019286480651999997 0.0
2044 -0.0019286480651999997 0.0
2045 -0.0019286480651999997 0.0
2046 -0.0019286480651999997 0.0
2047 -0.0019286480651999997 0.0
2048 -0.0019286480651999997 0.0
2049 -0.0019286480651999997 0.0
2050 -0.0019286480651999997 0.0
2051 -0.0019286480651999997 0.0
2052 -0.0019286480651999997 0.0
2053 -0.0019286480651999997 0.0
2054 -0.0019286480651999997 0.0
2055 -0.0019286480651999997 0.0
2056 -0.0019286480651999997 0.0
2057 -0.0019286480651999997 0.0
2058 -0.0019286480651999997 0.0
2059 -0.0019286480651999997 0.0
2060 -0.0019286480651999997 0.0
2061 -0.0019286480651999997 0.0
2062 -0.0019286480651999997 0.0
2063 -0.0019286480651999997 0.0
2064 -0.0019286480651999997 0.0
2065 -0.0019286480651999997 0.0
2066 -0.0019286480651999997 0.0
2067 -0.0019286480651999997 0.0
2068 -0.0019286480651999997 0.0
2069 -0.0019286480651999997 0.0
2070 -0.0019286480651999997 0.0
2071 -0.0019286480651999997 0.0
2072 -0.0019286480651999997 0.0
2073 -0.0019286480651999997 0.0
2074 -0.0019286480651999997 0.0
2075 -0.0019286480651999997 0.0
2076 -0.0019286480651999997 0.0
2077 -0.0019286480651999997 0.0
2078 -0.0019286480651999997 0.0
2079 -0.0019286480651999997 0.0
2080 -0.0019286480651999997 0.0
2081 -0.0019286480651999997 0.0
2082 -0.0019286480651999997 0.0
2083 -0.0019286480651999997 0.0
2084 -0.0019286480651999997 0.0
2085 -0.0019286480651999997 0.0
2086 -0.0019286480651999997 0.0
2087 -0.0019286480651999997 0.0
2088 -0.0019286480651999997 0.0
2089 -0.0019286480651999997 0.0
2090 -0.0019286480651999997 0.0
2091 -0.0019286480651999997 0.0
2092 -0.0019286480651999997 0.0
2093 -0.0019286480651999997 0.0
2094 -0.0019286480651999997 0.0
2095 -0.0019286480651999997 0.0
2096 -0.0019286480651999997 0.0
2097 -0.0019286480651999997 0.0
2098 -0.0019286480651999997 0.0
2099 -0.0019286480651999997 0.0
2100 -0.0019286480651999997 0.0
2101 -0.0019286480651999997 0.0
2102 -0.0019286480651999997 0.0
2103 -0.0019286480651999997 0.0
2104 -0.0019286480651999997 0.0
2105 -0.0019286480651999997 0.0
2106 -0.0019286480651999997 0.0
2107 -0.0019286480651999997 0.0
2108 -0.0019286480651999997 0.0
2109 -0.0019286480651999997 0.0
2110 -0.0019286480651999997 0.0
2111 -0.0019286480651999997 0.0
2112 -0.0019286480651999997 0.0
2113 -0.0019286480651999997 0.0
2114 -0.0019286480651999997 0.0
2115 -0.0019286480651999997 0.0
2116 -0.0019286480651999997 0.0
2117 -0.0019286480651999997 0.0
2118 -0.0019286480651999997 0.0
2119 -0.0019286480651999997 0.0
2120 -0.0019286480651999997 0.0
2121 -0.0019286480651999997 0.0
2122 -0.0019286480651999997 0.0
2123 -0.0019286480651999997 0.0
2124 -0.0019286480651999997 0.0
2125 -0.0019286480651999997 0.0
2126 -0.0019286480651999997 0.0
2127 -0.0019286480651999997 0.0
2128 -0.0019286480651999997 0.0
2129 -0.0019286480651999997 0.0
2130 -0.0019286480651999997 0.0
2131 -0.0019286480651999997 0.0
2132 -0.0019286480651999997 0.0
2133 -0.0019286480651999997 0.0
2134 -0.0019286480651999997 0.0
2135 -0.0019286480651999997 0.0
2136 -0.0019286480651999997 0.0
2137 -0.0019286480651999997 0.0
2138 -0.0019286480651999997 0.0
2139 -0.0019286480651999997 0.0
2140 -0.0019286480651999997 0.0
2141 -0.0019286480651999997 0.0
2142 -0.0019286480651999997 0.0
2143 -0.0019286480651999997 0.0
2144 -0.0019286480651999997 0.0
2145 -0.0019286480651999997 0.0
2146 -0.0019286480651999997 0.0
2147 -0.0019286480651999997 0.0
2148 -0.0019286480651999997 0.0
2149 -0.0019286480651999997 0.0
2150 -0.0019286480651999997 0.0
2151 -0.0019286480651999997 0.0
2152 -0.0019286480651999997 0.0
2153 -0.0019286480651999997 0.0
2154 -0.0019286480651999997 0.0
2155 -0.0019286480651999997 0.0
2156 -0.0019286480651999997 0.0
2157 -0.0019286480651999997 0.0
2158 -0.0019286480651999997 0.0
2159 -0.0019286480651999997 0.0
2160 -0.0019286480651999997 0.0
2161 -0.0019286480651999997 0.0
2162 -0.0019286480651999997 0.0
2163 -0.0019286480651999997 0.0
2164 -0.0019286480651999997 0.0
2165 -0.0019286480651999997 0.0
2166 -0.0019286480651999997 0.0
2167 -0.0019286480651999997 0.0
2168 -0.0019286480651999997 0.0
2169 -0.0019286480651999997 0.0
2170 -0.0019286480651999997 0.0
2171 -0.0019286480651999997 0.0
2172 -0.0019286480651999997 0.0
2173 -0.0019286480651999997 0.0
2174 -0.0019286480651999997 0.0
2175 -0.0019286480651999997 0.0
2176 -0.0019286480651999997 0.0
2177 -0.0019286480651999997 0.0
2178 -0.0019286480651999997 0.0
2179 -0.0019286480651999997 0.0
2180 -0.0019286480651999997 0.0
2181 -0.0019286480651999997 0.0
2182 -0.0019286480651999997 0.0
2183 -0.0019286480651999997 0.0
2184 -0.0019286480651999997 0.0
2185 -0.0019286480651999997 0.0
2186 -0.0019286480651999997 0.0
2187 -0.0019286480651999997 0.0
2188 -0.0019286480651999997 0.0
2189 -0.0019286480651999997 0.0
2190 -0.0019286480651999997 0.0
2191 -0.0019286480651999997 0.0
2192 -0.0019286480651999997 0.0
2193 -0.0019286480651999997 0.0
2194 -0.0019286480651999997 0.0
2195 -0.0019286480651999997 0.0
2196 -0.0019286480651999997 0.0
2197 -0.0019286480651999997 0.0
2198 -0.0019286480651999997 0.0
2199 -0.0019286480651999997 0.0