2200 0.000002100546602 1.0
2
0 -0.0019286480651999997 0.0
1 -0.0019286480651999997 0.0
2 -0.0019286480651999997 0.0
3 -0.0019286480651999997 0.0
4 -0.0019286480651999997 0.0
5 -0.0019286480651999997 0.0
6 -0.0019286480651999997 0.0
7 -0.0019286480651999997 0.0
8 -0.0019286480651999997 0.0
9 -0.0019286480651999997 0.0
10 -0.0019286480651999997 0.0
11 -0.0019286480651999997 0.0
12 -0.0019286480651999997 0.0
13 -0.0019286480651999997 0.0
14 -0.0019286480651999997 0.0
15 -0.0019286480651999997 0.0
16 -0.0019286480651999997 0.0
17 -0.0019286480651999997 0.0
18 -0.0019286480651999997 0.0
19 -0.0019286480651999997 0.0
20 -0.0019286480651999997 0.0
21 -0.0019286480651999997 0.0
22 -0.0019286480651999997 0.0
23 -0.0019286480651999997 0.0
24 -0.0019286480651999997 0.0
25 -0.0019286480651999997 0.0
26 -0.0019286480651999997 0.0
27 -0.0019286480651999997 0.0
28 -0.0019286480651999997 0.0
29 -0.0019286480651999997 0.0
30 -0.0019286480651999997 0.0
31 -0.0019286480651999997 0.0
32 -0.0019286480651999997 0.0
33 -0.0019286480651999997 0.0
34 -0.0019286480651999997 0.0
35 -0.0019286480651999997 0.0
36 -0.0019286480651999997 0.0
37 -0.0019286480651999997 0.0
38 -0.0019286480651999997 0.0
39 -0.0019286480651999997 0.0
40 -0.0019286480651999997 0.0
41 -0.0019286480651999997 0.0
42 -0.0019286480651999997 0.0
43 -0.0019286480651999997 0.0
44 -0.0019286480651999997 0.0
45 -0.0019286480651999997 0.0
46 -0.0019286480651999997 0.0
47 -0.0019286480651999997 0.0
48 -0.0019286480651999997 0.0
49 -0.0019286480651999997 0.0
50 -0.0019286480651999997 0.0
51 -0.0019286480651999997 0.0
52 -0.0019286480651999997 0.0
53 -0.0019286480651999997 0.0
54 -0.0019286480651999997 0.0
55 -0.0019286480651999997 0.0
56 -0.0019286480651999997 0.0
57 -0.0019286480651999997 0.0
58 -0.0019286480651999997 0.0
59 -0.0019286480651999997 0.0
60 -0.0019286480651999997 0.0
61 -0.0019286480651999997 0.0
62 -0.0019286480651999997 0.0
63 -0.0019286480651999997 0.0
64 -0.0019286480651999997 0.0
65 -0.0019286480651999997 0.0
66 -0.0019286480651999997 0.0
67 -0.0019286480651999997 0.0
68 -0.0019286480651999997 0.0
69 -0.0019286480651999997 0.0
70 -0.0019286480651999997 0.0
71 -0.0019286480651999997 0.0
72 -0.0019286480651999997 0.0
73 -0.0019286480651999997 0.0
74 -0.0019286480651999997 0.0
75 -0.0019286480651999997 0.0
76 -0.0019286480651999997 0.0
77 -0.0019286480651999997 0.0
78 -0.0019286480651999997 0.0
79 -0.0019286480651999997 0.0
80 -0.0019286480651999997 0.0
81 -0.0019286480651999997 0.0
82 -0.0019286480651999997 0.0
83 -0.0019286480651999997 0.0
84 -0.0019286480651999997 0.0
85 -0.0019286480651999997 0.0
86 -0.0019286480651999997 0.0
87 -0.0019286480651999997 0.0
88 -0.0019286480651999997 0.0
89 -0.0019286480651999997 0.0
90 -0.0019286480651999997 0.0
91 -0.0019286480651999997 0.0
92 -0.0019286480651999997 0.0
93 -0.0019286480651999997 0.0
94 -0.0019286480651999997 0.0
95 -0.0019286480651999997 0.0
96 -0.0019286480651999997 0.0
97 -0.0019286480651999997 0.0
98 -0.0019286480651999997 0.0
99 -0.0019286480651999997 0.0
100 -0.0019286480651999997 0.0
101 -0.0019286480651999997 0.0
102 -0.0019286480651999997 0.0
103 -0.0019286480651999997 0.0
104 -0.0019286480651999997 0.0
105 -0.0019286480651999997 0.0
106 -0.0019286480651999997 0.0
107 -0.0019286480651999997 0.0
108 -0.0019286480651999997 0.0
109 -0.0019286480651999997 0.0
110 -0.0019286480651999997 0.0
111 -0.0019286480651999997 0.0
112 -0.0019286480651999997 0.0
113 -0.0019286480651999997 0.0
114 -0.0019286480651999997 0.0
115 -0.0019286480651999997 0.0
116 -0.0019286480651999997 0.0
117 -0.0019286480651999997 0.0
118 -0.0019286480651999997 0.0
119 -0.0019286480651999997 0.0
120 -0.0019286480651999997 0.0
121 -0.0019286480651999997 0.0
122 -0.0019286480651999997 0.0
123 -0.0019286480651999997 0.0
124 -0.0019286480651999997 0.0
125 -0.0019286480651999997 0.0
126 -0.0019286480651999997 0.0
127 -0.0019286480651999997 0.0
128 -0.0019286480651999997 0.0
129 -0.0019286480651999997 0.0
130 -0.0019286480651999997 0.0
131 -0.0019286480651999997 0.0
132 -0.0019286480651999997 0.0
133 -0.0019286480651999997 0.0
134 -0.0019286480651999997 0.0
135 -0.0019286480651999997 0.0
136 -0.0019286480651999997 0.0
137 -0.0019286480651999997 0.0
138 -0.0019286480651999997 0.0
139 -0.0019286480651999997 0.0
140 -0.0019286480651999997 0.0
141 -0.0019286480651999997 0.0
142 -0.0019286480651999997 0.0
143 -0.0019286480651999997 0.0
144 -0.0019286480651999997 0.0
145 -0.0019286480651999997 0.0
146 -0.0019286480651999997 0.0
147 -0.0019286480651999997 0.0
148 -0.0019286480651999997 0.0
149 -0.0019286480651999997 0.0
150 -0.0019286480651999997 0.0
151 -0.0019286480651999997 0.0
152 -0.0019286480651999997 0.0
153 -0.0019286480651999997 0.0
154 -0.0019286480651999997 0.0
155 -0.0019286480651999997 0.0
156 -0.0019286480651999997 0.0
157 -0.0019286480651999997 0.0
158 -0.0019286480651999997 0.0
159 -0.0019286480651999997 0.0
160 -0.0019286480651999997 0.0
161 -0.0019286480651999997 0.0
162 -0.0019286480651999997 0.0
163 -0.0019286480651999997 0.0
164 -0.0019286480651999997 0.0
165 -0.0019286480651999997 0.0
166 -0.0019286480651999997 0.0
167 -0.0019286480651999997 0.0
168 -0.0019286480651999997 0.0
169 -0.0019286480651999997 0.0
170 -0.0019286480651999997 0.0
171 -0.0019286480651999997 0.0
172 -0.0019286480651999997 0.0
173 -0.0019286480651999997 0.0
174 -0.0019286480651999997 0.0
175 -0.0019286480651999997 0.0
176 -0.0019286480651999997 0.0
177 -0.0019286480651999997 0.0
178 -0.0019286480651999997 0.0
179 -0.0019286480651999997 0.0
180 -0.0019286480651999997 0.0
181 -0.0019286480651999997 0.0
182 -0.0019286480651999997 0.0
183 -0.0019286480651999997 0.0
184 -0.0019286480651999997 0.0
185 -0.0019286480651999997 0.0
186 -0.0019286480651999997 0.0
187 -0.0019286480651999997 0.0
188 -0.0019286480651999997 0.0
189 -0.0019286480651999997 0.0
190 -0.0019286480651999997 0.0
191 -0.0019286480651999997 0.0
192 -0.0019286480651999997 0.0
193 -0.0019286480651999997 0.0
194 -0.0019286480651999997 0.0
195 -0.0019286480651999997 0.0
196 -0.0019286480651999997 0.0
197 -0.0019286480651999997 0.0
198 -0.0019286480651999997 0.0
199 -0.0019286480651999997 0.0
200 -0.0019286480651999997 0.0
201 -0.001935972868191471 0.0
202 -0.001943297671182942 0.0
203 -0.0019506224741744132 0.0
204 -0.0019579472771658842 0.0
205 -0.0019652720801573557 0.0
206 -0.0019725968831488267 0.0
207 -0.0019799216861402977 0.0
208 -0.001987246489131769 0.0
209 -0.00199457129212324 0.0
210 -0.0020018960951147117 0.0
211 -0.0020092208981061827 0.0
212 -0.0020165457010976537 0.0
213 -0.002023870504089125 0.0
214 -0.002031195307080596 0.0
215 -0.002038520110072067 0.0
216 -0.0020458449130635386 0.0
217 -0.0020531697160550096 0.0
218 -0.0020604945190464807 0.0
219 -0.002067819322037952 0.0
220 -0.002075144125029423 0.0
221 -0.002082468928020894 0.0
222 -0.0020897937310123656 0.0
223 -0.0020971185340038366 0.0
224 -0.0021044433369953076 0.0
225 -0.002111768139986779 0.0
226 -0.00211909294297825 0.0
227 -0.002126417745969721 0.0
228 -0.0021337425489611926 0.0
229 -0.0021410673519526636 0.0
230 -0.0021483921549441346 0.0
231 -0.002155716957935606 0.0
232 -0.002163041760927077 0.0
233 -0.002170366563918548 0.0
234 -0.0021776913669100196 0.0
235 -0.0021850161699014906 0.0
236 -0.002192340972892962 0.0
237 -0.002199665775884433 0.0
238 -0.002206990578875904 0.0
239 -0.0022143153818673755 0.0
240 -0.0022216401848588465 0.0
241 -0.0022289649878503176 0.0
242 -0.002236289790841789 0.0
243 -0.00224361459383326 0.0
244 -0.002250939396824731 0.0
245 -0.0022582641998162025 0.0
246 -0.0022655890028076735 0.0
247 -0.0022729138057991445 0.0
248 -0.002280238608790616 0.0
249 -0.002287563411782087 0.0
250 -0.0022948882147735584 0.0
251 -0.0023022130177650295 0.0
252 -0.0023095378207565005 0.0
253 -0.002316862623747972 0.0
254 -0.002324187426739443 0.0
255 -0.002331512229730914 0.0
256 -0.0023388370327223854 0.0
257 -0.0023461618357138564 0.0
258 -0.0023534866387053275 0.0
259 -0.002360811441696799 0.0
260 -0.00236813624468827 0.0
261 -0.002375461047679741 0.0
262 -0.0023827858506712124 0.0
263 -0.0023901106536626834 0.0
264 -0.0023974354566541544 0.0
265 -0.002404760259645626 0.0
266 -0.002412085062637097 0.0
267 -0.002419409865628568 0.0
268 -0.0024267346686200394 0.0
269 -0.0024340594716115104 0.0
270 -0.0024413842746029814 0.0
271 -0.002448709077594453 0.0
272 -0.002456033880585924 0.0
273 -0.002463358683577395 0.0
274 -0.0024706834865688664 0.0
275 -0.0024780082895603374 0.0
276 -0.0024853330925518084 0.0
277 -0.00249265789554328 0.0
278 -0.002499982698534751 0.0
279 -0.0025073075015262223 0.0
280 -0.0025146323045176933 0.0
281 -0.0025219571075091643 0.0
282 -0.0025292819105006354 0.0
283 -0.002536606713492107 0.0
284 -0.0025439315164835783 0.0
285 -0.0025512563194750493 0.0
286 -0.0025585811224665203 0.0
287 -0.0025659059254579913 0.0
288 -0.0025732307284494628 0.0
289 -0.002580555531440934 0.0
290 -0.0025878803344324052 0.0
291 -0.0025952051374238763 0.0
292 -0.0026025299404153473 0.0
293 -0.0026098547434068187 0.0
294 -0.0026171795463982898 0.0
295 -0.0026245043493897608 0.0
296 -0.0026318291523812322 0.0
297 -0.0026391539553727032 0.0
298 -0.0026464787583641743 0.0
299 -0.0026538035613556457 0.0
300 -0.0026611283643471167 0.0
301 -0.0026684531673385877 0.0
302 -0.002675777970330059 0.0
303 -0.0026831027733215302 0.0
304 -0.0026904275763130012 0.0
305 -0.0026977523793044727 0.0
306 -0.0027050771822959437 0.0
307 -0.0027124019852874147 0.0
308 -0.002719726788278886 0.0
309 -0.002727051591270357 0.0
310 -0.002734376394261828 0.0
311 -0.0027417011972532997 0.0
312 -0.0027490260002447707 0.0
313 -0.002756350803236242 0.0
314 -0.002763675606227713 0.0
315 -0.002771000409219184 0.0
316 -0.0027783252122106556 0.0
317 -0.0027856500152021266 0.0
318 -0.0027929748181935977 0.0
319 -0.0028002996211850687 0.0
320 -0.00280762442417654 0.0
321 -0.002814949227168011 0.0
322 -0.002822274030159482 0.0
323 -0.0028295988331509536 0.0
324 -0.002836923636142425 0.0
325 -0.002844248439133896 0.0
326 -0.002851573242125367 0.0
327 -0.0028588980451168386 0.0
328 -0.0028662228481083096 0.0
329 -0.0028735476510997806 0.0
330 -0.002880872454091252 0.0
331 -0.002888197257082723 0.0
332 -0.002895522060074194 0.0
333 -0.002902846863065665 0.0
334 -0.0029101716660571366 0.0
335 -0.0029174964690486076 0.0
336 -0.002924821272040079 0.0
337 -0.00293214607503155 0.0
338 -0.002939470878023021 0.0
339 -0.0029467956810144925 0.0
340 -0.0029541204840059635 0.0
341 -0.0029614452869974345 0.0
342 -0.002968770089988906 0.0
343 -0.002976094892980377 0.0
344 -0.002983419695971848 0.0
345 -0.0029907444989633195 0.0
346 -0.0029980693019547905 0.0
347 -0.0030053941049462615 0.0
348 -0.003012718907937733 0.0
349 -0.003020043710929204 0.0
350 -0.003027368513920675 0.0
351 -0.0030346933169121465 0.0
352 -0.0030420181199036175 0.0
353 -0.0030493429228950885 0.0
354 -0.00305666772588656 0.0
355 -0.0030639925288780314 0.0
356 -0.003071317331869502 0.0
357 -0.0030786421348609734 0.0
358 -0.003085966937852445 0.0
359 -0.0030932917408439155 0.0
360 -0.003100616543835387 0.0
361 -0.0031079413468268584 0.0
362 -0.003115266149818329 0.0
363 -0.0031225909528098004 0.0
364 -0.0031299157558012714 0.0
365 -0.003137240558792743 0.0
366 -0.003144565361784214 0.0
367 -0.0031518901647756854 0.0
368 -0.0031592149677671564 0.0
369 -0.0031665397707586274 0.0
370 -0.003173864573750099 0.0
371 -0.0031811893767415694 0.0
372 -0.003188514179733041 0.0
373 -0.0031958389827245123 0.0
374 -0.003203163785715983 0.0
375 -0.0032104885887074544 0.0
376 -0.003217813391698926 0.0
377 -0.003225138194690397 0.0
378 -0.003232462997681868 0.0
379 -0.0032397878006733393 0.0
380 -0.0032471126036648103 0.0
381 -0.0032544374066562813 0.0
382 -0.003261762209647753 0.0
383 -0.003269087012639224 0.0
384 -0.003276411815630695 0.0
385 -0.0032837366186221663 0.0
386 -0.0032910614216136373 0.0
387 -0.0032983862246051083 0.0
388 -0.0033057110275965798 0.0
389 -0.003313035830588051 0.0
390 -0.003320360633579522 0.0
391 -0.0033276854365709933 0.0
392 -0.0033350102395624647 0.0
393 -0.0033423350425539353 0.0
394 -0.0033496598455454068 0.0
395 -0.0033569846485368778 0.0
396 -0.003364309451528349 0.0
397 -0.0033716342545198202 0.0
398 -0.0033789590575112913 0.0
399 -0.0033862838605027627 0.0
400 -0.0033936086634942337 0.0
401 -0.0034009334664857047 0.0
402 -0.0034082582694771758 0.0
403 -0.003415583072468647 0.0
404 -0.0034229078754601182 0.0
405 -0.0034302326784515897 0.0
406 -0.0034375574814430607 0.0
407 -0.003444882284434532 0.0
408 -0.0034522070874260027 0.0
409 -0.003459531890417474 0.0
410 -0.003466856693408945 0.0
411 -0.0034741814964004162 0.0
412 -0.0034815062993918877 0.0
413 -0.003488831102383359 0.0
414 -0.00349615590537483 0.0
415 -0.003503480708366301 0.0
416 -0.0035108055113577726 0.0
417 -0.003518130314349243 0.0
418 -0.0035254551173407147 0.0
419 -0.003532779920332186 0.0
420 -0.003540104723323657 0.0
421 -0.003547429526315128 0.0
422 -0.0035547543293065996 0.0
423 -0.0035620791322980706 0.0
424 -0.0035694039352895416 0.0
425 -0.003576728738281013 0.0
426 -0.0035840535412724845 0.0
427 -0.003591378344263955 0.0
428 -0.0035987031472554266 0.0
429 -0.0036060279502468976 0.0
430 -0.0036133527532383686 0.0
431 -0.00362067755622984 0.0
432 -0.0036280023592213115 0.0
433 -0.003635327162212782 0.0
434 -0.0036426519652042536 0.0
435 -0.0036499767681957246 0.0
436 -0.0036573015711871956 0.0
437 -0.003664626374178667 0.0
438 -0.003671951177170138 0.0
439 -0.0036792759801616095 0.0
440 -0.0036866007831530805 0.0
441 -0.003693925586144552 0.0
442 -0.0037012503891360226 0.0
443 -0.003708575192127494 0.0
444 -0.003715899995118965 0.0
445 -0.003723224798110436 0.0
446 -0.0037305496011019075 0.0
447 -0.003737874404093379 0.0
448 -0.00374519920708485 0.0
449 -0.003752524010076321 0.0
450 -0.0037598488130677924 0.0
451 -0.003767173616059263 0.0
452 -0.0037744984190507345 0.0
453 -0.003781823222042206 0.0
454 -0.003789148025033677 0.0
455 -0.003796472828025148 0.0
456 -0.0038037976310166194 0.0
457 -0.00381112243400809 0.0
458 -0.0038184472369995615 0.0
459 -0.0038257720399910325 0.0
460 -0.003833096842982504 0.0
461 -0.003840421645973975 0.0
462 -0.0038477464489654464 0.0
463 -0.0038550712519569174 0.0
464 -0.0038623960549483884 0.0
465 -0.00386972085793986 0.0
466 -0.0038770456609313305 0.0
467 -0.0038843704639228024 0.0
468 -0.0038916952669142734 0.0
469 -0.0038990200699057444 0.0
470 -0.003906344872897215 0.0
471 -0.003913669675888687 0.0
472 -0.003920994478880158 0.0
473 -0.003928319281871629 0.0
474 -0.0039356440848631 0.0
475 -0.003942968887854571 0.0
476 -0.003950293690846042 0.0
477 -0.003957618493837514 0.0
478 -0.003964943296828985 0.0
479 -0.003972268099820456 0.0
480 -0.003979592902811927 0.0
481 -0.003986917705803399 0.0
482 -0.003994242508794869 0.0
483 -0.004001567311786341 0.0
484 -0.004008892114777812 0.0
485 -0.004016216917769284 0.0
486 -0.004023541720760754 0.0
487 -0.004030866523752225 0.0
488 -0.004038191326743696 0.0
489 -0.004045516129735168 0.0
490 -0.004052840932726639 0.0
491 -0.004060165735718111 0.0
492 -0.004067490538709581 0.0
493 -0.004074815341701052 0.0
494 -0.004082140144692523 0.0
495 -0.004089464947683995 0.0
496 -0.004096789750675466 0.0
497 -0.004104114553666938 0.0
498 -0.004111439356658408 0.0
499 -0.004118764159649879 0.0
500 -0.00412608896264135 0.0
501 -0.004133413765632822 0.0
502 -0.004140738568624293 0.0
503 -0.004148063371615765 0.0
504 -0.004155388174607235 0.0
505 -0.004162712977598707 0.0
506 -0.004170037780590177 0.0
507 -0.004177362583581649 0.0
508 -0.00418468738657312 0.0
509 -0.004192012189564592 0.0
510 -0.004199336992556063 0.0
511 -0.004206661795547534 0.0
512 -0.004213986598539004 0.0
513 -0.004221311401530476 0.0
514 -0.004228636204521947 0.0
515 -0.004235961007513419 0.0
516 -0.00424328581050489 0.0
517 -0.004250610613496361 0.0
518 -0.004257935416487831 0.0
519 -0.004265260219479303 0.0
520 -0.004272585022470774 0.0
521 -0.004279909825462246 0.0
522 -0.004287234628453717 0.0
523 -0.004294559431445188 0.0
524 -0.004301884234436658 0.0
525 -0.00430920903742813 0.0
526 -0.004316533840419601 0.0
527 -0.0043238586434110726 0.0
528 -0.004331183446402543 0.0
529 -0.004338508249394015 0.0
530 -0.004345833052385486 0.0
531 -0.004353157855376957 0.0
532 -0.004360482658368428 0.0
533 -0.0043678074613598995 0.0
534 -0.004375132264351371 0.0
535 -0.0043824570673428416 0.0
536 -0.004389781870334313 0.0
537 -0.004397106673325784 0.0
538 -0.004404431476317255 0.0
539 -0.0044117562793087265 0.0
540 -0.004419081082300198 0.0
541 -0.0044264058852916685 0.0
542 -0.004433730688283139 0.0
543 -0.004441055491274611 0.0
544 -0.004448380294266082 0.0
545 -0.0044557050972575535 0.0
546 -0.004463029900249025 0.0
547 -0.0044703547032404955 0.0
548 -0.004477679506231966 0.0
549 -0.0044850043092234376 0.0
550 -0.004492329112214909 0.0
551 -0.0044996539152063805 0.0
552 -0.004506978718197852 0.0
553 -0.0045143035211893225 0.0
554 -0.004521628324180794 0.0
555 -0.0045289531271722645 0.0
556 -0.004536277930163736 0.0
557 -0.0045436027331552074 0.0
558 -0.004550927536146679 0.0
559 -0.00455825233913815 0.0
560 -0.004565577142129621 0.0
561 -0.0045729019451210915 0.0
562 -0.004580226748112563 0.0
563 -0.004587551551104034 0.0
564 -0.004594876354095506 0.0
565 -0.004602201157086977 0.0
566 -0.004609525960078448 0.0
567 -0.0046168507630699185 0.0
568 -0.00462417556606139 0.0
569 -0.004631500369052861 0.0
570 -0.004638825172044333 0.0
571 -0.004646149975035804 0.0
572 -0.004653474778027275 0.0
573 -0.0046607995810187455 0.0
574 -0.004668124384010217 0.0
575 -0.004675449187001688 0.0
576 -0.00468277398999316 0.0
577 -0.00469009879298463 0.0
578 -0.004697423595976102 0.0
579 -0.004704748398967573 0.0
580 -0.004712073201959044 0.0
581 -0.004719398004950515 0.0
582 -0.004726722807941987 0.0
583 -0.004734047610933458 0.0
584 -0.00474137241392493 0.0
585 -0.0047486972169164 0.0
586 -0.004756022019907871 0.0
587 -0.004763346822899342 0.0
588 -0.004770671625890814 0.0
589 -0.004777996428882285 0.0
590 -0.004785321231873756 0.0
591 -0.004792646034865227 0.0
592 -0.004799970837856698 0.0
593 -0.004807295640848169 0.0
594 -0.004814620443839641 0.0
595 -0.004821945246831112 0.0
596 -0.004829270049822583 0.0
597 -0.004836594852814054 0.0
598 -0.004843919655805526 0.0
599 -0.004851244458796996 0.0
600 -0.004858569261788468 0.0
601 -0.004865894064779938 0.0
602 -0.00487321886777141 0.0
603 -0.004880543670762881 0.0
604 -0.004887868473754352 0.0
605 -0.004895193276745823 0.0
606 -0.004902518079737295 0.0
607 -0.004909842882728766 0.0
608 -0.004917167685720237 0.0
609 -0.004924492488711708 0.0
610 -0.00493181729170318 0.0
611 -0.00493914209469465 0.0
612 -0.004946466897686122 0.0
613 -0.004953791700677593 0.0
614 -0.004961116503669065 0.0
615 -0.004968441306660534 0.0
616 -0.004975766109652006 0.0
617 -0.004983090912643477 0.0
618 -0.004990415715634949 0.0
619 -0.00499774051862642 0.0
620 -0.005005065321617891 0.0
621 -0.005012390124609362 0.0
622 -0.005019714927600833 0.0
623 -0.005027039730592304 0.0
624 -0.005034364533583776 0.0
625 -0.005041689336575247 0.0
626 -0.0050490141395667185 0.0
627 -0.005056338942558189 0.0
628 -0.005063663745549661 0.0
629 -0.005070988548541132 0.0
630 -0.005078313351532603 0.0
631 -0.005085638154524074 0.0
632 -0.0050929629575155455 0.0
633 -0.005100287760507017 0.0
634 -0.005107612563498487 0.0
635 -0.005114937366489958 0.0
636 -0.00512226216948143 0.0
637 -0.005129586972472901 0.0
638 -0.0051369117754643725 0.0
639 -0.005144236578455843 0.0
640 -0.0051515613814473145 0.0
641 -0.005158886184438785 0.0
642 -0.0051662109874302566 0.0
643 -0.005173535790421728 0.0
644 -0.0051808605934131995 0.0
645 -0.005188185396404671 0.0
646 -0.0051955101993961415 0.0
647 -0.005202835002387613 0.0
648 -0.0052101598053790835 0.0
649 -0.005217484608370555 0.0
650 -0.0052248094113620264 0.0
651 -0.005232134214353498 0.0
652 -0.005239459017344969 0.0
653 -0.005246783820336439 0.0
654 -0.0052541086233279105 0.0
655 -0.005261433426319382 0.0
656 -0.005268758229310853 0.0
657 -0.005276083032302325 0.0
658 -0.0052834078352937955 0.0
659 -0.005290732638285267 0.0
660 -0.0052980574412767375 0.0
661 -0.005305382244268209 0.0
662 -0.00531270704725968 0.0
663 -0.005320031850251152 0.0
664 -0.005327356653242623 0.0
665 -0.005334681456234093 0.0
666 -0.0053420062592255645 0.0
667 -0.005349331062217036 0.0
668 -0.005356655865208507 0.0
669 -0.005363980668199978 0.0
670 -0.005371305471191449 0.0
671 -0.005378630274182921 0.0
672 -0.0053859550771743914 0.0
673 -0.005393279880165863 0.0
674 -0.005400604683157334 0.0
675 -0.005407929486148806 0.0
676 -0.005415254289140276 0.0
677 -0.005422579092131748 0.0
678 -0.005429903895123219 0.0
679 -0.00543722869811469 0.0
680 -0.005444553501106161 0.0
681 -0.005451878304097633 0.0
682 -0.005459203107089104 0.0
683 -0.005466527910080574 0.0
684 -0.005473852713072045 0.0
685 -0.005481177516063517 0.0
686 -0.005488502319054988 0.0
687 -0.00549582712204646 0.0
688 -0.00550315192503793 0.0
689 -0.005510476728029402 0.0
690 -0.005517801531020872 0.0
691 -0.005525126334012344 0.0
692 -0.005532451137003815 0.0
693 -0.005539775939995287 0.0
694 -0.005547100742986758 0.0
695 -0.005554425545978229 0.0
696 -0.0055617503489697 0.0
697 -0.005569075151961171 0.0
698 -0.005576399954952642 0.0
699 -0.005583724757944114 0.0
700 -0.005591049560935585 0.0
701 -0.005598374363927057 0.0
702 -0.005605699166918526 0.0
703 -0.005613023969909998 0.0
704 -0.005620348772901469 0.0
705 -0.005627673575892941 0.0
706 -0.005634998378884412 0.0
707 -0.005642323181875883 0.0
708 -0.005649647984867354 0.0
709 -0.005656972787858825 0.0
710 -0.005664297590850296 0.0
711 -0.005671622393841768 0.0
712 -0.005678947196833239 0.0
713 -0.0056862719998247106 0.0
714 -0.00569359680281618 0.0
715 -0.005700921605807652 0.0
716 -0.005708246408799123 0.0
717 -0.005715571211790595 0.0
718 -0.005722896014782065 0.0
719 -0.005730220817773537 0.0
720 -0.005737545620765008 0.0
721 -0.005744870423756479 0.0
722 -0.00575219522674795 0.0
723 -0.005759520029739422 0.0
724 -0.005766844832730893 0.0
725 -0.005774169635722364 0.0
726 -0.005781494438713835 0.0
727 -0.0057888192417053065 0.0
728 -0.005796144044696777 0.0
729 -0.005803468847688249 0.0
730 -0.00581079365067972 0.0
731 -0.0058181184536711915 0.0
732 -0.005825443256662661 0.0
733 -0.005832768059654133 0.0
734 -0.005840092862645605 0.0
735 -0.0058474176656370756 0.0
736 -0.005854742468628547 0.0
737 -0.005862067271620018 0.0
738 -0.005869392074611489 0.0
739 -0.00587671687760296 0.0
740 -0.005884041680594431 0.0
741 -0.0058913664835859025 0.0
742 -0.005898691286577374 0.0
743 -0.0059060160895688454 0.0
744 -0.005913340892560316 0.0
745 -0.0059206656955517875 0.0
746 -0.005927990498543258 0.0
747 -0.0059353153015347295 0.0
748 -0.005942640104526201 0.0
749 -0.0059499649075176715 0.0
750 -0.005957289710509143 0.0
751 -0.0059646145135006145 0.0
752 -0.005971939316492086 0.0
753 -0.0059792641194835565 0.0
754 -0.005986588922475028 0.0
755 -0.005993913725466499 0.0
756 -0.00600123852845797 0.0
757 -0.006008563331449441 0.0
758 -0.006015888134440912 0.0
759 -0.0060232129374323835 0.0
760 -0.006030537740423855 0.0
761 -0.006037862543415326 0.0
762 -0.006045187346406798 0.0
763 -0.006052512149398268 0.0
764 -0.00605983695238974 0.0
765 -0.0060671617553812104 0.0
766 -0.006074486558372682 0.0
767 -0.0060818113613641525 0.0
768 -0.006089136164355624 0.0
769 -0.006096460967347095 0.0
770 -0.006103785770338567 0.0
771 -0.006111110573330037 0.0
772 -0.006118435376321509 0.0
773 -0.00612576017931298 0.0
774 -0.006133084982304451 0.0
775 -0.006140409785295922 0.0
776 -0.006147734588287394 0.0
777 -0.006155059391278864 0.0
778 -0.006162384194270336 0.0
779 -0.006169708997261806 0.0
780 -0.006177033800253278 0.0
781 -0.006184358603244749 0.0
782 -0.006191683406236221 0.0
783 -0.006199008209227692 0.0
784 -0.006206333012219163 0.0
785 -0.006213657815210634 0.0
786 -0.006220982618202105 0.0
787 -0.006228307421193576 0.0
788 -0.006235632224185047 0.0
789 -0.006242957027176518 0.0
790 -0.00625028183016799 0.0
791 -0.006257606633159461 0.0
792 -0.006264931436150933 0.0
793 -0.006272256239142403 0.0
794 -0.006279581042133875 0.0
795 -0.006286905845125345 0.0
796 -0.006294230648116817 0.0
797 -0.006301555451108288 0.0
798 -0.006308880254099759 0.0
799 -0.00631620505709123 0.0
800 -0.006323529860082702 0.0
801 -0.006330854663074173 0.0
802 -0.006338179466065645 0.0
803 -0.006345504269057115 0.0
804 -0.006352829072048587 0.0
805 -0.006360153875040057 0.0
806 -0.006367478678031529 0.0
807 -0.006374803481022999 0.0
808 -0.006382128284014471 0.0
809 -0.006389453087005942 0.0
810 -0.006396777889997414 0.0
811 -0.006404102692988885 0.0
812 -0.006411427495980356 0.0
813 -0.006418752298971827 0.0
814 -0.006426077101963298 0.0
815 -0.006433401904954769 0.0
816 -0.006440726707946241 0.0
817 -0.006448051510937711 0.0
818 -0.006455376313929183 0.0
819 -0.006462701116920654 0.0
820 -0.0064700259199121255 0.0
821 -0.006477350722903596 0.0
822 -0.006484675525895068 0.0
823 -0.006492000328886539 0.0
824 -0.00649932513187801 0.0
825 -0.006506649934869481 0.0
826 -0.006513974737860952 0.0
827 -0.006521299540852423 0.0
828 -0.006528624343843894 0.0
829 -0.006535949146835365 0.0
830 -0.006543273949826837 0.0
831 -0.006550598752818308 0.0
832 -0.0065579235558097795 0.0
833 -0.00656524835880125 0.0
834 -0.0065725731617927215 0.0
835 -0.006579897964784192 0.0
836 -0.006587222767775664 0.0
837 -0.006594547570767135 0.0
838 -0.006601872373758606 0.0
839 -0.006609197176750077 0.0
840 -0.0066165219797415485 0.0
841 -0.00662384678273302 0.0
842 -0.0066311715857244906 0.0
843 -0.006638496388715962 0.0
844 -0.0066458211917074335 0.0
845 -0.006653145994698904 0.0
846 -0.0066604707976903755 0.0
847 -0.006667795600681846 0.0
848 -0.0066751204036733175 0.0
849 -0.006682445206664789 0.0
850 -0.00668977000965626 0.0
851 -0.006697094812647732 0.0
852 -0.0067044196156392025 0.0
853 -0.006711744418630674 0.0
854 -0.0067190692216221445 0.0
855 -0.006726394024613616 0.0
856 -0.0067337188276050865 0.0
857 -0.006741043630596558 0.0
858 -0.0067483684335880294 0.0
859 -0.006755693236579501 0.0
860 -0.006763018039570972 0.0
861 -0.006770342842562443 0.0
862 -0.006777667645553914 0.0
863 -0.006784992448545385 0.0
864 -0.006792317251536856 0.0
865 -0.006799642054528328 0.0
866 -0.0068069668575197985 0.0
867 -0.00681429166051127 0.0
868 -0.006821616463502741 0.0
869 -0.006828941266494213 0.0
870 -0.006836266069485683 0.0
871 -0.006843590872477155 0.0
872 -0.006850915675468626 0.0
873 -0.006858240478460097 0.0
874 -0.006865565281451568 0.0
875 -0.006872890084443039 0.0
876 -0.00688021488743451 0.0
877 -0.006887539690425982 0.0
878 -0.006894864493417453 0.0
879 -0.006902189296408925 0.0
880 -0.006909514099400395 0.0
881 -0.006916838902391867 0.0
882 -0.006924163705383337 0.0
883 -0.006931488508374809 0.0
884 -0.006938813311366279 0.0
885 -0.006946138114357751 0.0
886 -0.006953462917349222 0.0
887 -0.006960787720340693 0.0
888 -0.006968112523332164 0.0
889 -0.006975437326323636 0.0
890 -0.006982762129315107 0.0
891 -0.006990086932306578 0.0
892 -0.006997411735298049 0.0
893 -0.007004736538289521 0.0
894 -0.007012061341280991 0.0
895 -0.007019386144272463 0.0
896 -0.007026710947263933 0.0
897 -0.007034035750255405 0.0
898 -0.007041360553246876 0.0
899 -0.007048685356238348 0.0
900 -0.007056010159229819 0.0
901 -0.00706333496222129 0.0
902 -0.007070659765212761 0.0
903 -0.007077984568204232 0.0
904 -0.007085309371195703 0.0
905 -0.007092634174187174 0.0
906 -0.007099958977178645 0.0
907 -0.007107283780170117 0.0
908 -0.007114608583161588 0.0
909 -0.00712193338615306 0.0
910 -0.00712925818914453 0.0
911 -0.007136582992136002 0.0
912 -0.007143907795127472 0.0
913 -0.007151232598118944 0.0
914 -0.007158557401110415 0.0
915 -0.007165882204101886 0.0
916 -0.007173207007093357 0.0
917 -0.007180531810084829 0.0
918 -0.0071878566130763 0.0
919 -0.007195181416067771 0.0
920 -0.007202506219059242 0.0
921 -0.0072098310220507136 0.0
922 -0.007217155825042184 0.0
923 -0.007224480628033656 0.0
924 -0.007231805431025126 0.0
925 -0.007239130234016598 0.0
926 -0.007246455037008069 0.0
927 -0.0072537798399995405 0.0
928 -0.007261104642991012 0.0
929 -0.007268429445982483 0.0
930 -0.007275754248973954 0.0
931 -0.007283079051965425 0.0
932 -0.007290403854956896 0.0
933 -0.007297728657948367 0.0
934 -0.007305053460939838 0.0
935 -0.0073123782639313096 0.0
936 -0.007319703066922781 0.0
937 -0.0073270278699142525 0.0
938 -0.007334352672905723 0.0
939 -0.0073416774758971945 0.0
940 -0.007349002278888665 0.0
941 -0.0073563270818801365 0.0
942 -0.007363651884871608 0.0
943 -0.007370976687863079 0.0
944 -0.00737830149085455 0.0
945 -0.007385626293846021 0.0
946 -0.007392951096837492 0.0
947 -0.0074002758998289635 0.0
948 -0.007407600702820435 0.0
949 -0.007414925505811906 0.0
950 -0.007422250308803377 0.0
951 -0.0074295751117948484 0.0
952 -0.007436899914786319 0.0
953 -0.0074442247177777905 0.0
954 -0.007451549520769261 0.0
955 -0.0074588743237607325 0.0
956 -0.007466199126752204 0.0
957 -0.007473523929743675 0.0
958 -0.007480848732735147 0.0
959 -0.0074881735357266175 0.0
960 -0.007495498338718089 0.0
961 -0.0075028231417095595 0.0
962 -0.007510147944701031 0.0
963 -0.007517472747692502 0.0
964 -0.007524797550683973 0.0
965 -0.0075321223536754444 0.0
966 -0.007539447156666916 0.0
967 -0.007546771959658387 0.0
968 -0.007554096762649859 0.0
969 -0.007561421565641329 0.0
970 -0.007568746368632801 0.0
971 -0.007576071171624271 0.0
972 -0.007583395974615743 0.0
973 -0.0075907207776072134 0.0
974 -0.007598045580598685 0.0
975 -0.007605370383590156 0.0
976 -0.007612695186581628 0.0
977 -0.007620019989573099 0.0
978 -0.00762734479256457 0.0
979 -0.007634669595556041 0.0
980 -0.007641994398547512 0.0
981 -0.007649319201538983 0.0
982 -0.007656644004530455 0.0
983 -0.007663968807521925 0.0
984 -0.007671293610513397 0.0
985 -0.007678618413504868 0.0
986 -0.00768594321649634 0.0
987 -0.00769326801948781 0.0
988 -0.007700592822479282 0.0
989 -0.007707917625470753 0.0
990 -0.007715242428462224 0.0
991 -0.007722567231453695 0.0
992 -0.007729892034445166 0.0
993 -0.007737216837436637 0.0
994 -0.007744541640428109 0.0
995 -0.00775186644341958 0.0
996 -0.007759191246411052 0.0
997 -0.007766516049402522 0.0
998 -0.007773840852393994 0.0
999 -0.007781165655385464 0.0
1000 [-0.00778117] 0.0
1001 [-0.00778117] 0.0
1002 [-0.00778117] 0.0
1003 [-0.00778117] 0.0
1004 [-0.00778117] 0.0
1005 [-0.00778117] 0.0
1006 [-0.00778117] 0.0
1007 [-0.00778117] 0.0
1008 [-0.00778117] 0.0
1009 [-0.00778117] 0.0
1010 [-0.00778117] 0.0
1011 [-0.00778117] 0.0
1012 [-0.00778117] 0.0
1013 [-0.00778117] 0.0
1014 [-0.00778117] 0.0
1015 [-0.00778117] 0.0
1016 [-0.00778117] 0.0
1017 [-0.00778117] 0.0
1018 [-0.00778117] 0.0
1019 [-0.00778117] 0.0
1020 [-0.00778117] 0.0
1021 [-0.00778117] 0.0
1022 [-0.00778117] 0.0
1023 [-0.00778117] 0.0
1024 [-0.00778117] 0.0
1025 [-0.00778117] 0.0
1026 [-0.00778117] 0.0
1027 [-0.00778117] 0.0
1028 [-0.00778117] 0.0
1029 [-0.00778117] 0.0
1030 [-0.00778117] 0.0
1031 [-0.00778117] 0.0
1032 [-0.00778117] 0.0
1033 [-0.00778117] 0.0
1034 [-0.00778117] 0.0
1035 [-0.00778117] 0.0
1036 [-0.00778117] 0.0
1037 [-0.00778117] 0.0
1038 [-0.00778117] 0.0
1039 [-0.00778117] 0.0
1040 [-0.00778117] 0.0
1041 [-0.00778117] 0.0
1042 [-0.00778117] 0.0
1043 [-0.00778117] 0.0
1044 [-0.00778117] 0.0
1045 [-0.00778117] 0.0
1046 [-0.00778117] 0.0
1047 [-0.00778117] 0.0
1048 [-0.00778117] 0.0
1049 [-0.00778117] 0.0
1050 [-0.00778117] 0.0
1051 [-0.00778117] 0.0
1052 [-0.00778117] 0.0
1053 [-0.00778117] 0.0
1054 [-0.00778117] 0.0
1055 [-0.00778117] 0.0
1056 [-0.00778117] 0.0
1057 [-0.00778117] 0.0
1058 [-0.00778117] 0.0
1059 [-0.00778117] 0.0
1060 [-0.00778117] 0.0
1061 [-0.00778117] 0.0
1062 [-0.00778117] 0.0
1063 [-0.00778117] 0.0
1064 [-0.00778117] 0.0
1065 [-0.00778117] 0.0
1066 [-0.00778117] 0.0
1067 [-0.00778117] 0.0
1068 [-0.00778117] 0.0
1069 [-0.00778117] 0.0
1070 [-0.00778117] 0.0
1071 [-0.00778117] 0.0
1072 [-0.00778117] 0.0
1073 [-0.00778117] 0.0
1074 [-0.00778117] 0.0
1075 [-0.00778117] 0.0
1076 [-0.00778117] 0.0
1077 [-0.00778117] 0.0
1078 [-0.00778117] 0.0
1079 [-0.00778117] 0.0
1080 [-0.00778117] 0.0
1081 [-0.00778117] 0.0
1082 [-0.00778117] 0.0
1083 [-0.00778117] 0.0
1084 [-0.00778117] 0.0
1085 [-0.00778117] 0.0
1086 [-0.00778117] 0.0
1087 [-0.00778117] 0.0
1088 [-0.00778117] 0.0
1089 [-0.00778117] 0.0
1090 [-0.00778117] 0.0
1091 [-0.00778117] 0.0
1092 [-0.00778117] 0.0
1093 [-0.00778117] 0.0
1094 [-0.00778117] 0.0
1095 [-0.00778117] 0.0
1096 [-0.00778117] 0.0
1097 [-0.00778117] 0.0
1098 [-0.00778117] 0.0
1099 [-0.00778117] 0.0
1100 [-0.00778117] 0.0
1101 [-0.00778117] 0.0
1102 [-0.00778117] 0.0
1103 [-0.00778117] 0.0
1104 [-0.00778117] 0.0
1105 [-0.00778117] 0.0
1106 [-0.00778117] 0.0
1107 [-0.00778117] 0.0
1108 [-0.00778117] 0.0
1109 [-0.00778117] 0.0
1110 [-0.00778117] 0.0
1111 [-0.00778117] 0.0
1112 [-0.00778117] 0.0
1113 [-0.00778117] 0.0
1114 [-0.00778117] 0.0
1115 [-0.00778117] 0.0
1116 [-0.00778117] 0.0
1117 [-0.00778117] 0.0
1118 [-0.00778117] 0.0
1119 [-0.00778117] 0.0
1120 [-0.00778117] 0.0
1121 [-0.00778117] 0.0
1122 [-0.00778117] 0.0
1123 [-0.00778117] 0.0
1124 [-0.00778117] 0.0
1125 [-0.00778117] 0.0
1126 [-0.00778117] 0.0
1127 [-0.00778117] 0.0
1128 [-0.00778117] 0.0
1129 [-0.00778117] 0.0
1130 [-0.00778117] 0.0
1131 [-0.00778117] 0.0
1132 [-0.00778117] 0.0
1133 [-0.00778117] 0.0
1134 [-0.00778117] 0.0
1135 [-0.00778117] 0.0
1136 [-0.00778117] 0.0
1137 [-0.00778117] 0.0
1138 [-0.00778117] 0.0
1139 [-0.00778117] 0.0
1140 [-0.00778117] 0.0
1141 [-0.00778117] 0.0
1142 [-0.00778117] 0.0
1143 [-0.00778117] 0.0
1144 [-0.00778117] 0.0
1145 [-0.00778117] 0.0
1146 [-0.00778117] 0.0
1147 [-0.00778117] 0.0
1148 [-0.00778117] 0.0
1149 [-0.00778117] 0.0
1150 [-0.00778117] 0.0
1151 [-0.00778117] 0.0
1152 [-0.00778117] 0.0
1153 [-0.00778117] 0.0
1154 [-0.00778117] 0.0
1155 [-0.00778117] 0.0
1156 [-0.00778117] 0.0
1157 [-0.00778117] 0.0
1158 [-0.00778117] 0.0
1159 [-0.00778117] 0.0
1160 [-0.00778117] 0.0
1161 [-0.00778117] 0.0
1162 [-0.00778117] 0.0
1163 [-0.00778117] 0.0
1164 [-0.00778117] 0.0
1165 [-0.00778117] 0.0
1166 [-0.00778117] 0.0
1167 [-0.00778117] 0.0
1168 [-0.00778117] 0.0
1169 [-0.00778117] 0.0
1170 [-0.00778117] 0.0
1171 [-0.00778117] 0.0
1172 [-0.00778117] 0.0
1173 [-0.00778117] 0.0
1174 [-0.00778117] 0.0
1175 [-0.00778117] 0.0
1176 [-0.00778117] 0.0
1177 [-0.00778117] 0.0
1178 [-0.00778117] 0.0
1179 [-0.00778117] 0.0
1180 [-0.00778117] 0.0
1181 [-0.00778117] 0.0
1182 [-0.00778117] 0.0
1183 [-0.00778117] 0.0
1184 [-0.00778117] 0.0
1185 [-0.00778117] 0.0
1186 [-0.00778117] 0.0
1187 [-0.00778117] 0.0
1188 [-0.00778117] 0.0
1189 [-0.00778117] 0.0
1190 [-0.00778117] 0.0
1191 [-0.00778117] 0.0
1192 [-0.00778117] 0.0
1193 [-0.00778117] 0.0
1194 [-0.00778117] 0.0
1195 [-0.00778117] 0.0
1196 [-0.00778117] 0.0
1197 [-0.00778117] 0.0
1198 [-0.00778117] 0.0
1199 [-0.00778117] 0.0
1200 -0.007781165655385464 0.0
1201 -0.007773840852393993 0.0
1202 -0.007766516049402522 0.0
1203 -0.007759191246411051 0.0
1204 -0.00775186644341958 0.0
1205 -0.007744541640428109 0.0
1206 -0.007737216837436637 0.0
1207 -0.007729892034445166 0.0
1208 -0.007722567231453694 0.0
1209 -0.007715242428462224 0.0
1210 -0.007707917625470752 0.0
1211 -0.007700592822479282 0.0
1212 -0.00769326801948781 0.0
1213 -0.00768594321649634 0.0
1214 -0.007678618413504868 0.0
1215 -0.007671293610513397 0.0
1216 -0.007663968807521925 0.0
1217 -0.007656644004530454 0.0
1218 -0.007649319201538983 0.0
1219 -0.007641994398547512 0.0
1220 -0.007634669595556041 0.0
1221 -0.00762734479256457 0.0
1222 -0.007620019989573098 0.0
1223 -0.007612695186581628 0.0
1224 -0.007605370383590156 0.0
1225 -0.007598045580598685 0.0
1226 -0.0075907207776072134 0.0
1227 -0.007583395974615743 0.0
1228 -0.007576071171624271 0.0
1229 -0.0075687463686328 0.0
1230 -0.007561421565641329 0.0
1231 -0.007554096762649858 0.0
1232 -0.007546771959658387 0.0
1233 -0.007539447156666916 0.0
1234 -0.0075321223536754444 0.0
1235 -0.007524797550683973 0.0
1236 -0.0075174727476925015 0.0
1237 -0.007510147944701031 0.0
1238 -0.0075028231417095595 0.0
1239 -0.007495498338718089 0.0
1240 -0.0074881735357266175 0.0
1241 -0.007480848732735147 0.0
1242 -0.007473523929743675 0.0
1243 -0.007466199126752204 0.0
1244 -0.0074588743237607325 0.0
1245 -0.007451549520769261 0.0
1246 -0.0074442247177777905 0.0
1247 -0.007436899914786319 0.0
1248 -0.007429575111794848 0.0
1249 -0.007422250308803377 0.0
1250 -0.0074149255058119055 0.0
1251 -0.007407600702820435 0.0
1252 -0.0074002758998289635 0.0
1253 -0.007392951096837492 0.0
1254 -0.007385626293846021 0.0
1255 -0.00737830149085455 0.0
1256 -0.007370976687863079 0.0
1257 -0.007363651884871607 0.0
1258 -0.0073563270818801365 0.0
1259 -0.007349002278888665 0.0
1260 -0.0073416774758971945 0.0
1261 -0.007334352672905723 0.0
1262 -0.007327027869914252 0.0
1263 -0.007319703066922781 0.0
1264 -0.0073123782639313096 0.0
1265 -0.007305053460939838 0.0
1266 -0.007297728657948367 0.0
1267 -0.007290403854956896 0.0
1268 -0.007283079051965425 0.0
1269 -0.007275754248973954 0.0
1270 -0.007268429445982483 0.0
1271 -0.007261104642991011 0.0
1272 -0.0072537798399995405 0.0
1273 -0.007246455037008069 0.0
1274 -0.007239130234016598 0.0
1275 -0.007231805431025126 0.0
1276 -0.007224480628033655 0.0
1277 -0.007217155825042184 0.0
1278 -0.007209831022050713 0.0
1279 -0.007202506219059242 0.0
1280 -0.007195181416067771 0.0
1281 -0.0071878566130763 0.0
1282 -0.007180531810084829 0.0
1283 -0.007173207007093357 0.0
1284 -0.007165882204101886 0.0
1285 -0.007158557401110414 0.0
1286 -0.007151232598118944 0.0
1287 -0.007143907795127472 0.0
1288 -0.007136582992136002 0.0
1289 -0.00712925818914453 0.0
1290 -0.007121933386153059 0.0
1291 -0.007114608583161588 0.0
1292 -0.007107283780170117 0.0
1293 -0.007099958977178645 0.0
1294 -0.007092634174187174 0.0
1295 -0.007085309371195703 0.0
1296 -0.007077984568204232 0.0
1297 -0.007070659765212761 0.0
1298 -0.00706333496222129 0.0
1299 -0.007056010159229818 0.0
1300 -0.007048685356238348 0.0
1301 -0.007041360553246876 0.0
1302 -0.007034035750255405 0.0
1303 -0.007026710947263933 0.0
1304 -0.007019386144272462 0.0
1305 -0.007012061341280991 0.0
1306 -0.00700473653828952 0.0
1307 -0.006997411735298049 0.0
1308 -0.006990086932306578 0.0
1309 -0.006982762129315106 0.0
1310 -0.006975437326323636 0.0
1311 -0.006968112523332164 0.0
1312 -0.006960787720340693 0.0
1313 -0.006953462917349221 0.0
1314 -0.006946138114357751 0.0
1315 -0.006938813311366279 0.0
1316 -0.006931488508374809 0.0
1317 -0.006924163705383337 0.0
1318 -0.006916838902391866 0.0
1319 -0.006909514099400395 0.0
1320 -0.006902189296408924 0.0
1321 -0.006894864493417453 0.0
1322 -0.006887539690425982 0.0
1323 -0.00688021488743451 0.0
1324 -0.006872890084443039 0.0
1325 -0.006865565281451568 0.0
1326 -0.006858240478460097 0.0
1327 -0.006850915675468625 0.0
1328 -0.006843590872477155 0.0
1329 -0.006836266069485683 0.0
1330 -0.006828941266494213 0.0
1331 -0.006821616463502741 0.0
1332 -0.00681429166051127 0.0
1333 -0.0068069668575197985 0.0
1334 -0.006799642054528327 0.0
1335 -0.006792317251536856 0.0
1336 -0.006784992448545385 0.0
1337 -0.0067776676455539135 0.0
1338 -0.006770342842562443 0.0
1339 -0.006763018039570972 0.0
1340 -0.006755693236579501 0.0
1341 -0.0067483684335880294 0.0
1342 -0.006741043630596558 0.0
1343 -0.0067337188276050865 0.0
1344 -0.006726394024613616 0.0
1345 -0.0067190692216221445 0.0
1346 -0.006711744418630673 0.0
1347 -0.0067044196156392025 0.0
1348 -0.006697094812647731 0.0
1349 -0.00668977000965626 0.0
1350 -0.006682445206664789 0.0
1351 -0.0066751204036733175 0.0
1352 -0.006667795600681846 0.0
1353 -0.0066604707976903755 0.0
1354 -0.006653145994698904 0.0
1355 -0.006645821191707433 0.0
1356 -0.006638496388715962 0.0
1357 -0.0066311715857244906 0.0
1358 -0.00662384678273302 0.0
1359 -0.0066165219797415485 0.0
1360 -0.006609197176750077 0.0
1361 -0.006601872373758606 0.0
1362 -0.006594547570767134 0.0
1363 -0.006587222767775664 0.0
1364 -0.006579897964784192 0.0
1365 -0.006572573161792721 0.0
1366 -0.00656524835880125 0.0
1367 -0.0065579235558097795 0.0
1368 -0.006550598752818308 0.0
1369 -0.006543273949826837 0.0
1370 -0.006535949146835365 0.0
1371 -0.006528624343843894 0.0
1372 -0.006521299540852423 0.0
1373 -0.006513974737860952 0.0
1374 -0.00650664993486948 0.0
1375 -0.00649932513187801 0.0
1376 -0.006492000328886538 0.0
1377 -0.006484675525895068 0.0
1378 -0.006477350722903596 0.0
1379 -0.006470025919912125 0.0
1380 -0.006462701116920654 0.0
1381 -0.006455376313929183 0.0
1382 -0.006448051510937711 0.0
1383 -0.00644072670794624 0.0
1384 -0.006433401904954769 0.0
1385 -0.006426077101963298 0.0
1386 -0.006418752298971827 0.0
1387 -0.006411427495980356 0.0
1388 -0.006404102692988884 0.0
1389 -0.006396777889997414 0.0
1390 -0.006389453087005942 0.0
1391 -0.006382128284014471 0.0
1392 -0.006374803481022999 0.0
1393 -0.006367478678031528 0.0
1394 -0.006360153875040057 0.0
1395 -0.006352829072048587 0.0
1396 -0.006345504269057115 0.0
1397 -0.006338179466065644 0.0
1398 -0.006330854663074173 0.0
1399 -0.006323529860082702 0.0
1400 -0.00631620505709123 0.0
1401 -0.006308880254099759 0.0
1402 -0.006301555451108287 0.0
1403 -0.006294230648116817 0.0
1404 -0.006286905845125346 0.0
1405 -0.006279581042133875 0.0
1406 -0.006272256239142403 0.0
1407 -0.006264931436150932 0.0
1408 -0.006257606633159461 0.0
1409 -0.00625028183016799 0.0
1410 -0.006242957027176518 0.0
1411 -0.006235632224185047 0.0
1412 -0.0062283074211935754 0.0
1413 -0.006220982618202105 0.0
1414 -0.006213657815210634 0.0
1415 -0.006206333012219163 0.0
1416 -0.006199008209227691 0.0
1417 -0.006191683406236221 0.0
1418 -0.006184358603244749 0.0
1419 -0.006177033800253278 0.0
1420 -0.006169708997261806 0.0
1421 -0.006162384194270335 0.0
1422 -0.006155059391278864 0.0
1423 -0.006147734588287394 0.0
1424 -0.006140409785295922 0.0
1425 -0.006133084982304451 0.0
1426 -0.0061257601793129795 0.0
1427 -0.006118435376321509 0.0
1428 -0.006111110573330037 0.0
1429 -0.006103785770338567 0.0
1430 -0.006096460967347095 0.0
1431 -0.006089136164355624 0.0
1432 -0.0060818113613641525 0.0
1433 -0.006074486558372682 0.0
1434 -0.0060671617553812104 0.0
1435 -0.006059836952389739 0.0
1436 -0.006052512149398268 0.0
1437 -0.006045187346406798 0.0
1438 -0.006037862543415326 0.0
1439 -0.006030537740423855 0.0
1440 -0.0060232129374323835 0.0
1441 -0.006015888134440912 0.0
1442 -0.006008563331449441 0.0
1443 -0.00600123852845797 0.0
1444 -0.0059939137254664985 0.0
1445 -0.005986588922475028 0.0
1446 -0.0059792641194835565 0.0
1447 -0.005971939316492086 0.0
1448 -0.0059646145135006145 0.0
1449 -0.005957289710509143 0.0
1450 -0.0059499649075176715 0.0
1451 -0.005942640104526201 0.0
1452 -0.0059353153015347295 0.0
1453 -0.005927990498543258 0.0
1454 -0.005920665695551787 0.0
1455 -0.005913340892560316 0.0
1456 -0.0059060160895688454 0.0
1457 -0.005898691286577374 0.0
1458 -0.0058913664835859025 0.0
1459 -0.005884041680594431 0.0
1460 -0.00587671687760296 0.0
1461 -0.005869392074611489 0.0
1462 -0.005862067271620018 0.0
1463 -0.005854742468628546 0.0
1464 -0.0058474176656370756 0.0
1465 -0.005840092862645605 0.0
1466 -0.005832768059654133 0.0
1467 -0.005825443256662661 0.0
1468 -0.00581811845367119 0.0
1469 -0.00581079365067972 0.0
1470 -0.005803468847688249 0.0
1471 -0.005796144044696777 0.0
1472 -0.005788819241705306 0.0
1473 -0.005781494438713835 0.0
1474 -0.005774169635722364 0.0
1475 -0.005766844832730893 0.0
1476 -0.005759520029739422 0.0
1477 -0.00575219522674795 0.0
1478 -0.005744870423756479 0.0
1479 -0.005737545620765008 0.0
1480 -0.005730220817773537 0.0
1481 -0.005722896014782065 0.0
1482 -0.005715571211790594 0.0
1483 -0.005708246408799123 0.0
1484 -0.005700921605807652 0.0
1485 -0.00569359680281618 0.0
1486 -0.00568627199982471 0.0
1487 -0.005678947196833239 0.0
1488 -0.005671622393841768 0.0
1489 -0.005664297590850296 0.0
1490 -0.005656972787858825 0.0
1491 -0.005649647984867353 0.0
1492 -0.005642323181875883 0.0
1493 -0.005634998378884412 0.0
1494 -0.005627673575892941 0.0
1495 -0.005620348772901469 0.0
1496 -0.005613023969909998 0.0
1497 -0.005605699166918526 0.0
1498 -0.005598374363927057 0.0
1499 -0.005591049560935585 0.0
1500 -0.005583724757944114 0.0
1501 -0.005576399954952642 0.0
1502 -0.005569075151961171 0.0
1503 -0.0055617503489697 0.0
1504 -0.005554425545978229 0.0
1505 -0.005547100742986757 0.0
1506 -0.005539775939995287 0.0
1507 -0.005532451137003815 0.0
1508 -0.005525126334012344 0.0
1509 -0.005517801531020872 0.0
1510 -0.005510476728029401 0.0
1511 -0.00550315192503793 0.0
1512 -0.00549582712204646 0.0
1513 -0.005488502319054988 0.0
1514 -0.005481177516063517 0.0
1515 -0.005473852713072045 0.0
1516 -0.005466527910080574 0.0
1517 -0.005459203107089104 0.0
1518 -0.005451878304097633 0.0
1519 -0.005444553501106161 0.0
1520 -0.00543722869811469 0.0
1521 -0.005429903895123219 0.0
1522 -0.005422579092131748 0.0
1523 -0.005415254289140276 0.0
1524 -0.005407929486148805 0.0
1525 -0.005400604683157334 0.0
1526 -0.005393279880165863 0.0
1527 -0.0053859550771743914 0.0
1528 -0.00537863027418292 0.0
1529 -0.0053713054711914485 0.0
1530 -0.005363980668199978 0.0
1531 -0.005356655865208507 0.0
1532 -0.005349331062217036 0.0
1533 -0.0053420062592255645 0.0
1534 -0.005334681456234093 0.0
1535 -0.005327356653242623 0.0
1536 -0.005320031850251152 0.0
1537 -0.00531270704725968 0.0
1538 -0.005305382244268209 0.0
1539 -0.0052980574412767375 0.0
1540 -0.005290732638285267 0.0
1541 -0.0052834078352937955 0.0
1542 -0.005276083032302324 0.0
1543 -0.0052687582293108525 0.0
1544 -0.005261433426319382 0.0
1545 -0.0052541086233279105 0.0
1546 -0.005246783820336439 0.0
1547 -0.005239459017344968 0.0
1548 -0.005232134214353498 0.0
1549 -0.0052248094113620264 0.0
1550 -0.005217484608370555 0.0
1551 -0.0052101598053790835 0.0
1552 -0.005202835002387612 0.0
1553 -0.0051955101993961415 0.0
1554 -0.005188185396404671 0.0
1555 -0.0051808605934131995 0.0
1556 -0.005173535790421728 0.0
1557 -0.0051662109874302566 0.0
1558 -0.005158886184438785 0.0
1559 -0.0051515613814473145 0.0
1560 -0.005144236578455843 0.0
1561 -0.005136911775464372 0.0
1562 -0.005129586972472901 0.0
1563 -0.00512226216948143 0.0
1564 -0.005114937366489958 0.0
1565 -0.005107612563498487 0.0
1566 -0.005100287760507015 0.0
1567 -0.0050929629575155455 0.0
1568 -0.005085638154524074 0.0
1569 -0.005078313351532603 0.0
1570 -0.005070988548541131 0.0
1571 -0.00506366374554966 0.0
1572 -0.005056338942558189 0.0
1573 -0.0050490141395667185 0.0
1574 -0.005041689336575247 0.0
1575 -0.005034364533583776 0.0
1576 -0.005027039730592304 0.0
1577 -0.005019714927600834 0.0
1578 -0.005012390124609362 0.0
1579 -0.005005065321617891 0.0
1580 -0.004997740518626419 0.0
1581 -0.004990415715634949 0.0
1582 -0.004983090912643477 0.0
1583 -0.004975766109652006 0.0
1584 -0.004968441306660534 0.0
1585 -0.004961116503669063 0.0
1586 -0.004953791700677593 0.0
1587 -0.004946466897686122 0.0
1588 -0.00493914209469465 0.0
1589 -0.004931817291703179 0.0
1590 -0.004924492488711708 0.0
1591 -0.004917167685720237 0.0
1592 -0.004909842882728766 0.0
1593 -0.004902518079737295 0.0
1594 -0.004895193276745823 0.0
1595 -0.004887868473754352 0.0
1596 -0.004880543670762881 0.0
1597 -0.00487321886777141 0.0
1598 -0.004865894064779938 0.0
1599 -0.004858569261788467 0.0
1600 -0.004851244458796996 0.0
1601 -0.004843919655805526 0.0
1602 -0.004836594852814054 0.0
1603 -0.004829270049822583 0.0
1604 -0.004821945246831112 0.0
1605 -0.004814620443839641 0.0
1606 -0.004807295640848169 0.0
1607 -0.004799970837856698 0.0
1608 -0.004792646034865227 0.0
1609 -0.004785321231873756 0.0
1610 -0.004777996428882284 0.0
1611 -0.004770671625890814 0.0
1612 -0.004763346822899342 0.0
1613 -0.004756022019907871 0.0
1614 -0.004748697216916399 0.0
1615 -0.00474137241392493 0.0
1616 -0.004734047610933458 0.0
1617 -0.004726722807941987 0.0
1618 -0.004719398004950515 0.0
1619 -0.004712073201959044 0.0
1620 -0.004704748398967573 0.0
1621 -0.004697423595976102 0.0
1622 -0.004690098792984631 0.0
1623 -0.00468277398999316 0.0
1624 -0.004675449187001688 0.0
1625 -0.004668124384010217 0.0
1626 -0.0046607995810187455 0.0
1627 -0.004653474778027275 0.0
1628 -0.004646149975035803 0.0
1629 -0.004638825172044332 0.0
1630 -0.004631500369052861 0.0
1631 -0.00462417556606139 0.0
1632 -0.0046168507630699185 0.0
1633 -0.004609525960078447 0.0
1634 -0.004602201157086977 0.0
1635 -0.004594876354095506 0.0
1636 -0.004587551551104034 0.0
1637 -0.004580226748112563 0.0
1638 -0.0045729019451210915 0.0
1639 -0.004565577142129621 0.0
1640 -0.0045582523391381495 0.0
1641 -0.004550927536146679 0.0
1642 -0.0045436027331552074 0.0
1643 -0.004536277930163736 0.0
1644 -0.0045289531271722645 0.0
1645 -0.004521628324180793 0.0
1646 -0.0045143035211893225 0.0
1647 -0.004506978718197851 0.0
1648 -0.0044996539152063805 0.0
1649 -0.004492329112214909 0.0
1650 -0.0044850043092234376 0.0
1651 -0.004477679506231966 0.0
1652 -0.004470354703240495 0.0
1653 -0.004463029900249025 0.0
1654 -0.0044557050972575535 0.0
1655 -0.004448380294266082 0.0
1656 -0.004441055491274611 0.0
1657 -0.004433730688283139 0.0
1658 -0.0044264058852916685 0.0
1659 -0.004419081082300197 0.0
1660 -0.0044117562793087265 0.0
1661 -0.004404431476317255 0.0
1662 -0.004397106673325784 0.0
1663 -0.004389781870334312 0.0
1664 -0.004382457067342841 0.0
1665 -0.004375132264351371 0.0
1666 -0.0043678074613598995 0.0
1667 -0.004360482658368428 0.0
1668 -0.004353157855376957 0.0
1669 -0.004345833052385486 0.0
1670 -0.004338508249394015 0.0
1671 -0.004331183446402543 0.0
1672 -0.0043238586434110726 0.0
1673 -0.004316533840419601 0.0
1674 -0.00430920903742813 0.0
1675 -0.004301884234436658 0.0
1676 -0.004294559431445188 0.0
1677 -0.004287234628453716 0.0
1678 -0.004279909825462245 0.0
1679 -0.004272585022470774 0.0
1680 -0.004265260219479303 0.0
1681 -0.004257935416487831 0.0
1682 -0.00425061061349636 0.0
1683 -0.00424328581050489 0.0
1684 -0.004235961007513419 0.0
1685 -0.004228636204521947 0.0
1686 -0.004221311401530476 0.0
1687 -0.004213986598539004 0.0
1688 -0.004206661795547534 0.0
1689 -0.004199336992556062 0.0
1690 -0.004192012189564592 0.0
1691 -0.00418468738657312 0.0
1692 -0.004177362583581649 0.0
1693 -0.004170037780590177 0.0
1694 -0.004162712977598706 0.0
1695 -0.004155388174607235 0.0
1696 -0.004148063371615764 0.0
1697 -0.004140738568624293 0.0
1698 -0.004133413765632822 0.0
1699 -0.00412608896264135 0.0
1700 -0.004118764159649879 0.0
1701 -0.004111439356658407 0.0
1702 -0.004104114553666938 0.0
1703 -0.004096789750675466 0.0
1704 -0.004089464947683995 0.0
1705 -0.004082140144692523 0.0
1706 -0.004074815341701052 0.0
1707 -0.004067490538709581 0.0
1708 -0.00406016573571811 0.0
1709 -0.004052840932726639 0.0
1710 -0.004045516129735168 0.0
1711 -0.004038191326743696 0.0
1712 -0.004030866523752225 0.0
1713 -0.0040235417207607534 0.0
1714 -0.004016216917769284 0.0
1715 -0.004008892114777812 0.0
1716 -0.004001567311786341 0.0
1717 -0.003994242508794869 0.0
1718 -0.003986917705803399 0.0
1719 -0.003979592902811927 0.0
1720 -0.003972268099820456 0.0
1721 -0.003964943296828985 0.0
1722 -0.003957618493837514 0.0
1723 -0.003950293690846042 0.0
1724 -0.003942968887854571 0.0
1725 -0.0039356440848631 0.0
1726 -0.003928319281871629 0.0
1727 -0.0039209944788801574 0.0
1728 -0.003913669675888687 0.0
1729 -0.003906344872897215 0.0
1730 -0.0038990200699057444 0.0
1731 -0.003891695266914273 0.0
1732 -0.0038843704639228024 0.0
1733 -0.0038770456609313305 0.0
1734 -0.003869720857939859 0.0
1735 -0.0038623960549483884 0.0
1736 -0.003855071251956917 0.0
1737 -0.0038477464489654464 0.0
1738 -0.003840421645973975 0.0
1739 -0.003833096842982504 0.0
1740 -0.0038257720399910325 0.0
1741 -0.003818447236999561 0.0
1742 -0.00381112243400809 0.0
1743 -0.003803797631016619 0.0
1744 -0.003796472828025148 0.0
1745 -0.0037891480250336765 0.0
1746 -0.003781823222042206 0.0
1747 -0.0037744984190507345 0.0
1748 -0.003767173616059263 0.0
1749 -0.0037598488130677924 0.0
1750 -0.003752524010076321 0.0
1751 -0.00374519920708485 0.0
1752 -0.0037378744040933785 0.0
1753 -0.0037305496011019075 0.0
1754 -0.003723224798110436 0.0
1755 -0.0037158999951189646 0.0
1756 -0.003708575192127494 0.0
1757 -0.0037012503891360226 0.0
1758 -0.003693925586144552 0.0
1759 -0.0036866007831530805 0.0
1760 -0.0036792759801616095 0.0
1761 -0.003671951177170138 0.0
1762 -0.0036646263741786666 0.0
1763 -0.0036573015711871956 0.0
1764 -0.003649976768195724 0.0
1765 -0.0036426519652042536 0.0
1766 -0.003635327162212782 0.0
1767 -0.0036280023592213115 0.0
1768 -0.00362067755622984 0.0
1769 -0.0036133527532383686 0.0
1770 -0.0036060279502468976 0.0
1771 -0.003598703147255426 0.0
1772 -0.003591378344263955 0.0
1773 -0.0035840535412724837 0.0
1774 -0.003576728738281013 0.0
1775 -0.0035694039352895416 0.0
1776 -0.00356207913229807 0.0
1777 -0.0035547543293065996 0.0
1778 -0.003547429526315128 0.0
1779 -0.003540104723323657 0.0
1780 -0.0035327799203321857 0.0
1781 -0.0035254551173407147 0.0
1782 -0.003518130314349243 0.0
1783 -0.0035108055113577718 0.0
1784 -0.003503480708366301 0.0
1785 -0.0034961559053748297 0.0
1786 -0.003488831102383359 0.0
1787 -0.0034815062993918877 0.0
1788 -0.0034741814964004167 0.0
1789 -0.003466856693408945 0.0
1790 -0.0034595318904174738 0.0
1791 -0.0034522070874260027 0.0
1792 -0.0034448822844345313 0.0
1793 -0.0034375574814430607 0.0
1794 -0.0034302326784515893 0.0
1795 -0.0034229078754601187 0.0
1796 -0.003415583072468647 0.0
1797 -0.0034082582694771758 0.0
1798 -0.0034009334664857047 0.0
1799 -0.0033936086634942333 0.0
1800 -0.0033862838605027627 0.0
1801 -0.0033789590575112913 0.0
1802 -0.00337163425451982 0.0
1803 -0.003364309451528349 0.0
1804 -0.0033569846485368773 0.0
1805 -0.0033496598455454068 0.0
1806 -0.0033423350425539353 0.0
1807 -0.0033350102395624647 0.0
1808 -0.0033276854365709933 0.0
1809 -0.003320360633579522 0.0
1810 -0.003313035830588051 0.0
1811 -0.0033057110275965793 0.0
1812 -0.0032983862246051083 0.0
1813 -0.003291061421613637 0.0
1814 -0.0032837366186221663 0.0
1815 -0.003276411815630695 0.0
1816 -0.0032690870126392234 0.0
1817 -0.003261762209647753 0.0
1818 -0.0032544374066562813 0.0
1819 -0.0032471126036648103 0.0
1820 -0.003239787800673339 0.0
1821 -0.003232462997681868 0.0
1822 -0.0032251381946903964 0.0
1823 -0.003217813391698925 0.0
1824 -0.0032104885887074544 0.0
1825 -0.003203163785715983 0.0
1826 -0.0031958389827245123 0.0
1827 -0.003188514179733041 0.0
1828 -0.00318118937674157 0.0
1829 -0.0031738645737500984 0.0
1830 -0.003166539770758627 0.0
1831 -0.003159214967767156 0.0
1832 -0.0031518901647756845 0.0
1833 -0.003144565361784214 0.0
1834 -0.0031372405587927425 0.0
1835 -0.003129915755801272 0.0
1836 -0.0031225909528098004 0.0
1837 -0.003115266149818329 0.0
1838 -0.003107941346826858 0.0
1839 -0.0031006165438353865 0.0
1840 -0.0030932917408439155 0.0
1841 -0.003085966937852444 0.0
1842 -0.0030786421348609734 0.0
1843 -0.003071317331869502 0.0
1844 -0.0030639925288780305 0.0
1845 -0.00305666772588656 0.0
1846 -0.0030493429228950885 0.0
1847 -0.0030420181199036175 0.0
1848 -0.003034693316912146 0.0
1849 -0.003027368513920675 0.0
1850 -0.0030200437109292036 0.0
1851 -0.003012718907937732 0.0
1852 -0.0030053941049462615 0.0
1853 -0.00299806930195479 0.0
1854 -0.0029907444989633195 0.0
1855 -0.002983419695971848 0.0
1856 -0.002976094892980377 0.0
1857 -0.002968770089988906 0.0
1858 -0.0029614452869974345 0.0
1859 -0.0029541204840059635 0.0
1860 -0.002946795681014492 0.0
1861 -0.002939470878023021 0.0
1862 -0.0029321460750315496 0.0
1863 -0.002924821272040079 0.0
1864 -0.0029174964690486076 0.0
1865 -0.002910171666057136 0.0
1866 -0.002902846863065665 0.0
1867 -0.0028955220600741936 0.0
1868 -0.002888197257082723 0.0
1869 -0.0028808724540912516 0.0
1870 -0.0028735476510997806 0.0
1871 -0.002866222848108309 0.0
1872 -0.0028588980451168377 0.0
1873 -0.002851573242125367 0.0
1874 -0.0028442484391338957 0.0
1875 -0.002836923636142425 0.0
1876 -0.0028295988331509536 0.0
1877 -0.0028222740301594826 0.0
1878 -0.002814949227168011 0.0
1879 -0.0028076244241765397 0.0
1880 -0.0028002996211850687 0.0
1881 -0.0027929748181935972 0.0
1882 -0.0027856500152021266 0.0
1883 -0.002778325212210655 0.0
1884 -0.0027710004092191846 0.0
1885 -0.002763675606227713 0.0
1886 -0.0027563508032362417 0.0
1887 -0.0027490260002447707 0.0
1888 -0.0027417011972532992 0.0
1889 -0.002734376394261828 0.0
1890 -0.0027270515912703568 0.0
1891 -0.002719726788278886 0.0
1892 -0.0027124019852874147 0.0
1893 -0.0027050771822959433 0.0
1894 -0.0026977523793044727 0.0
1895 -0.0026904275763130012 0.0
1896 -0.0026831027733215302 0.0
1897 -0.0026757779703300588 0.0
1898 -0.0026684531673385877 0.0
1899 -0.0026611283643471163 0.0
1900 -0.0026538035613556453 0.0
1901 -0.0026464787583641743 0.0
1902 -0.002639153955372703 0.0
1903 -0.0026318291523812322 0.0
1904 -0.0026245043493897608 0.0
1905 -0.0026171795463982898 0.0
1906 -0.0026098547434068183 0.0
1907 -0.002602529940415347 0.0
1908 -0.0025952051374238763 0.0
1909 -0.002587880334432405 0.0
1910 -0.002580555531440934 0.0
1911 -0.0025732307284494623 0.0
1912 -0.0025659059254579918 0.0
1913 -0.0025585811224665203 0.0
1914 -0.002551256319475049 0.0
1915 -0.002543931516483578 0.0
1916 -0.0025366067134921064 0.0
1917 -0.002529281910500636 0.0
1918 -0.0025219571075091643 0.0
1919 -0.0025146323045176933 0.0
1920 -0.002507307501526222 0.0
1921 -0.0024999826985347504 0.0
1922 -0.00249265789554328 0.0
1923 -0.0024853330925518084 0.0
1924 -0.0024780082895603374 0.0
1925 -0.002470683486568866 0.0
1926 -0.0024633586835773953 0.0
1927 -0.002456033880585924 0.0
1928 -0.0024487090775944524 0.0
1929 -0.0024413842746029814 0.0
1930 -0.00243405947161151 0.0
1931 -0.0024267346686200394 0.0
1932 -0.002419409865628568 0.0
1933 -0.002412085062637097 0.0
1934 -0.0024047602596456255 0.0
1935 -0.0023974354566541544 0.0
1936 -0.0023901106536626834 0.0
1937 -0.002382785850671212 0.0
1938 -0.002375461047679741 0.0
1939 -0.0023681362446882695 0.0
1940 -0.002360811441696799 0.0
1941 -0.0023534866387053275 0.0
1942 -0.002346161835713856 0.0
1943 -0.0023388370327223854 0.0
1944 -0.002331512229730914 0.0
1945 -0.002324187426739443 0.0
1946 -0.0023168626237479715 0.0
1947 -0.0023095378207565005 0.0
1948 -0.002302213017765029 0.0
1949 -0.002294888214773558 0.0
1950 -0.002287563411782087 0.0
1951 -0.0022802386087906155 0.0
1952 -0.002272913805799145 0.0
1953 -0.0022655890028076735 0.0
1954 -0.0022582641998162025 0.0
1955 -0.002250939396824731 0.0
1956 -0.0022436145938332596 0.0
1957 -0.002236289790841789 0.0
1958 -0.0022289649878503176 0.0
1959 -0.0022216401848588465 0.0
1960 -0.002214315381867375 0.0
1961 -0.0022069905788759045 0.0
1962 -0.002199665775884433 0.0
1963 -0.0021923409728929616 0.0
1964 -0.0021850161699014906 0.0
1965 -0.002177691366910019 0.0
1966 -0.0021703665639185485 0.0
1967 -0.002163041760927077 0.0
1968 -0.0021557169579356056 0.0
1969 -0.0021483921549441346 0.0
1970 -0.002141067351952663 0.0
1971 -0.0021337425489611926 0.0
1972 -0.002126417745969721 0.0
1973 -0.00211909294297825 0.0
1974 -0.0021117681399867787 0.0
1975 -0.002104443336995307 0.0
1976 -0.0020971185340038366 0.0
1977 -0.002089793731012365 0.0
1978 -0.002082468928020894 0.0
1979 -0.0020751441250294227 0.0
1980 -0.002067819322037952 0.0
1981 -0.0020604945190464807 0.0
1982 -0.002053169716055009 0.0
1983 -0.002045844913063538 0.0
1984 -0.0020385201100720667 0.0
1985 -0.002031195307080596 0.0
1986 -0.0020238705040891247 0.0
1987 -0.0020165457010976537 0.0
1988 -0.0020092208981061822 0.0
1989 -0.0020018960951147108 0.0
1990 -0.00199457129212324 0.0
1991 -0.0019872464891317687 0.0
1992 -0.0019799216861402977 0.0
1993 -0.0019725968831488263 0.0
1994 -0.0019652720801573557 0.0
1995 -0.0019579472771658842 0.0
1996 -0.0019506224741744128 0.0
1997 -0.001943297671182942 0.0
1998 -0.0019359728681914705 0.0
1999 -0.0019286480651999997 0.0
2000 -0.0019286480651999997 0.0
2001 -0.0019286480651999997 0.0
2002 -0.0019286480651999997 0.0
2003 -0.0019286480651999997 0.0
2004 -0.0019286480651999997 0.0
2005 -0.0019286480651999997 0.0
2006 -0.0019286480651999997 0.0
2007 -0.0019286480651999997 0.0
2008 -0.0019286480651999997 0.0
2009 -0.0019286480651999997 0.0
2010 -0.0019286480651999997 0.0
2011 -0.0019286480651999997 0.0
2012 -0.0019286480651999997 0.0
2013 -0.0019286480651999997 0.0
2014 -0.0019286480651999997 0.0
2015 -0.0019286480651999997 0.0
2016 -0.0019286480651999997 0.0
2017 -0.0019286480651999997 0.0
2018 -0.0019286480651999997 0.0
2019 -0.0019286480651999997 0.0
2020 -0.0019286480651999997 0.0
2021 -0.0019286480651999997 0.0
2022 -0.0019286480651999997 0.0
2023 -0.0019286480651999997 0.0
2024 -0.0019286480651999997 0.0
2025 -0.0019286480651999997 0.0
2026 -0.0019286480651999997 0.0
2027 -0.0019286480651999997 0.0
2028 -0.0019286480651999997 0.0
2029 -0.0019286480651999997 0.0
2030 -0.0019286480651999997 0.0
2031 -0.0019286480651999997 0.0
2032 -0.0019286480651999997 0.0
2033 -0.0019286480651999997 0.0
2034 -0.0019286480651999997 0.0
2035 -0.0019286480651999997 0.0
2036 -0.0019286480651999997 0.0
2037 -0.0019286480651999997 0.0
2038 -0.0019286480651999997 0.0
2039 -0.0019286480651999997 0.0
2040 -0.0019286480651999997 0.0
2041 -0.0019286480651999997 0.0
2042 -0.0019286480651999997 0.0
2043 -0.0019286480651999997 0.0
2044 -0.0019286480651999997 0.0
2045 -0.0019286480651999997 0.0
2046 -0.0019286480651999997 0.0
2047 -0.0019286480651999997 0.0
2048 -0.0019286480651999997 0.0
2049 -0.0019286480651999997 0.0
2050 -0.0019286480651999997 0.0
2051 -0.0019286480651999997 0.0
2052 -0.0019286480651999997 0.0
2053 -0.0019286480651999997 0.0
2054 -0.0019286480651999997 0.0
2055 -0.0019286480651999997 0.0
2056 -0.0019286480651999997 0.0
2057 -0.0019286480651999997 0.0
2058 -0.0019286480651999997 0.0
2059 -0.0019286480651999997 0.0
2060 -0.0019286480651999997 0.0
2061 -0.0019286480651999997 0.0
2062 -0.0019286480651999997 0.0
2063 -0.0019286480651999997 0.0
2064 -0.0019286480651999997 0.0
2065 -0.0019286480651999997 0.0
2066 -0.0019286480651999997 0.0
2067 -0.0019286480651999997 0.0
2068 -0.0019286480651999997 0.0
2069 -0.0019286480651999997 0.0
2070 -0.0019286480651999997 0.0
2071 -0.0019286480651999997 0.0
2072 -0.0019286480651999997 0.0
2073 -0.0019286480651999997 0.0
2074 -0.0019286480651999997 0.0
2075 -0.0019286480651999997 0.0
2076 -0.0019286480651999997 0.0
2077 -0.0019286480651999997 0.0
2078 -0.0019286480651999997 0.0
2079 -0.0019286480651999997 0.0
2080 -0.0019286480651999997 0.0
2081 -0.0019286480651999997 0.0
2082 -0.0019286480651999997 0.0
2083 -0.0019286480651999997 0.0
2084 -0.0019286480651999997 0.0
2085 -0.0019286480651999997 0.0
2086 -0.0019286480651999997 0.0
2087 -0.0019286480651999997 0.0
2088 -0.0019286480651999997 0.0
2089 -0.0019286480651999997 0.0
2090 -0.0019286480651999997 0.0
2091 -0.0019286480651999997 0.0
2092 -0.0019286480651999997 0.0
2093 -0.0019286480651999997 0.0
2094 -0.0019286480651999997 0.0
2095 -0.0019286480651999997 0.0
2096 -0.0019286480651999997 0.0
2097 -0.0019286480651999997 0.0
2098 -0.0019286480651999997 0.0
2099 -0.0019286480651999997 0.0
2100 -0.0019286480651999997 0.0
2101 -0.0019286480651999997 0.0
2102 -0.0019286480651999997 0.0
2103 -0.0019286480651999997 0.0
2104 -0.0019286480651999997 0.0
2105 -0.0019286480651999997 0.0
2106 -0.0019286480651999997 0.0
2107 -0.0019286480651999997 0.0
2108 -0.0019286480651999997 0.0
2109 -0.0019286480651999997 0.0
2110 -0.0019286480651999997 0.0
2111 -0.0019286480651999997 0.0
2112 -0.0019286480651999997 0.0
2113 -0.0019286480651999997 0.0
2114 -0.0019286480651999997 0.0
2115 -0.0019286480651999997 0.0
2116 -0.0019286480651999997 0.0
2117 -0.0019286480651999997 0.0
2118 -0.0019286480651999997 0.0
2119 -0.0019286480651999997 0.0
2120 -0.0019286480651999997 0.0
2121 -0.0019286480651999997 0.0
2122 -0.0019286480651999997 0.0
2123 -0.0019286480651999997 0.0
2124 -0.0019286480651999997 0.0
2125 -0.0019286480651999997 0.0
2126 -0.0019286480651999997 0.0
2127 -0.0019286480651999997 0.0
2128 -0.0019286480651999997 0.0
2129 -0.0019286480651999997 0.0
2130 -0.0019286480651999997 0.0
2131 -0.0019286480651999997 0.0
2132 -0.0019286480651999997 0.0
2133 -0.0019286480651999997 0.0
2134 -0.0019286480651999997 0.0
2135 -0.0019286480651999997 0.0
2136 -0.0019286480651999997 0.0
2137 -0.0019286480651999997 0.0
2138 -0.0019286480651999997 0.0
2139 -0.0019286480651999997 0.0
2140 -0.0019286480651999997 0.0
2141 -0.0019286480651999997 0.0
2142 -0.0019286480651999997 0.0
2143 -0.0019286480651999997 0.0
2144 -0.0019286480651999997 0.0
2145 -0.0019286480651999997 0.0
2146 -0.0019286480651999997 0.0
2147 -0.0019286480651999997 0.0
2148 -0.0019286480651999997 0.0
2149 -0.0019286480651999997 0.0
2150 -0.0019286480651999997 0.0
2151 -0.0019286480651999997 0.0
2152 -0.0019286480651999997 0.0
2153 -0.0019286480651999997 0.0
2154 -0.0019286480651999997 0.0
2155 -0.0019286480651999997 0.0
2156 -0.0019286480651999997 0.0
2157 -0.0019286480651999997 0.0
2158 -0.0019286480651999997 0.0
2159 -0.0019286480651999997 0.0
2160 -0.0019286480651999997 0.0
2161 -0.0019286480651999997 0.0
2162 -0.0019286480651999997 0.0
2163 -0.0019286480651999997 0.0
2164 -0.0019286480651999997 0.0
2165 -0.0019286480651999997 0.0
2166 -0.0019286480651999997 0.0
2167 -0.0019286480651999997 0.0
2168 -0.0019286480651999997 0.0
2169 -0.0019286480651999997 0.0
2170 -0.0019286480651999997 0.0
2171 -0.0019286480651999997 0.0
2172 -0.0019286480651999997 0.0
2173 -0.0019286480651999997 0.0
2174 -0.0019286480651999997 0.0
2175 -0.0019286480651999997 0.0
2176 -0.0019286480651999997 0.0
2177 -0.0019286480651999997 0.0
2178 -0.0019286480651999997 0.0
2179 -0.0019286480651999997 0.0
2180 -0.0019286480651999997 0.0
2181 -0.0019286480651999997 0.0
2182 -0.0019286480651999997 0.0
2183 -0.0019286480651999997 0.0
2184 -0.0019286480651999997 0.0
2185 -0.0019286480651999997 0.0
2186 -0.0019286480651999997 0.0
2187 -0.0019286480651999997 0.0
2188 -0.0019286480651999997 0.0
2189 -0.0019286480651999997 0.0
2190 -0.0019286480651999997 0.0
2191 -0.0019286480651999997 0.0
2192 -0.0019286480651999997 0.0
2193 -0.0019286480651999997 0.0
2194 -0.0019286480651999997 0.0
2195 -0.0019286480651999997 0.0
2196 -0.0019286480651999997 0.0
2197 -0.0019286480651999997 0.0
2198 -0.0019286480651999997 0.0
2199 -0.0019286480651999997 0.0