2200 0.000002100546602 1.0
2
0 -0.0019286480651999997 0.0
1 -0.0019286480651999997 0.0
2 -0.0019286480651999997 0.0
3 -0.0019286480651999997 0.0
4 -0.0019286480651999997 0.0
5 -0.0019286480651999997 0.0
6 -0.0019286480651999997 0.0
7 -0.0019286480651999997 0.0
8 -0.0019286480651999997 0.0
9 -0.0019286480651999997 0.0
10 -0.0019286480651999997 0.0
11 -0.0019286480651999997 0.0
12 -0.0019286480651999997 0.0
13 -0.0019286480651999997 0.0
14 -0.0019286480651999997 0.0
15 -0.0019286480651999997 0.0
16 -0.0019286480651999997 0.0
17 -0.0019286480651999997 0.0
18 -0.0019286480651999997 0.0
19 -0.0019286480651999997 0.0
20 -0.0019286480651999997 0.0
21 -0.0019286480651999997 0.0
22 -0.0019286480651999997 0.0
23 -0.0019286480651999997 0.0
24 -0.0019286480651999997 0.0
25 -0.0019286480651999997 0.0
26 -0.0019286480651999997 0.0
27 -0.0019286480651999997 0.0
28 -0.0019286480651999997 0.0
29 -0.0019286480651999997 0.0
30 -0.0019286480651999997 0.0
31 -0.0019286480651999997 0.0
32 -0.0019286480651999997 0.0
33 -0.0019286480651999997 0.0
34 -0.0019286480651999997 0.0
35 -0.0019286480651999997 0.0
36 -0.0019286480651999997 0.0
37 -0.0019286480651999997 0.0
38 -0.0019286480651999997 0.0
39 -0.0019286480651999997 0.0
40 -0.0019286480651999997 0.0
41 -0.0019286480651999997 0.0
42 -0.0019286480651999997 0.0
43 -0.0019286480651999997 0.0
44 -0.0019286480651999997 0.0
45 -0.0019286480651999997 0.0
46 -0.0019286480651999997 0.0
47 -0.0019286480651999997 0.0
48 -0.0019286480651999997 0.0
49 -0.0019286480651999997 0.0
50 -0.0019286480651999997 0.0
51 -0.0019286480651999997 0.0
52 -0.0019286480651999997 0.0
53 -0.0019286480651999997 0.0
54 -0.0019286480651999997 0.0
55 -0.0019286480651999997 0.0
56 -0.0019286480651999997 0.0
57 -0.0019286480651999997 0.0
58 -0.0019286480651999997 0.0
59 -0.0019286480651999997 0.0
60 -0.0019286480651999997 0.0
61 -0.0019286480651999997 0.0
62 -0.0019286480651999997 0.0
63 -0.0019286480651999997 0.0
64 -0.0019286480651999997 0.0
65 -0.0019286480651999997 0.0
66 -0.0019286480651999997 0.0
67 -0.0019286480651999997 0.0
68 -0.0019286480651999997 0.0
69 -0.0019286480651999997 0.0
70 -0.0019286480651999997 0.0
71 -0.0019286480651999997 0.0
72 -0.0019286480651999997 0.0
73 -0.0019286480651999997 0.0
74 -0.0019286480651999997 0.0
75 -0.0019286480651999997 0.0
76 -0.0019286480651999997 0.0
77 -0.0019286480651999997 0.0
78 -0.0019286480651999997 0.0
79 -0.0019286480651999997 0.0
80 -0.0019286480651999997 0.0
81 -0.0019286480651999997 0.0
82 -0.0019286480651999997 0.0
83 -0.0019286480651999997 0.0
84 -0.0019286480651999997 0.0
85 -0.0019286480651999997 0.0
86 -0.0019286480651999997 0.0
87 -0.0019286480651999997 0.0
88 -0.0019286480651999997 0.0
89 -0.0019286480651999997 0.0
90 -0.0019286480651999997 0.0
91 -0.0019286480651999997 0.0
92 -0.0019286480651999997 0.0
93 -0.0019286480651999997 0.0
94 -0.0019286480651999997 0.0
95 -0.0019286480651999997 0.0
96 -0.0019286480651999997 0.0
97 -0.0019286480651999997 0.0
98 -0.0019286480651999997 0.0
99 -0.0019286480651999997 0.0
100 -0.0019286480651999997 0.0
101 -0.0019286480651999997 0.0
102 -0.0019286480651999997 0.0
103 -0.0019286480651999997 0.0
104 -0.0019286480651999997 0.0
105 -0.0019286480651999997 0.0
106 -0.0019286480651999997 0.0
107 -0.0019286480651999997 0.0
108 -0.0019286480651999997 0.0
109 -0.0019286480651999997 0.0
110 -0.0019286480651999997 0.0
111 -0.0019286480651999997 0.0
112 -0.0019286480651999997 0.0
113 -0.0019286480651999997 0.0
114 -0.0019286480651999997 0.0
115 -0.0019286480651999997 0.0
116 -0.0019286480651999997 0.0
117 -0.0019286480651999997 0.0
118 -0.0019286480651999997 0.0
119 -0.0019286480651999997 0.0
120 -0.0019286480651999997 0.0
121 -0.0019286480651999997 0.0
122 -0.0019286480651999997 0.0
123 -0.0019286480651999997 0.0
124 -0.0019286480651999997 0.0
125 -0.0019286480651999997 0.0
126 -0.0019286480651999997 0.0
127 -0.0019286480651999997 0.0
128 -0.0019286480651999997 0.0
129 -0.0019286480651999997 0.0
130 -0.0019286480651999997 0.0
131 -0.0019286480651999997 0.0
132 -0.0019286480651999997 0.0
133 -0.0019286480651999997 0.0
134 -0.0019286480651999997 0.0
135 -0.0019286480651999997 0.0
136 -0.0019286480651999997 0.0
137 -0.0019286480651999997 0.0
138 -0.0019286480651999997 0.0
139 -0.0019286480651999997 0.0
140 -0.0019286480651999997 0.0
141 -0.0019286480651999997 0.0
142 -0.0019286480651999997 0.0
143 -0.0019286480651999997 0.0
144 -0.0019286480651999997 0.0
145 -0.0019286480651999997 0.0
146 -0.0019286480651999997 0.0
147 -0.0019286480651999997 0.0
148 -0.0019286480651999997 0.0
149 -0.0019286480651999997 0.0
150 -0.0019286480651999997 0.0
151 -0.0019286480651999997 0.0
152 -0.0019286480651999997 0.0
153 -0.0019286480651999997 0.0
154 -0.0019286480651999997 0.0
155 -0.0019286480651999997 0.0
156 -0.0019286480651999997 0.0
157 -0.0019286480651999997 0.0
158 -0.0019286480651999997 0.0
159 -0.0019286480651999997 0.0
160 -0.0019286480651999997 0.0
161 -0.0019286480651999997 0.0
162 -0.0019286480651999997 0.0
163 -0.0019286480651999997 0.0
164 -0.0019286480651999997 0.0
165 -0.0019286480651999997 0.0
166 -0.0019286480651999997 0.0
167 -0.0019286480651999997 0.0
168 -0.0019286480651999997 0.0
169 -0.0019286480651999997 0.0
170 -0.0019286480651999997 0.0
171 -0.0019286480651999997 0.0
172 -0.0019286480651999997 0.0
173 -0.0019286480651999997 0.0
174 -0.0019286480651999997 0.0
175 -0.0019286480651999997 0.0
176 -0.0019286480651999997 0.0
177 -0.0019286480651999997 0.0
178 -0.0019286480651999997 0.0
179 -0.0019286480651999997 0.0
180 -0.0019286480651999997 0.0
181 -0.0019286480651999997 0.0
182 -0.0019286480651999997 0.0
183 -0.0019286480651999997 0.0
184 -0.0019286480651999997 0.0
185 -0.0019286480651999997 0.0
186 -0.0019286480651999997 0.0
187 -0.0019286480651999997 0.0
188 -0.0019286480651999997 0.0
189 -0.0019286480651999997 0.0
190 -0.0019286480651999997 0.0
191 -0.0019286480651999997 0.0
192 -0.0019286480651999997 0.0
193 -0.0019286480651999997 0.0
194 -0.0019286480651999997 0.0
195 -0.0019286480651999997 0.0
196 -0.0019286480651999997 0.0
197 -0.0019286480651999997 0.0
198 -0.0019286480651999997 0.0
199 -0.0019286480651999997 0.0
200 -0.0019286480651999997 0.0
201 -0.0019228876261243803 0.0
202 -0.0019171271870487606 0.0
203 -0.0019113667479731412 0.0
204 -0.0019056063088975217 0.0
205 -0.001899845869821902 0.0
206 -0.0018940854307462826 0.0
207 -0.0018883249916706632 0.0
208 -0.0018825645525950435 0.0
209 -0.001876804113519424 0.0
210 -0.0018710436744438046 0.0
211 -0.001865283235368185 0.0
212 -0.0018595227962925655 0.0
213 -0.001853762357216946 0.0
214 -0.0018480019181413264 0.0
215 -0.001842241479065707 0.0
216 -0.0018364810399900872 0.0
217 -0.0018307206009144678 0.0
218 -0.0018249601618388483 0.0
219 -0.0018191997227632287 0.0
220 -0.0018134392836876092 0.0
221 -0.0018076788446119898 0.0
222 -0.0018019184055363701 0.0
223 -0.0017961579664607507 0.0
224 -0.0017903975273851312 0.0
225 -0.0017846370883095116 0.0
226 -0.001778876649233892 0.0
227 -0.0017731162101582727 0.0
228 -0.001767355771082653 0.0
229 -0.0017615953320070335 0.0
230 -0.001755834892931414 0.0
231 -0.0017500744538557944 0.0
232 -0.001744314014780175 0.0
233 -0.0017385535757045555 0.0
234 -0.0017327931366289359 0.0
235 -0.0017270326975533164 0.0
236 -0.001721272258477697 0.0
237 -0.0017155118194020773 0.0
238 -0.0017097513803264578 0.0
239 -0.0017039909412508384 0.0
240 -0.0016982305021752187 0.0
241 -0.0016924700630995993 0.0
242 -0.0016867096240239798 0.0
243 -0.0016809491849483602 0.0
244 -0.0016751887458727407 0.0
245 -0.0016694283067971213 0.0
246 -0.0016636678677215016 0.0
247 -0.0016579074286458822 0.0
248 -0.0016521469895702627 0.0
249 -0.001646386550494643 0.0
250 -0.0016406261114190236 0.0
251 -0.0016348656723434041 0.0
252 -0.0016291052332677845 0.0
253 -0.001623344794192165 0.0
254 -0.0016175843551165456 0.0
255 -0.001611823916040926 0.0
256 -0.0016060634769653065 0.0
257 -0.001600303037889687 0.0
258 -0.0015945425988140674 0.0
259 -0.001588782159738448 0.0
260 -0.0015830217206628282 0.0
261 -0.0015772612815872088 0.0
262 -0.0015715008425115893 0.0
263 -0.0015657404034359699 0.0
264 -0.0015599799643603502 0.0
265 -0.0015542195252847306 0.0
266 -0.0015484590862091113 0.0
267 -0.0015426986471334917 0.0
268 -0.0015369382080578722 0.0
269 -0.0015311777689822525 0.0
270 -0.001525417329906633 0.0
271 -0.0015196568908310136 0.0
272 -0.001513896451755394 0.0
273 -0.0015081360126797745 0.0
274 -0.0015023755736041549 0.0
275 -0.0014966151345285356 0.0
276 -0.001490854695452916 0.0
277 -0.0014850942563772963 0.0
278 -0.0014793338173016769 0.0
279 -0.0014735733782260574 0.0
280 -0.001467812939150438 0.0
281 -0.0014620525000748183 0.0
282 -0.0014562920609991988 0.0
283 -0.0014505316219235792 0.0
284 -0.0014447711828479597 0.0
285 -0.0014390107437723403 0.0
286 -0.0014332503046967206 0.0
287 -0.0014274898656211014 0.0
288 -0.0014217294265454817 0.0
289 -0.001415968987469862 0.0
290 -0.0014102085483942426 0.0
291 -0.0014044481093186231 0.0
292 -0.0013986876702430035 0.0
293 -0.001392927231167384 0.0
294 -0.0013871667920917646 0.0
295 -0.001381406353016145 0.0
296 -0.0013756459139405255 0.0
297 -0.001369885474864906 0.0
298 -0.0013641250357892864 0.0
299 -0.001358364596713667 0.0
300 -0.0013526041576380475 0.0
301 -0.0013468437185624278 0.0
302 -0.0013410832794868086 0.0
303 -0.0013353228404111889 0.0
304 -0.0013295624013355692 0.0
305 -0.00132380196225995 0.0
306 -0.0013180415231843303 0.0
307 -0.0013122810841087107 0.0
308 -0.0013065206450330912 0.0
309 -0.0013007602059574718 0.0
310 -0.001294999766881852 0.0
311 -0.0012892393278062326 0.0
312 -0.0012834788887306132 0.0
313 -0.0012777184496549935 0.0
314 -0.001271958010579374 0.0
315 -0.0012661975715037546 0.0
316 -0.001260437132428135 0.0
317 -0.0012546766933525155 0.0
318 -0.001248916254276896 0.0
319 -0.0012431558152012764 0.0
320 -0.0012373953761256567 0.0
321 -0.0012316349370500375 0.0
322 -0.0012258744979744178 0.0
323 -0.0012201140588987982 0.0
324 -0.001214353619823179 0.0
325 -0.0012085931807475593 0.0
326 -0.0012028327416719398 0.0
327 -0.0011970723025963204 0.0
328 -0.0011913118635207007 0.0
329 -0.0011855514244450813 0.0
330 -0.0011797909853694616 0.0
331 -0.0011740305462938421 0.0
332 -0.0011682701072182227 0.0
333 -0.0011625096681426032 0.0
334 -0.0011567492290669836 0.0
335 -0.0011509887899913641 0.0
336 -0.0011452283509157447 0.0
337 -0.001139467911840125 0.0
338 -0.0011337074727645054 0.0
339 -0.0011279470336888861 0.0
340 -0.0011221865946132665 0.0
341 -0.0011164261555376468 0.0
342 -0.0011106657164620276 0.0
343 -0.0011049052773864079 0.0
344 -0.0010991448383107882 0.0
345 -0.001093384399235169 0.0
346 -0.0010876239601595493 0.0
347 -0.0010818635210839299 0.0
348 -0.0010761030820083102 0.0
349 -0.0010703426429326908 0.0
350 -0.0010645822038570713 0.0
351 -0.0010588217647814516 0.0
352 -0.0010530613257058322 0.0
353 -0.0010473008866302125 0.0
354 -0.001041540447554593 0.0
355 -0.0010357800084789736 0.0
356 -0.001030019569403354 0.0
357 -0.0010242591303277347 0.0
358 -0.001018498691252115 0.0
359 -0.0010127382521764954 0.0
360 -0.0010069778131008762 0.0
361 -0.0010012173740252565 0.0
362 -0.0009954569349496368 0.0
363 -0.0009896964958740176 0.0
364 -0.000983936056798398 0.0
365 -0.0009781756177227783 0.0
366 -0.0009724151786471588 0.0
367 -0.0009666547395715394 0.0
368 -0.0009608943004959197 0.0
369 -0.0009551338614203003 0.0
370 -0.0009493734223446808 0.0
371 -0.0009436129832690614 0.0
372 -0.0009378525441934417 0.0
373 -0.0009320921051178222 0.0
374 -0.0009263316660422028 0.0
375 -0.0009205712269665831 0.0
376 -0.0009148107878909637 0.0
377 -0.000909050348815344 0.0
378 -0.0009032899097397246 0.0
379 -0.0008975294706641051 0.0
380 -0.0008917690315884855 0.0
381 -0.000886008592512866 0.0
382 -0.0008802481534372463 0.0
383 -0.0008744877143616269 0.0
384 -0.0008687272752860074 0.0
385 -0.000862966836210388 0.0
386 -0.0008572063971347683 0.0
387 -0.0008514459580591489 0.0
388 -0.0008456855189835294 0.0
389 -0.0008399250799079098 0.0
390 -0.0008341646408322903 0.0
391 -0.0008284042017566709 0.0
392 -0.0008226437626810512 0.0
393 -0.0008168833236054317 0.0
394 -0.0008111228845298123 0.0
395 -0.0008053624454541926 0.0
396 -0.0007996020063785732 0.0
397 -0.0007938415673029537 0.0
398 -0.0007880811282273341 0.0
399 -0.0007823206891517146 0.0
400 -0.000776560250076095 0.0
401 -0.0007707998110004755 0.0
402 -0.0007650393719248561 0.0
403 -0.0007592789328492366 0.0
404 -0.0007535184937736172 0.0
405 -0.0007477580546979973 0.0
406 -0.0007419976156223778 0.0
407 -0.0007362371765467584 0.0
408 -0.0007304767374711389 0.0
409 -0.0007247162983955195 0.0
410 -0.0007189558593199 0.0
411 -0.0007131954202442804 0.0
412 -0.0007074349811686607 0.0
413 -0.0007016745420930413 0.0
414 -0.0006959141030174218 0.0
415 -0.0006901536639418021 0.0
416 -0.0006843932248661827 0.0
417 -0.0006786327857905632 0.0
418 -0.0006728723467149436 0.0
419 -0.0006671119076393241 0.0
420 -0.0006613514685637045 0.0
421 -0.000655591029488085 0.0
422 -0.0006498305904124656 0.0
423 -0.0006440701513368461 0.0
424 -0.0006383097122612267 0.0
425 -0.0006325492731856068 0.0
426 -0.0006267888341099873 0.0
427 -0.0006210283950343679 0.0
428 -0.0006152679559587484 0.0
429 -0.000609507516883129 0.0
430 -0.0006037470778075095 0.0
431 -0.0005979866387318899 0.0
432 -0.0005922261996562702 0.0
433 -0.0005864657605806508 0.0
434 -0.0005807053215050313 0.0
435 -0.0005749448824294116 0.0
436 -0.0005691844433537922 0.0
437 -0.0005634240042781727 0.0
438 -0.0005576635652025533 0.0
439 -0.0005519031261269336 0.0
440 -0.000546142687051314 0.0
441 -0.0005403822479756945 0.0
442 -0.0005346218089000751 0.0
443 -0.0005288613698244556 0.0
444 -0.0005231009307488362 0.0
445 -0.0005173404916732167 0.0
446 -0.0005115800525975968 0.0
447 -0.0005058196135219774 0.0
448 -0.0005000591744463579 0.0
449 -0.0004942987353707385 0.0
450 -0.000488538296295119 0.0
451 -0.00048277785721949937 0.0
452 -0.0004770174181438799 0.0
453 -0.00047125697906826025 0.0
454 -0.0004654965399926408 0.0
455 -0.00045973610091702135 0.0
456 -0.0004539756618414017 0.0
457 -0.00044821522276578224 0.0
458 -0.0004424547836901628 0.0
459 -0.00043669434461454334 0.0
460 -0.00043093390553892346 0.0
461 -0.000425173466463304 0.0
462 -0.00041941302738768456 0.0
463 -0.0004136525883120651 0.0
464 -0.00040789214923644566 0.0
465 -0.0004021317101608262 0.0
466 -0.00039637127108520655 0.0
467 -0.0003906108320095869 0.0
468 -0.00038485039293396743 0.0
469 -0.000379089953858348 0.0
470 -0.00037332951478272853 0.0
471 -0.00036756907570710887 0.0
472 -0.0003618086366314894 0.0
473 -0.00035604819755586997 0.0
474 -0.0003502877584802503 0.0
475 -0.00034452731940463085 0.0
476 -0.0003387668803290112 0.0
477 -0.00033300644125339174 0.0
478 -0.0003272460021777723 0.0
479 -0.00032148556310215284 0.0
480 -0.0003157251240265334 0.0
481 -0.0003099646849509135 0.0
482 -0.00030420424587529406 0.0
483 -0.0002984438067996746 0.0
484 -0.00029268336772405516 0.0
485 -0.0002869229286484357 0.0
486 -0.00028116248957281605 0.0
487 -0.0002754020504971966 0.0
488 -0.00026964161142157693 0.0
489 -0.0002638811723459575 0.0
490 -0.00025812073327033803 0.0
491 -0.00025236029419471837 0.0
492 -0.0002465998551190989 0.0
493 -0.00024083941604347947 0.0
494 -0.00023507897696786002 0.0
495 -0.00022931853789224035 0.0
496 -0.0002235580988166207 0.0
497 -0.00021779765974100124 0.0
498 -0.0002120372206653818 0.0
499 -0.00020627678158976234 0.0
500 -0.0002005163425141429 0.0
501 -0.000194755903438523 0.0
502 -0.00018899546436290356 0.0
503 -0.0001832350252872841 0.0
504 -0.00017747458621166466 0.0
505 -0.0001717141471360452 0.0
506 -0.00016595370806042555 0.0
507 -0.0001601932689848061 0.0
508 -0.00015443282990918643 0.0
509 -0.00014867239083356698 0.0
510 -0.00014291195175794753 0.0
511 -0.00013715151268232787 0.0
512 -0.00013139107360670842 0.0
513 -0.00012563063453108897 0.0
514 -0.00011987019545546952 0.0
515 -0.00011410975637984985 0.0
516 -0.00010834931730423019 0.0
517 -0.00010258887822861074 0.0
518 -9.682843915299129e-05 0.0
519 -9.106800007737184e-05 0.0
520 -8.530756100175239e-05 0.0
521 -7.954712192613294e-05 0.0
522 -7.378668285051306e-05 0.0
523 -6.802624377489361e-05 0.0
524 -6.226580469927416e-05 0.0
525 -5.650536562365471e-05 0.0
526 -5.0744926548035264e-05 0.0
527 -4.49844874724156e-05 0.0
528 -3.922404839679615e-05 0.0
529 -3.346360932117648e-05 0.0
530 -2.7703170245557034e-05 0.0
531 -2.1942731169937368e-05 0.0
532 -1.618229209431792e-05 0.0
533 -1.042185301869847e-05 0.0
534 -4.661413943079021e-06 0.0
535 1.0990251325404283e-06 0.0
536 6.859464208160311e-06 0.0
537 1.261990328377976e-05 0.0
538 1.838034235939921e-05 0.0
539 2.4140781435018658e-05 0.0
540 2.9901220510638107e-05 0.0
541 3.566165958625777e-05 0.0
542 4.1422098661877006e-05 0.0
543 4.718253773749667e-05 0.0
544 5.294297681311634e-05 0.0
545 5.8703415888736e-05 0.0
546 6.446385496435524e-05 0.0
547 7.02242940399749e-05 0.0
548 7.598473311559413e-05 0.0
549 8.17451721912138e-05 0.0
550 8.750561126683347e-05 0.0
551 9.326605034245313e-05 0.0
552 9.902648941807236e-05 0.0
553 0.00010478692849369203 0.0
554 0.0001105473675693117 0.0
555 0.00011630780664493093 0.0
556 0.0001220682457205506 0.0
557 0.00012782868479617026 0.0
558 0.0001335891238717895 0.0
559 0.00013934956294740916 0.0
560 0.00014511000202302882 0.0
561 0.00015087044109864806 0.0
562 0.00015663088017426772 0.0
563 0.00016239131924988695 0.0
564 0.00016815175832550705 0.0
565 0.00017391219740112629 0.0
566 0.00017967263647674595 0.0
567 0.00018543307555236518 0.0
568 0.00019119351462798485 0.0
569 0.00019695395370360408 0.0
570 0.00020271439277922375 0.0
571 0.00020847483185484341 0.0
572 0.00021423527093046308 0.0
573 0.0002199957100060823 0.0
574 0.00022575614908170198 0.0
575 0.00023151658815732164 0.0
576 0.00023727702723294088 0.0
577 0.00024303746630856054 0.0
578 0.0002487979053841802 0.0
579 0.0002545583444597999 0.0
580 0.0002603187835354191 0.0
581 0.00026607922261103877 0.0
582 0.000271839661686658 0.0
583 0.00027760010076227767 0.0
584 0.00028336053983789734 0.0
585 0.000289120978913517 0.0
586 0.00029488141798913623 0.0
587 0.0003006418570647559 0.0
588 0.00030640229614037513 0.0
589 0.0003121627352159948 0.0
590 0.00031792317429161446 0.0
591 0.00032368361336723413 0.0
592 0.00032944405244285336 0.0
593 0.00033520449151847303 0.0
594 0.00034096493059409226 0.0
595 0.0003467253696697119 0.0
596 0.0003524858087453316 0.0
597 0.0003582462478209508 0.0
598 0.0003640066868965705 0.0
599 0.00036976712597219016 0.0
600 0.0003755275650478098 0.0
601 0.00038128800412342905 0.0
602 0.0003870484431990487 0.0
603 0.0003928088822746684 0.0
604 0.0003985693213502876 0.0
605 0.0004043297604259073 0.0
606 0.0004100901995015265 0.0
607 0.0004158506385771462 0.0
608 0.0004216110776527654 0.0
609 0.0004273715167283851 0.0
610 0.0004331319558040052 0.0
611 0.0004388923948796244 0.0
612 0.0004446528339552441 0.0
613 0.0004504132730308633 0.0
614 0.000456173712106483 0.0
615 0.0004619341511821022 0.0
616 0.0004676945902577219 0.0
617 0.00047345502933334154 0.0
618 0.0004792154684089608 0.0
619 0.00048497590748458044 0.0
620 0.0004907363465601997 0.0
621 0.0004964967856358198 0.0
622 0.000502257224711439 0.0
623 0.0005080176637870587 0.0
624 0.0005137781028626783 0.0
625 0.0005195385419382976 0.0
626 0.0005252989810139172 0.0
627 0.0005310594200895365 0.0
628 0.0005368198591651561 0.0
629 0.0005425802982407762 0.0
630 0.0005483407373163955 0.0
631 0.0005541011763920151 0.0
632 0.0005598616154676344 0.0
633 0.000565622054543254 0.0
634 0.0005713824936188733 0.0
635 0.0005771429326944929 0.0
636 0.0005829033717701126 0.0
637 0.0005886638108457318 0.0
638 0.0005944242499213515 0.0
639 0.0006001846889969707 0.0
640 0.0006059451280725908 0.0
641 0.00061170556714821 0.0
642 0.0006174660062238297 0.0
643 0.0006232264452994494 0.0
644 0.0006289868843750686 0.0
645 0.0006347473234506883 0.0
646 0.0006405077625263075 0.0
647 0.0006462682016019272 0.0
648 0.0006520286406775464 0.0
649 0.0006577890797531661 0.0
650 0.0006635495188287862 0.0
651 0.0006693099579044054 0.0
652 0.0006750703969800251 0.0
653 0.0006808308360556443 0.0
654 0.000686591275131264 0.0
655 0.0006923517142068832 0.0
656 0.0006981121532825029 0.0
657 0.0007038725923581225 0.0
658 0.0007096330314337418 0.0
659 0.0007153934705093614 0.0
660 0.0007211539095849807 0.0
661 0.0007269143486606008 0.0
662 0.00073267478773622 0.0
663 0.0007384352268118397 0.0
664 0.0007441956658874593 0.0
665 0.0007499561049630786 0.0
666 0.0007557165440386982 0.0
667 0.0007614769831143175 0.0
668 0.0007672374221899371 0.0
669 0.0007729978612655564 0.0
670 0.0007787583003411765 0.0
671 0.0007845187394167961 0.0
672 0.0007902791784924154 0.0
673 0.000796039617568035 0.0
674 0.0008018000566436543 0.0
675 0.0008075604957192739 0.0
676 0.0008133209347948932 0.0
677 0.0008190813738705128 0.0
678 0.0008248418129461325 0.0
679 0.0008306022520217517 0.0
680 0.0008363626910973718 0.0
681 0.000842123130172991 0.0
682 0.0008478835692486107 0.0
683 0.00085364400832423 0.0
684 0.0008594044473998496 0.0
685 0.0008651648864754693 0.0
686 0.0008709253255510885 0.0
687 0.0008766857646267082 0.0
688 0.0008824462037023274 0.0
689 0.0008882066427779471 0.0
690 0.0008939670818535663 0.0
691 0.0008997275209291864 0.0
692 0.0009054879600048061 0.0
693 0.0009112483990804253 0.0
694 0.000917008838156045 0.0
695 0.0009227692772316642 0.0
696 0.0009285297163072839 0.0
697 0.0009342901553829031 0.0
698 0.0009400505944585228 0.0
699 0.0009458110335341424 0.0
700 0.0009515714726097617 0.0
701 0.0009573319116853818 0.0
702 0.000963092350761001 0.0
703 0.0009688527898366207 0.0
704 0.0009746132289122399 0.0
705 0.0009803736679878596 0.0
706 0.0009861341070634792 0.0
707 0.0009918945461390985 0.0
708 0.0009976549852147181 0.0
709 0.0010034154242903374 0.0
710 0.001009175863365957 0.0
711 0.0010149363024415763 0.0
712 0.0010206967415171964 0.0
713 0.001026457180592816 0.0
714 0.0010322176196684353 0.0
715 0.001037978058744055 0.0
716 0.0010437384978196742 0.0
717 0.0010494989368952938 0.0
718 0.001055259375970913 0.0
719 0.0010610198150465327 0.0
720 0.0010667802541221528 0.0
721 0.001072540693197772 0.0
722 0.0010783011322733917 0.0
723 0.001084061571349011 0.0
724 0.0010898220104246306 0.0
725 0.0010955824495002498 0.0
726 0.0011013428885758695 0.0
727 0.0011071033276514892 0.0
728 0.0011128637667271084 0.0
729 0.001118624205802728 0.0
730 0.0011243846448783473 0.0
731 0.0011301450839539674 0.0
732 0.0011359055230295866 0.0
733 0.0011416659621052063 0.0
734 0.001147426401180826 0.0
735 0.0011531868402564452 0.0
736 0.0011589472793320649 0.0
737 0.001164707718407684 0.0
738 0.0011704681574833038 0.0
739 0.001176228596558923 0.0
740 0.0011819890356345427 0.0
741 0.0011877494747101628 0.0
742 0.001193509913785782 0.0
743 0.0011992703528614017 0.0
744 0.001205030791937021 0.0
745 0.0012107912310126406 0.0
746 0.0012165516700882598 0.0
747 0.0012223121091638795 0.0
748 0.0012280725482394991 0.0
749 0.0012338329873151184 0.0
750 0.001239593426390738 0.0
751 0.0012453538654663573 0.0
752 0.0012511143045419774 0.0
753 0.0012568747436175966 0.0
754 0.0012626351826932163 0.0
755 0.001268395621768836 0.0
756 0.0012741560608444552 0.0
757 0.0012799164999200748 0.0
758 0.001285676938995694 0.0
759 0.0012914373780713137 0.0
760 0.001297197817146933 0.0
761 0.0013029582562225526 0.0
762 0.0013087186952981727 0.0
763 0.001314479134373792 0.0
764 0.0013202395734494116 0.0
765 0.0013260000125250308 0.0
766 0.0013317604516006505 0.0
767 0.0013375208906762697 0.0
768 0.0013432813297518894 0.0
769 0.001349041768827509 0.0
770 0.0013548022079031283 0.0
771 0.0013605626469787484 0.0
772 0.0013663230860543676 0.0
773 0.0013720835251299873 0.0
774 0.0013778439642056065 0.0
775 0.0013836044032812262 0.0
776 0.0013893648423568459 0.0
777 0.001395125281432465 0.0
778 0.0014008857205080848 0.0
779 0.001406646159583704 0.0
780 0.0014124065986593237 0.0
781 0.001418167037734943 0.0
782 0.001423927476810563 0.0
783 0.0014296879158861827 0.0
784 0.001435448354961802 0.0
785 0.0014412087940374216 0.0
786 0.0014469692331130408 0.0
787 0.0014527296721886605 0.0
788 0.0014584901112642797 0.0
789 0.0014642505503398994 0.0
790 0.001470010989415519 0.0
791 0.0014757714284911383 0.0
792 0.0014815318675667584 0.0
793 0.0014872923066423776 0.0
794 0.0014930527457179973 0.0
795 0.0014988131847936165 0.0
796 0.0015045736238692362 0.0
797 0.0015103340629448558 0.0
798 0.001516094502020475 0.0
799 0.0015218549410960947 0.0
800 0.001527615380171714 0.0
801 0.0015333758192473336 0.0
802 0.0015391362583229537 0.0
803 0.001544896697398573 0.0
804 0.0015506571364741926 0.0
805 0.0015564175755498118 0.0
806 0.0015621780146254315 0.0
807 0.0015679384537010507 0.0
808 0.0015736988927766704 0.0
809 0.00157945933185229 0.0
810 0.0015852197709279093 0.0
811 0.0015909802100035294 0.0
812 0.0015967406490791486 0.0
813 0.0016025010881547683 0.0
814 0.0016082615272303875 0.0
815 0.0016140219663060072 0.0
816 0.0016197824053816269 0.0
817 0.001625542844457246 0.0
818 0.0016313032835328658 0.0
819 0.001637063722608485 0.0
820 0.0016428241616841047 0.0
821 0.001648584600759724 0.0
822 0.001654345039835344 0.0
823 0.0016601054789109637 0.0
824 0.001665865917986583 0.0
825 0.0016716263570622026 0.0
826 0.0016773867961378218 0.0
827 0.0016831472352134415 0.0
828 0.0016889076742890607 0.0
829 0.0016946681133646804 0.0
830 0.0017004285524403 0.0
831 0.0017061889915159193 0.0
832 0.0017119494305915394 0.0
833 0.0017177098696671586 0.0
834 0.0017234703087427783 0.0
835 0.0017292307478183975 0.0
836 0.0017349911868940172 0.0
837 0.0017407516259696368 0.0
838 0.001746512065045256 0.0
839 0.0017522725041208757 0.0
840 0.001758032943196495 0.0
841 0.0017637933822721146 0.0
842 0.0017695538213477338 0.0
843 0.001775314260423354 0.0
844 0.0017810746994989736 0.0
845 0.0017868351385745928 0.0
846 0.0017925955776502125 0.0
847 0.0017983560167258317 0.0
848 0.0018041164558014514 0.0
849 0.0018098768948770706 0.0
850 0.0018156373339526903 0.0
851 0.00182139777302831 0.0
852 0.0018271582121039292 0.0
853 0.0018329186511795493 0.0
854 0.0018386790902551685 0.0
855 0.0018444395293307882 0.0
856 0.0018501999684064074 0.0
857 0.001855960407482027 0.0
858 0.0018617208465576468 0.0
859 0.001867481285633266 0.0
860 0.0018732417247088857 0.0
861 0.001879002163784505 0.0
862 0.001884762602860125 0.0
863 0.0018905230419357442 0.0
864 0.001896283481011364 0.0
865 0.0019020439200869836 0.0
866 0.0019078043591626028 0.0
867 0.0019135647982382225 0.0
868 0.0019193252373138417 0.0
869 0.0019250856763894614 0.0
870 0.0019308461154650806 0.0
871 0.0019366065545407003 0.0
872 0.0019423669936163204 0.0
873 0.0019481274326919396 0.0
874 0.0019538878717675593 0.0
875 0.0019596483108431785 0.0
876 0.001965408749918798 0.0
877 0.0019711691889944174 0.0
878 0.001976929628070037 0.0
879 0.0019826900671456567 0.0
880 0.001988450506221276 0.0
881 0.001994210945296896 0.0
882 0.0019999713843725153 0.0
883 0.0020057318234481345 0.0
884 0.0020114922625237537 0.0
885 0.002017252701599374 0.0
886 0.002023013140674993 0.0
887 0.0020287735797506123 0.0
888 0.0020345340188262324 0.0
889 0.0020402944579018516 0.0
890 0.0020460548969774717 0.0
891 0.002051815336053091 0.0
892 0.00205757577512871 0.0
893 0.0020633362142043303 0.0
894 0.0020690966532799495 0.0
895 0.0020748570923555688 0.0
896 0.002080617531431188 0.0
897 0.002086377970506808 0.0
898 0.0020921384095824273 0.0
899 0.0020978988486580474 0.0
900 0.0021036592877336667 0.0
901 0.002109419726809286 0.0
902 0.002115180165884906 0.0
903 0.0021209406049605252 0.0
904 0.0021267010440361445 0.0
905 0.0021324614831117637 0.0
906 0.002138221922187384 0.0
907 0.002143982361263004 0.0
908 0.002149742800338623 0.0
909 0.0021555032394142424 0.0
910 0.0021612636784898616 0.0
911 0.0021670241175654817 0.0
912 0.002172784556641101 0.0
913 0.00217854499571672 0.0
914 0.0021843054347923403 0.0
915 0.0021900658738679595 0.0
916 0.0021958263129435787 0.0
917 0.002201586752019198 0.0
918 0.002207347191094818 0.0
919 0.0022131076301704373 0.0
920 0.0022188680692460574 0.0
921 0.0022246285083216766 0.0
922 0.002230388947397296 0.0
923 0.002236149386472916 0.0
924 0.002241909825548535 0.0
925 0.0022476702646241544 0.0
926 0.0022534307036997736 0.0
927 0.0022591911427753937 0.0
928 0.002264951581851014 0.0
929 0.002270712020926633 0.0
930 0.0022764724600022523 0.0
931 0.0022822328990778715 0.0
932 0.0022879933381534916 0.0
933 0.002293753777229111 0.0
934 0.00229951421630473 0.0
935 0.00230527465538035 0.0
936 0.0023110350944559694 0.0
937 0.0023167955335315887 0.0
938 0.002322555972607208 0.0
939 0.002328316411682828 0.0
940 0.0023340768507584472 0.0
941 0.0023398372898340673 0.0
942 0.0023455977289096866 0.0
943 0.002351358167985306 0.0
944 0.002357118607060926 0.0
945 0.002362879046136545 0.0
946 0.0023686394852121644 0.0
947 0.0023743999242877836 0.0
948 0.0023801603633634037 0.0
949 0.002385920802439024 0.0
950 0.002391681241514643 0.0
951 0.0023974416805902623 0.0
952 0.0024032021196658815 0.0
953 0.0024089625587415016 0.0
954 0.002414722997817121 0.0
955 0.00242048343689274 0.0
956 0.00242624387596836 0.0
957 0.0024320043150439794 0.0
958 0.0024377647541195995 0.0
959 0.0024435251931952187 0.0
960 0.002449285632270838 0.0
961 0.002455046071346457 0.0
962 0.0024608065104220773 0.0
963 0.0024665669494976965 0.0
964 0.0024723273885733157 0.0
965 0.002478087827648936 0.0
966 0.002483848266724555 0.0
967 0.0024896087058001743 0.0
968 0.0024953691448757944 0.0
969 0.0025011295839514136 0.0
970 0.0025068900230270337 0.0
971 0.002512650462102653 0.0
972 0.002518410901178272 0.0
973 0.0025241713402538914 0.0
974 0.0025299317793295115 0.0
975 0.0025356922184051308 0.0
976 0.00254145265748075 0.0
977 0.00254721309655637 0.0
978 0.0025529735356319893 0.0
979 0.0025587339747076094 0.0
980 0.0025644944137832287 0.0
981 0.002570254852858848 0.0
982 0.002576015291934468 0.0
983 0.0025817757310100872 0.0
984 0.0025875361700857065 0.0
985 0.0025932966091613257 0.0
986 0.002599057048236946 0.0
987 0.002604817487312565 0.0
988 0.0026105779263881843 0.0
989 0.0026163383654638044 0.0
990 0.0026220988045394236 0.0
991 0.0026278592436150437 0.0
992 0.002633619682690663 0.0
993 0.002639380121766282 0.0
994 0.0026451405608419014 0.0
995 0.0026509009999175215 0.0
996 0.0026566614389931407 0.0
997 0.00266242187806876 0.0
998 0.00266818231714438 0.0
999 0.0026739427562199993 0.0
1000 [0.00267394] 0.0
1001 [0.00267394] 0.0
1002 [0.00267394] 0.0
1003 [0.00267394] 0.0
1004 [0.00267394] 0.0
1005 [0.00267394] 0.0
1006 [0.00267394] 0.0
1007 [0.00267394] 0.0
1008 [0.00267394] 0.0
1009 [0.00267394] 0.0
1010 [0.00267394] 0.0
1011 [0.00267394] 0.0
1012 [0.00267394] 0.0
1013 [0.00267394] 0.0
1014 [0.00267394] 0.0
1015 [0.00267394] 0.0
1016 [0.00267394] 0.0
1017 [0.00267394] 0.0
1018 [0.00267394] 0.0
1019 [0.00267394] 0.0
1020 [0.00267394] 0.0
1021 [0.00267394] 0.0
1022 [0.00267394] 0.0
1023 [0.00267394] 0.0
1024 [0.00267394] 0.0
1025 [0.00267394] 0.0
1026 [0.00267394] 0.0
1027 [0.00267394] 0.0
1028 [0.00267394] 0.0
1029 [0.00267394] 0.0
1030 [0.00267394] 0.0
1031 [0.00267394] 0.0
1032 [0.00267394] 0.0
1033 [0.00267394] 0.0
1034 [0.00267394] 0.0
1035 [0.00267394] 0.0
1036 [0.00267394] 0.0
1037 [0.00267394] 0.0
1038 [0.00267394] 0.0
1039 [0.00267394] 0.0
1040 [0.00267394] 0.0
1041 [0.00267394] 0.0
1042 [0.00267394] 0.0
1043 [0.00267394] 0.0
1044 [0.00267394] 0.0
1045 [0.00267394] 0.0
1046 [0.00267394] 0.0
1047 [0.00267394] 0.0
1048 [0.00267394] 0.0
1049 [0.00267394] 0.0
1050 [0.00267394] 0.0
1051 [0.00267394] 0.0
1052 [0.00267394] 0.0
1053 [0.00267394] 0.0
1054 [0.00267394] 0.0
1055 [0.00267394] 0.0
1056 [0.00267394] 0.0
1057 [0.00267394] 0.0
1058 [0.00267394] 0.0
1059 [0.00267394] 0.0
1060 [0.00267394] 0.0
1061 [0.00267394] 0.0
1062 [0.00267394] 0.0
1063 [0.00267394] 0.0
1064 [0.00267394] 0.0
1065 [0.00267394] 0.0
1066 [0.00267394] 0.0
1067 [0.00267394] 0.0
1068 [0.00267394] 0.0
1069 [0.00267394] 0.0
1070 [0.00267394] 0.0
1071 [0.00267394] 0.0
1072 [0.00267394] 0.0
1073 [0.00267394] 0.0
1074 [0.00267394] 0.0
1075 [0.00267394] 0.0
1076 [0.00267394] 0.0
1077 [0.00267394] 0.0
1078 [0.00267394] 0.0
1079 [0.00267394] 0.0
1080 [0.00267394] 0.0
1081 [0.00267394] 0.0
1082 [0.00267394] 0.0
1083 [0.00267394] 0.0
1084 [0.00267394] 0.0
1085 [0.00267394] 0.0
1086 [0.00267394] 0.0
1087 [0.00267394] 0.0
1088 [0.00267394] 0.0
1089 [0.00267394] 0.0
1090 [0.00267394] 0.0
1091 [0.00267394] 0.0
1092 [0.00267394] 0.0
1093 [0.00267394] 0.0
1094 [0.00267394] 0.0
1095 [0.00267394] 0.0
1096 [0.00267394] 0.0
1097 [0.00267394] 0.0
1098 [0.00267394] 0.0
1099 [0.00267394] 0.0
1100 [0.00267394] 0.0
1101 [0.00267394] 0.0
1102 [0.00267394] 0.0
1103 [0.00267394] 0.0
1104 [0.00267394] 0.0
1105 [0.00267394] 0.0
1106 [0.00267394] 0.0
1107 [0.00267394] 0.0
1108 [0.00267394] 0.0
1109 [0.00267394] 0.0
1110 [0.00267394] 0.0
1111 [0.00267394] 0.0
1112 [0.00267394] 0.0
1113 [0.00267394] 0.0
1114 [0.00267394] 0.0
1115 [0.00267394] 0.0
1116 [0.00267394] 0.0
1117 [0.00267394] 0.0
1118 [0.00267394] 0.0
1119 [0.00267394] 0.0
1120 [0.00267394] 0.0
1121 [0.00267394] 0.0
1122 [0.00267394] 0.0
1123 [0.00267394] 0.0
1124 [0.00267394] 0.0
1125 [0.00267394] 0.0
1126 [0.00267394] 0.0
1127 [0.00267394] 0.0
1128 [0.00267394] 0.0
1129 [0.00267394] 0.0
1130 [0.00267394] 0.0
1131 [0.00267394] 0.0
1132 [0.00267394] 0.0
1133 [0.00267394] 0.0
1134 [0.00267394] 0.0
1135 [0.00267394] 0.0
1136 [0.00267394] 0.0
1137 [0.00267394] 0.0
1138 [0.00267394] 0.0
1139 [0.00267394] 0.0
1140 [0.00267394] 0.0
1141 [0.00267394] 0.0
1142 [0.00267394] 0.0
1143 [0.00267394] 0.0
1144 [0.00267394] 0.0
1145 [0.00267394] 0.0
1146 [0.00267394] 0.0
1147 [0.00267394] 0.0
1148 [0.00267394] 0.0
1149 [0.00267394] 0.0
1150 [0.00267394] 0.0
1151 [0.00267394] 0.0
1152 [0.00267394] 0.0
1153 [0.00267394] 0.0
1154 [0.00267394] 0.0
1155 [0.00267394] 0.0
1156 [0.00267394] 0.0
1157 [0.00267394] 0.0
1158 [0.00267394] 0.0
1159 [0.00267394] 0.0
1160 [0.00267394] 0.0
1161 [0.00267394] 0.0
1162 [0.00267394] 0.0
1163 [0.00267394] 0.0
1164 [0.00267394] 0.0
1165 [0.00267394] 0.0
1166 [0.00267394] 0.0
1167 [0.00267394] 0.0
1168 [0.00267394] 0.0
1169 [0.00267394] 0.0
1170 [0.00267394] 0.0
1171 [0.00267394] 0.0
1172 [0.00267394] 0.0
1173 [0.00267394] 0.0
1174 [0.00267394] 0.0
1175 [0.00267394] 0.0
1176 [0.00267394] 0.0
1177 [0.00267394] 0.0
1178 [0.00267394] 0.0
1179 [0.00267394] 0.0
1180 [0.00267394] 0.0
1181 [0.00267394] 0.0
1182 [0.00267394] 0.0
1183 [0.00267394] 0.0
1184 [0.00267394] 0.0
1185 [0.00267394] 0.0
1186 [0.00267394] 0.0
1187 [0.00267394] 0.0
1188 [0.00267394] 0.0
1189 [0.00267394] 0.0
1190 [0.00267394] 0.0
1191 [0.00267394] 0.0
1192 [0.00267394] 0.0
1193 [0.00267394] 0.0
1194 [0.00267394] 0.0
1195 [0.00267394] 0.0
1196 [0.00267394] 0.0
1197 [0.00267394] 0.0
1198 [0.00267394] 0.0
1199 [0.00267394] 0.0
1200 0.0026739427562199993 0.0
1201 0.002668182317144379 0.0
1202 0.00266242187806876 0.0
1203 0.0026566614389931407 0.0
1204 0.0026509009999175215 0.0
1205 0.0026451405608419014 0.0
1206 0.002639380121766282 0.0
1207 0.002633619682690663 0.0
1208 0.002627859243615043 0.0
1209 0.0026220988045394236 0.0
1210 0.0026163383654638035 0.0
1211 0.0026105779263881843 0.0
1212 0.002604817487312565 0.0
1213 0.002599057048236946 0.0
1214 0.0025932966091613257 0.0
1215 0.0025875361700857065 0.0
1216 0.0025817757310100872 0.0
1217 0.002576015291934467 0.0
1218 0.002570254852858848 0.0
1219 0.0025644944137832287 0.0
1220 0.0025587339747076094 0.0
1221 0.0025529735356319893 0.0
1222 0.0025472130965563692 0.0
1223 0.00254145265748075 0.0
1224 0.0025356922184051308 0.0
1225 0.0025299317793295115 0.0
1226 0.0025241713402538914 0.0
1227 0.002518410901178272 0.0
1228 0.002512650462102653 0.0
1229 0.002506890023027033 0.0
1230 0.0025011295839514136 0.0
1231 0.0024953691448757935 0.0
1232 0.0024896087058001743 0.0
1233 0.002483848266724555 0.0
1234 0.002478087827648936 0.0
1235 0.0024723273885733157 0.0
1236 0.0024665669494976965 0.0
1237 0.0024608065104220773 0.0
1238 0.002455046071346457 0.0
1239 0.002449285632270838 0.0
1240 0.0024435251931952187 0.0
1241 0.0024377647541195995 0.0
1242 0.0024320043150439794 0.0
1243 0.0024262438759683593 0.0
1244 0.00242048343689274 0.0
1245 0.002414722997817121 0.0
1246 0.0024089625587415016 0.0
1247 0.0024032021196658815 0.0
1248 0.0023974416805902623 0.0
1249 0.002391681241514643 0.0
1250 0.002385920802439023 0.0
1251 0.0023801603633634037 0.0
1252 0.0023743999242877836 0.0
1253 0.0023686394852121644 0.0
1254 0.002362879046136545 0.0
1255 0.002357118607060926 0.0
1256 0.002351358167985306 0.0
1257 0.0023455977289096866 0.0
1258 0.0023398372898340673 0.0
1259 0.0023340768507584472 0.0
1260 0.002328316411682828 0.0
1261 0.002322555972607208 0.0
1262 0.0023167955335315887 0.0
1263 0.0023110350944559694 0.0
1264 0.0023052746553803493 0.0
1265 0.00229951421630473 0.0
1266 0.002293753777229111 0.0
1267 0.0022879933381534916 0.0
1268 0.0022822328990778715 0.0
1269 0.0022764724600022523 0.0
1270 0.002270712020926633 0.0
1271 0.002264951581851013 0.0
1272 0.0022591911427753937 0.0
1273 0.0022534307036997736 0.0
1274 0.0022476702646241544 0.0
1275 0.002241909825548535 0.0
1276 0.002236149386472915 0.0
1277 0.002230388947397296 0.0
1278 0.0022246285083216766 0.0
1279 0.0022188680692460574 0.0
1280 0.0022131076301704373 0.0
1281 0.002207347191094818 0.0
1282 0.002201586752019198 0.0
1283 0.0021958263129435787 0.0
1284 0.0021900658738679595 0.0
1285 0.0021843054347923394 0.0
1286 0.00217854499571672 0.0
1287 0.002172784556641101 0.0
1288 0.0021670241175654817 0.0
1289 0.0021612636784898616 0.0
1290 0.0021555032394142424 0.0
1291 0.002149742800338623 0.0
1292 0.002143982361263003 0.0
1293 0.002138221922187384 0.0
1294 0.0021324614831117637 0.0
1295 0.0021267010440361445 0.0
1296 0.0021209406049605252 0.0
1297 0.002115180165884906 0.0
1298 0.002109419726809286 0.0
1299 0.0021036592877336667 0.0
1300 0.0020978988486580474 0.0
1301 0.0020921384095824273 0.0
1302 0.002086377970506808 0.0
1303 0.002080617531431188 0.0
1304 0.0020748570923555688 0.0
1305 0.0020690966532799495 0.0
1306 0.0020633362142043294 0.0
1307 0.00205757577512871 0.0
1308 0.002051815336053091 0.0
1309 0.002046054896977471 0.0
1310 0.0020402944579018516 0.0
1311 0.0020345340188262324 0.0
1312 0.0020287735797506123 0.0
1313 0.002023013140674993 0.0
1314 0.002017252701599374 0.0
1315 0.0020114922625237537 0.0
1316 0.0020057318234481345 0.0
1317 0.0019999713843725153 0.0
1318 0.001994210945296895 0.0
1319 0.001988450506221276 0.0
1320 0.0019826900671456567 0.0
1321 0.001976929628070037 0.0
1322 0.0019711691889944174 0.0
1323 0.0019654087499187977 0.0
1324 0.0019596483108431785 0.0
1325 0.0019538878717675593 0.0
1326 0.0019481274326919396 0.0
1327 0.0019423669936163195 0.0
1328 0.0019366065545407003 0.0
1329 0.0019308461154650806 0.0
1330 0.0019250856763894614 0.0
1331 0.0019193252373138417 0.0
1332 0.001913564798238222 0.0
1333 0.0019078043591626028 0.0
1334 0.0019020439200869831 0.0
1335 0.001896283481011364 0.0
1336 0.0018905230419357442 0.0
1337 0.0018847626028601241 0.0
1338 0.001879002163784505 0.0
1339 0.0018732417247088857 0.0
1340 0.001867481285633266 0.0
1341 0.0018617208465576463 0.0
1342 0.001855960407482027 0.0
1343 0.0018501999684064074 0.0
1344 0.0018444395293307882 0.0
1345 0.0018386790902551685 0.0
1346 0.0018329186511795484 0.0
1347 0.0018271582121039292 0.0
1348 0.0018213977730283095 0.0
1349 0.0018156373339526903 0.0
1350 0.0018098768948770706 0.0
1351 0.001804116455801451 0.0
1352 0.0017983560167258317 0.0
1353 0.0017925955776502125 0.0
1354 0.0017868351385745928 0.0
1355 0.0017810746994989732 0.0
1356 0.001775314260423354 0.0
1357 0.0017695538213477338 0.0
1358 0.0017637933822721146 0.0
1359 0.001758032943196495 0.0
1360 0.0017522725041208753 0.0
1361 0.001746512065045256 0.0
1362 0.0017407516259696364 0.0
1363 0.0017349911868940172 0.0
1364 0.0017292307478183975 0.0
1365 0.0017234703087427778 0.0
1366 0.0017177098696671586 0.0
1367 0.0017119494305915394 0.0
1368 0.0017061889915159193 0.0
1369 0.0017004285524402996 0.0
1370 0.0016946681133646804 0.0
1371 0.0016889076742890607 0.0
1372 0.0016831472352134415 0.0
1373 0.0016773867961378218 0.0
1374 0.0016716263570622021 0.0
1375 0.001665865917986583 0.0
1376 0.0016601054789109632 0.0
1377 0.001654345039835344 0.0
1378 0.001648584600759724 0.0
1379 0.0016428241616841042 0.0
1380 0.001637063722608485 0.0
1381 0.0016313032835328658 0.0
1382 0.001625542844457246 0.0
1383 0.0016197824053816264 0.0
1384 0.0016140219663060072 0.0
1385 0.0016082615272303875 0.0
1386 0.0016025010881547683 0.0
1387 0.0015967406490791486 0.0
1388 0.0015909802100035285 0.0
1389 0.0015852197709279093 0.0
1390 0.0015794593318522896 0.0
1391 0.0015736988927766704 0.0
1392 0.0015679384537010507 0.0
1393 0.001562178014625431 0.0
1394 0.0015564175755498118 0.0
1395 0.0015506571364741926 0.0
1396 0.001544896697398573 0.0
1397 0.0015391362583229528 0.0
1398 0.0015333758192473336 0.0
1399 0.001527615380171714 0.0
1400 0.0015218549410960947 0.0
1401 0.001516094502020475 0.0
1402 0.0015103340629448554 0.0
1403 0.0015045736238692362 0.0
1404 0.001498813184793617 0.0
1405 0.0014930527457179973 0.0
1406 0.0014872923066423776 0.0
1407 0.0014815318675667575 0.0
1408 0.0014757714284911383 0.0
1409 0.001470010989415519 0.0
1410 0.0014642505503398994 0.0
1411 0.0014584901112642797 0.0
1412 0.00145272967218866 0.0
1413 0.0014469692331130408 0.0
1414 0.0014412087940374216 0.0
1415 0.001435448354961802 0.0
1416 0.0014296879158861822 0.0
1417 0.001423927476810563 0.0
1418 0.001418167037734943 0.0
1419 0.0014124065986593237 0.0
1420 0.001406646159583704 0.0
1421 0.0014008857205080843 0.0
1422 0.001395125281432465 0.0
1423 0.0013893648423568459 0.0
1424 0.0013836044032812262 0.0
1425 0.0013778439642056065 0.0
1426 0.0013720835251299869 0.0
1427 0.0013663230860543676 0.0
1428 0.0013605626469787484 0.0
1429 0.0013548022079031283 0.0
1430 0.0013490417688275086 0.0
1431 0.0013432813297518894 0.0
1432 0.0013375208906762697 0.0
1433 0.0013317604516006505 0.0
1434 0.0013260000125250308 0.0
1435 0.0013202395734494112 0.0
1436 0.001314479134373792 0.0
1437 0.0013087186952981727 0.0
1438 0.0013029582562225526 0.0
1439 0.001297197817146933 0.0
1440 0.0012914373780713133 0.0
1441 0.001285676938995694 0.0
1442 0.0012799164999200748 0.0
1443 0.0012741560608444552 0.0
1444 0.0012683956217688355 0.0
1445 0.0012626351826932163 0.0
1446 0.0012568747436175966 0.0
1447 0.0012511143045419774 0.0
1448 0.0012453538654663573 0.0
1449 0.0012395934263907376 0.0
1450 0.0012338329873151184 0.0
1451 0.0012280725482394991 0.0
1452 0.0012223121091638795 0.0
1453 0.0012165516700882598 0.0
1454 0.0012107912310126401 0.0
1455 0.001205030791937021 0.0
1456 0.0011992703528614017 0.0
1457 0.001193509913785782 0.0
1458 0.001187749474710162 0.0
1459 0.0011819890356345427 0.0
1460 0.001176228596558923 0.0
1461 0.0011704681574833038 0.0
1462 0.001164707718407684 0.0
1463 0.0011589472793320644 0.0
1464 0.0011531868402564452 0.0
1465 0.001147426401180826 0.0
1466 0.0011416659621052063 0.0
1467 0.0011359055230295866 0.0
1468 0.0011301450839539665 0.0
1469 0.0011243846448783473 0.0
1470 0.001118624205802728 0.0
1471 0.0011128637667271084 0.0
1472 0.0011071033276514887 0.0
1473 0.0011013428885758695 0.0
1474 0.0010955824495002498 0.0
1475 0.0010898220104246306 0.0
1476 0.001084061571349011 0.0
1477 0.0010783011322733913 0.0
1478 0.001072540693197772 0.0
1479 0.0010667802541221528 0.0
1480 0.0010610198150465327 0.0
1481 0.001055259375970913 0.0
1482 0.0010494989368952934 0.0
1483 0.0010437384978196742 0.0
1484 0.001037978058744055 0.0
1485 0.0010322176196684353 0.0
1486 0.0010264571805928156 0.0
1487 0.0010206967415171964 0.0
1488 0.0010149363024415763 0.0
1489 0.001009175863365957 0.0
1490 0.0010034154242903374 0.0
1491 0.0009976549852147177 0.0
1492 0.0009918945461390985 0.0
1493 0.0009861341070634792 0.0
1494 0.0009803736679878596 0.0
1495 0.0009746132289122399 0.0
1496 0.0009688527898366202 0.0
1497 0.000963092350761001 0.0
1498 0.0009573319116853818 0.0
1499 0.0009515714726097617 0.0
1500 0.000945811033534142 0.0
1501 0.0009400505944585223 0.0
1502 0.0009342901553829031 0.0
1503 0.0009285297163072839 0.0
1504 0.0009227692772316642 0.0
1505 0.0009170088381560445 0.0
1506 0.0009112483990804253 0.0
1507 0.0009054879600048061 0.0
1508 0.0008997275209291864 0.0
1509 0.0008939670818535663 0.0
1510 0.0008882066427779466 0.0
1511 0.0008824462037023274 0.0
1512 0.0008766857646267082 0.0
1513 0.0008709253255510885 0.0
1514 0.0008651648864754688 0.0
1515 0.0008594044473998492 0.0
1516 0.00085364400832423 0.0
1517 0.0008478835692486107 0.0
1518 0.000842123130172991 0.0
1519 0.000836362691097371 0.0
1520 0.0008306022520217517 0.0
1521 0.0008248418129461325 0.0
1522 0.0008190813738705128 0.0
1523 0.0008133209347948932 0.0
1524 0.0008075604957192735 0.0
1525 0.0008018000566436543 0.0
1526 0.000796039617568035 0.0
1527 0.0007902791784924154 0.0
1528 0.0007845187394167953 0.0
1529 0.0007787583003411756 0.0
1530 0.0007729978612655564 0.0
1531 0.0007672374221899371 0.0
1532 0.0007614769831143175 0.0
1533 0.0007557165440386978 0.0
1534 0.0007499561049630786 0.0
1535 0.0007441956658874593 0.0
1536 0.0007384352268118397 0.0
1537 0.00073267478773622 0.0
1538 0.0007269143486605999 0.0
1539 0.0007211539095849807 0.0
1540 0.0007153934705093614 0.0
1541 0.0007096330314337418 0.0
1542 0.0007038725923581221 0.0
1543 0.0006981121532825024 0.0
1544 0.0006923517142068832 0.0
1545 0.000686591275131264 0.0
1546 0.0006808308360556443 0.0
1547 0.0006750703969800246 0.0
1548 0.0006693099579044054 0.0
1549 0.0006635495188287862 0.0
1550 0.0006577890797531661 0.0
1551 0.0006520286406775464 0.0
1552 0.0006462682016019267 0.0
1553 0.0006405077625263075 0.0
1554 0.0006347473234506883 0.0
1555 0.0006289868843750686 0.0
1556 0.000623226445299449 0.0
1557 0.0006174660062238293 0.0
1558 0.00061170556714821 0.0
1559 0.0006059451280725908 0.0
1560 0.0006001846889969707 0.0
1561 0.0005944242499213511 0.0
1562 0.0005886638108457318 0.0
1563 0.0005829033717701126 0.0
1564 0.0005771429326944929 0.0
1565 0.0005713824936188733 0.0
1566 0.0005656220545432536 0.0
1567 0.0005598616154676344 0.0
1568 0.0005541011763920151 0.0
1569 0.0005483407373163955 0.0
1570 0.0005425802982407754 0.0
1571 0.0005368198591651557 0.0
1572 0.0005310594200895365 0.0
1573 0.0005252989810139172 0.0
1574 0.0005195385419382976 0.0
1575 0.0005137781028626779 0.0
1576 0.0005080176637870587 0.0
1577 0.0005022572247114394 0.0
1578 0.0004964967856358198 0.0
1579 0.0004907363465601997 0.0
1580 0.00048497590748458 0.0
1581 0.0004792154684089608 0.0
1582 0.00047345502933334154 0.0
1583 0.0004676945902577219 0.0
1584 0.0004619341511821022 0.0
1585 0.00045617371210648254 0.0
1586 0.0004504132730308633 0.0
1587 0.0004446528339552441 0.0
1588 0.0004388923948796244 0.0
1589 0.0004331319558040043 0.0
1590 0.0004273715167283851 0.0
1591 0.0004216110776527654 0.0
1592 0.0004158506385771462 0.0
1593 0.0004100901995015265 0.0
1594 0.00040432976042590685 0.0
1595 0.0003985693213502876 0.0
1596 0.0003928088822746684 0.0
1597 0.0003870484431990487 0.0
1598 0.00038128800412342905 0.0
1599 0.00037552756504780896 0.0
1600 0.0003697671259721897 0.0
1601 0.0003640066868965705 0.0
1602 0.0003582462478209508 0.0
1603 0.00035248580874533116 0.0
1604 0.0003467253696697119 0.0
1605 0.00034096493059409226 0.0
1606 0.00033520449151847303 0.0
1607 0.00032944405244285336 0.0
1608 0.00032368361336723413 0.0
1609 0.00031792317429161446 0.0
1610 0.00031216273521599436 0.0
1611 0.00030640229614037513 0.0
1612 0.00030064185706475547 0.0
1613 0.00029488141798913623 0.0
1614 0.00028912097891351657 0.0
1615 0.00028336053983789734 0.0
1616 0.00027760010076227767 0.0
1617 0.000271839661686658 0.0
1618 0.00026607922261103877 0.0
1619 0.0002603187835354191 0.0
1620 0.0002545583444597999 0.0
1621 0.0002487979053841798 0.0
1622 0.00024303746630856054 0.0
1623 0.00023727702723294088 0.0
1624 0.0002315165881573212 0.0
1625 0.00022575614908170198 0.0
1626 0.0002199957100060823 0.0
1627 0.00021423527093046308 0.0
1628 0.00020847483185484341 0.0
1629 0.00020271439277922331 0.0
1630 0.00019695395370360408 0.0
1631 0.00019119351462798442 0.0
1632 0.00018543307555236518 0.0
1633 0.00017967263647674552 0.0
1634 0.00017391219740112629 0.0
1635 0.00016815175832550662 0.0
1636 0.00016239131924988695 0.0
1637 0.00015663088017426772 0.0
1638 0.00015087044109864806 0.0
1639 0.00014511000202302882 0.0
1640 0.00013934956294740872 0.0
1641 0.0001335891238717895 0.0
1642 0.00012782868479616983 0.0
1643 0.00012206824572055016 0.0
1644 0.00011630780664493093 0.0
1645 0.00011054736756931126 0.0
1646 0.00010478692849369203 0.0
1647 9.902648941807236e-05 0.0
1648 9.326605034245313e-05 0.0
1649 8.750561126683347e-05 0.0
1650 8.174517219121337e-05 0.0
1651 7.598473311559413e-05 0.0
1652 7.022429403997447e-05 0.0
1653 6.446385496435524e-05 0.0
1654 5.870341588873557e-05 0.0
1655 5.294297681311634e-05 0.0
1656 4.718253773749667e-05 0.0
1657 4.1422098661877006e-05 0.0
1658 3.566165958625777e-05 0.0
1659 2.9901220510638107e-05 0.0
1660 2.4140781435018658e-05 0.0
1661 1.8380342359398992e-05 0.0
1662 1.261990328377976e-05 0.0
1663 6.859464208159877e-06 0.0
1664 1.0990251325402114e-06 0.0
1665 -4.661413943079021e-06 0.0
1666 -1.0421853018698687e-05 0.0
1667 -1.618229209431792e-05 0.0
1668 -2.1942731169937802e-05 0.0
1669 -2.7703170245557034e-05 0.0
1670 -3.34636093211767e-05 0.0
1671 -3.9224048396796366e-05 0.0
1672 -4.49844874724156e-05 0.0
1673 -5.074492654803548e-05 0.0
1674 -5.650536562365471e-05 0.0
1675 -6.226580469927438e-05 0.0
1676 -6.802624377489361e-05 0.0
1677 -7.378668285051328e-05 0.0
1678 -7.954712192613316e-05 0.0
1679 -8.530756100175239e-05 0.0
1680 -9.106800007737206e-05 0.0
1681 -9.682843915299129e-05 0.0
1682 -0.00010258887822861096 0.0
1683 -0.00010834931730423019 0.0
1684 -0.00011410975637985007 0.0
1685 -0.00011987019545546974 0.0
1686 -0.00012563063453108897 0.0
1687 -0.00013139107360670864 0.0
1688 -0.00013715151268232787 0.0
1689 -0.00014291195175794775 0.0
1690 -0.00014867239083356698 0.0
1691 -0.00015443282990918665 0.0
1692 -0.00016019326898480653 0.0
1693 -0.00016595370806042555 0.0
1694 -0.00017171414713604543 0.0
1695 -0.00017747458621166466 0.0
1696 -0.00018323502528728433 0.0
1697 -0.00018899546436290356 0.0
1698 -0.00019475590343852344 0.0
1699 -0.0002005163425141431 0.0
1700 -0.00020627678158976234 0.0
1701 -0.000212037220665382 0.0
1702 -0.00021779765974100124 0.0
1703 -0.00022355809881662112 0.0
1704 -0.00022931853789224035 0.0
1705 -0.00023507897696786002 0.0
1706 -0.00024083941604347969 0.0
1707 -0.0002465998551190989 0.0
1708 -0.0002523602941947188 0.0
1709 -0.00025812073327033803 0.0
1710 -0.0002638811723459577 0.0
1711 -0.00026964161142157693 0.0
1712 -0.0002754020504971966 0.0
1713 -0.0002811624895728165 0.0
1714 -0.0002869229286484357 0.0
1715 -0.0002926833677240554 0.0
1716 -0.0002984438067996746 0.0
1717 -0.0003042042458752943 0.0
1718 -0.0003099646849509135 0.0
1719 -0.0003157251240265334 0.0
1720 -0.00032148556310215306 0.0
1721 -0.0003272460021777723 0.0
1722 -0.00033300644125339196 0.0
1723 -0.0003387668803290112 0.0
1724 -0.00034452731940463107 0.0
1725 -0.0003502877584802503 0.0
1726 -0.00035604819755586997 0.0
1727 -0.00036180863663148963 0.0
1728 -0.00036756907570710887 0.0
1729 -0.00037332951478272875 0.0
1730 -0.000379089953858348 0.0
1731 -0.00038485039293396765 0.0
1732 -0.0003906108320095869 0.0
1733 -0.00039637127108520655 0.0
1734 -0.00040213171016082643 0.0
1735 -0.00040789214923644566 0.0
1736 -0.0004136525883120653 0.0
1737 -0.00041941302738768456 0.0
1738 -0.0004251734664633042 0.0
1739 -0.00043093390553892346 0.0
1740 -0.00043669434461454334 0.0
1741 -0.000442454783690163 0.0
1742 -0.00044821522276578224 0.0
1743 -0.0004539756618414021 0.0
1744 -0.00045973610091702135 0.0
1745 -0.000465496539992641 0.0
1746 -0.00047125697906826025 0.0
1747 -0.0004770174181438799 0.0
1748 -0.0004827778572194998 0.0
1749 -0.000488538296295119 0.0
1750 -0.0004942987353707387 0.0
1751 -0.0005000591744463579 0.0
1752 -0.0005058196135219776 0.0
1753 -0.0005115800525975968 0.0
1754 -0.0005173404916732167 0.0
1755 -0.0005231009307488364 0.0
1756 -0.0005288613698244556 0.0
1757 -0.0005346218089000753 0.0
1758 -0.0005403822479756945 0.0
1759 -0.0005461426870513144 0.0
1760 -0.0005519031261269336 0.0
1761 -0.0005576635652025533 0.0
1762 -0.000563424004278173 0.0
1763 -0.0005691844433537922 0.0
1764 -0.0005749448824294121 0.0
1765 -0.0005807053215050313 0.0
1766 -0.000586465760580651 0.0
1767 -0.0005922261996562702 0.0
1768 -0.0005979866387318899 0.0
1769 -0.0006037470778075097 0.0
1770 -0.000609507516883129 0.0
1771 -0.0006152679559587486 0.0
1772 -0.0006210283950343679 0.0
1773 -0.0006267888341099875 0.0
1774 -0.0006325492731856068 0.0
1775 -0.0006383097122612267 0.0
1776 -0.0006440701513368463 0.0
1777 -0.0006498305904124656 0.0
1778 -0.0006555910294880852 0.0
1779 -0.0006613514685637045 0.0
1780 -0.0006671119076393243 0.0
1781 -0.0006728723467149436 0.0
1782 -0.0006786327857905632 0.0
1783 -0.0006843932248661829 0.0
1784 -0.0006901536639418021 0.0
1785 -0.000695914103017422 0.0
1786 -0.0007016745420930413 0.0
1787 -0.0007074349811686609 0.0
1788 -0.0007131954202442801 0.0
1789 -0.0007189558593199 0.0
1790 -0.0007247162983955197 0.0
1791 -0.0007304767374711389 0.0
1792 -0.0007362371765467586 0.0
1793 -0.0007419976156223778 0.0
1794 -0.0007477580546979977 0.0
1795 -0.0007535184937736169 0.0
1796 -0.0007592789328492366 0.0
1797 -0.0007650393719248563 0.0
1798 -0.0007707998110004755 0.0
1799 -0.0007765602500760954 0.0
1800 -0.0007823206891517146 0.0
1801 -0.0007880811282273343 0.0
1802 -0.000793841567302954 0.0
1803 -0.0007996020063785732 0.0
1804 -0.0008053624454541931 0.0
1805 -0.0008111228845298123 0.0
1806 -0.000816883323605432 0.0
1807 -0.0008226437626810512 0.0
1808 -0.0008284042017566709 0.0
1809 -0.0008341646408322907 0.0
1810 -0.00083992507990791 0.0
1811 -0.0008456855189835296 0.0
1812 -0.0008514459580591489 0.0
1813 -0.0008572063971347685 0.0
1814 -0.0008629668362103878 0.0
1815 -0.0008687272752860077 0.0
1816 -0.0008744877143616273 0.0
1817 -0.0008802481534372466 0.0
1818 -0.0008860085925128662 0.0
1819 -0.0008917690315884855 0.0
1820 -0.0008975294706641053 0.0
1821 -0.0009032899097397246 0.0
1822 -0.0009090503488153442 0.0
1823 -0.0009148107878909639 0.0
1824 -0.0009205712269665831 0.0
1825 -0.000926331666042203 0.0
1826 -0.0009320921051178222 0.0
1827 -0.0009378525441934419 0.0
1828 -0.0009436129832690611 0.0
1829 -0.0009493734223446808 0.0
1830 -0.0009551338614203007 0.0
1831 -0.0009608943004959199 0.0
1832 -0.0009666547395715396 0.0
1833 -0.0009724151786471588 0.0
1834 -0.0009781756177227787 0.0
1835 -0.000983936056798398 0.0
1836 -0.0009896964958740176 0.0
1837 -0.0009954569349496373 0.0
1838 -0.0010012173740252565 0.0
1839 -0.0010069778131008762 0.0
1840 -0.0010127382521764954 0.0
1841 -0.0010184986912521153 0.0
1842 -0.0010242591303277345 0.0
1843 -0.0010300195694033542 0.0
1844 -0.001035780008478974 0.0
1845 -0.0010415404475545933 0.0
1846 -0.001047300886630213 0.0
1847 -0.0010530613257058322 0.0
1848 -0.0010588217647814519 0.0
1849 -0.001064582203857071 0.0
1850 -0.0010703426429326908 0.0
1851 -0.0010761030820083106 0.0
1852 -0.0010818635210839299 0.0
1853 -0.0010876239601595498 0.0
1854 -0.001093384399235169 0.0
1855 -0.0010991448383107887 0.0
1856 -0.0011049052773864079 0.0
1857 -0.0011106657164620276 0.0
1858 -0.0011164261555376472 0.0
1859 -0.0011221865946132665 0.0
1860 -0.0011279470336888861 0.0
1861 -0.0011337074727645054 0.0
1862 -0.0011394679118401252 0.0
1863 -0.0011452283509157445 0.0
1864 -0.0011509887899913643 0.0
1865 -0.001156749229066984 0.0
1866 -0.0011625096681426032 0.0
1867 -0.001168270107218223 0.0
1868 -0.0011740305462938421 0.0
1869 -0.0011797909853694618 0.0
1870 -0.001185551424445081 0.0
1871 -0.001191311863520701 0.0
1872 -0.0011970723025963206 0.0
1873 -0.0012028327416719398 0.0
1874 -0.0012085931807475597 0.0
1875 -0.001214353619823179 0.0
1876 -0.0012201140588987986 0.0
1877 -0.0012258744979744178 0.0
1878 -0.0012316349370500375 0.0
1879 -0.0012373953761256572 0.0
1880 -0.0012431558152012764 0.0
1881 -0.0012489162542768963 0.0
1882 -0.0012546766933525155 0.0
1883 -0.0012604371324281352 0.0
1884 -0.0012661975715037544 0.0
1885 -0.0012719580105793743 0.0
1886 -0.001277718449654994 0.0
1887 -0.0012834788887306132 0.0
1888 -0.0012892393278062329 0.0
1889 -0.001294999766881852 0.0
1890 -0.0013007602059574718 0.0
1891 -0.001306520645033091 0.0
1892 -0.0013122810841087109 0.0
1893 -0.0013180415231843308 0.0
1894 -0.00132380196225995 0.0
1895 -0.0013295624013355697 0.0
1896 -0.0013353228404111889 0.0
1897 -0.0013410832794868086 0.0
1898 -0.0013468437185624278 0.0
1899 -0.0013526041576380475 0.0
1900 -0.0013583645967136671 0.0
1901 -0.0013641250357892864 0.0
1902 -0.0013698854748649062 0.0
1903 -0.0013756459139405255 0.0
1904 -0.0013814063530161453 0.0
1905 -0.0013871667920917646 0.0
1906 -0.0013929272311673842 0.0
1907 -0.001398687670243004 0.0
1908 -0.0014044481093186231 0.0
1909 -0.0014102085483942428 0.0
1910 -0.001415968987469862 0.0
1911 -0.0014217294265454817 0.0
1912 -0.001427489865621101 0.0
1913 -0.0014332503046967208 0.0
1914 -0.0014390107437723407 0.0
1915 -0.00144477118284796 0.0
1916 -0.0014505316219235796 0.0
1917 -0.0014562920609991988 0.0
1918 -0.0014620525000748185 0.0
1919 -0.0014678129391504377 0.0
1920 -0.0014735733782260574 0.0
1921 -0.0014793338173016773 0.0
1922 -0.0014850942563772965 0.0
1923 -0.0014908546954529162 0.0
1924 -0.0014966151345285354 0.0
1925 -0.0015023755736041553 0.0
1926 -0.0015081360126797745 0.0
1927 -0.0015138964517553942 0.0
1928 -0.0015196568908310139 0.0
1929 -0.001525417329906633 0.0
1930 -0.0015311777689822528 0.0
1931 -0.001536938208057872 0.0
1932 -0.0015426986471334919 0.0
1933 -0.001548459086209111 0.0
1934 -0.0015542195252847308 0.0
1935 -0.0015599799643603507 0.0
1936 -0.0015657404034359699 0.0
1937 -0.0015715008425115896 0.0
1938 -0.0015772612815872088 0.0
1939 -0.0015830217206628285 0.0
1940 -0.0015887821597384477 0.0
1941 -0.0015945425988140674 0.0
1942 -0.0016003030378896872 0.0
1943 -0.0016060634769653065 0.0
1944 -0.0016118239160409261 0.0
1945 -0.0016175843551165454 0.0
1946 -0.0016233447941921652 0.0
1947 -0.0016291052332677845 0.0
1948 -0.0016348656723434041 0.0
1949 -0.0016406261114190238 0.0
1950 -0.001646386550494643 0.0
1951 -0.001652146989570263 0.0
1952 -0.0016579074286458822 0.0
1953 -0.0016636678677215018 0.0
1954 -0.001669428306797121 0.0
1955 -0.0016751887458727407 0.0
1956 -0.0016809491849483606 0.0
1957 -0.0016867096240239798 0.0
1958 -0.0016924700630995995 0.0
1959 -0.0016982305021752187 0.0
1960 -0.0017039909412508384 0.0
1961 -0.0017097513803264576 0.0
1962 -0.0017155118194020775 0.0
1963 -0.0017212722584776972 0.0
1964 -0.0017270326975533164 0.0
1965 -0.001732793136628936 0.0
1966 -0.0017385535757045553 0.0
1967 -0.0017443140147801752 0.0
1968 -0.0017500744538557949 0.0
1969 -0.001755834892931414 0.0
1970 -0.0017615953320070338 0.0
1971 -0.001767355771082653 0.0
1972 -0.0017731162101582729 0.0
1973 -0.001778876649233892 0.0
1974 -0.0017846370883095118 0.0
1975 -0.0017903975273851317 0.0
1976 -0.0017961579664607509 0.0
1977 -0.0018019184055363706 0.0
1978 -0.0018076788446119898 0.0
1979 -0.0018134392836876095 0.0
1980 -0.0018191997227632287 0.0
1981 -0.0018249601618388486 0.0
1982 -0.0018307206009144682 0.0
1983 -0.0018364810399900875 0.0
1984 -0.0018422414790657071 0.0
1985 -0.0018480019181413264 0.0
1986 -0.0018537623572169462 0.0
1987 -0.0018595227962925655 0.0
1988 -0.0018652832353681851 0.0
1989 -0.0018710436744438048 0.0
1990 -0.001876804113519424 0.0
1991 -0.001882564552595044 0.0
1992 -0.0018883249916706632 0.0
1993 -0.0018940854307462828 0.0
1994 -0.001899845869821902 0.0
1995 -0.0019056063088975217 0.0
1996 -0.0019113667479731416 0.0
1997 -0.0019171271870487608 0.0
1998 -0.0019228876261243805 0.0
1999 -0.0019286480651999997 0.0
2000 -0.0019286480651999997 0.0
2001 -0.0019286480651999997 0.0
2002 -0.0019286480651999997 0.0
2003 -0.0019286480651999997 0.0
2004 -0.0019286480651999997 0.0
2005 -0.0019286480651999997 0.0
2006 -0.0019286480651999997 0.0
2007 -0.0019286480651999997 0.0
2008 -0.0019286480651999997 0.0
2009 -0.0019286480651999997 0.0
2010 -0.0019286480651999997 0.0
2011 -0.0019286480651999997 0.0
2012 -0.0019286480651999997 0.0
2013 -0.0019286480651999997 0.0
2014 -0.0019286480651999997 0.0
2015 -0.0019286480651999997 0.0
2016 -0.0019286480651999997 0.0
2017 -0.0019286480651999997 0.0
2018 -0.0019286480651999997 0.0
2019 -0.0019286480651999997 0.0
2020 -0.0019286480651999997 0.0
2021 -0.0019286480651999997 0.0
2022 -0.0019286480651999997 0.0
2023 -0.0019286480651999997 0.0
2024 -0.0019286480651999997 0.0
2025 -0.0019286480651999997 0.0
2026 -0.0019286480651999997 0.0
2027 -0.0019286480651999997 0.0
2028 -0.0019286480651999997 0.0
2029 -0.0019286480651999997 0.0
2030 -0.0019286480651999997 0.0
2031 -0.0019286480651999997 0.0
2032 -0.0019286480651999997 0.0
2033 -0.0019286480651999997 0.0
2034 -0.0019286480651999997 0.0
2035 -0.0019286480651999997 0.0
2036 -0.0019286480651999997 0.0
2037 -0.0019286480651999997 0.0
2038 -0.0019286480651999997 0.0
2039 -0.0019286480651999997 0.0
2040 -0.0019286480651999997 0.0
2041 -0.0019286480651999997 0.0
2042 -0.0019286480651999997 0.0
2043 -0.0019286480651999997 0.0
2044 -0.0019286480651999997 0.0
2045 -0.0019286480651999997 0.0
2046 -0.0019286480651999997 0.0
2047 -0.0019286480651999997 0.0
2048 -0.0019286480651999997 0.0
2049 -0.0019286480651999997 0.0
2050 -0.0019286480651999997 0.0
2051 -0.0019286480651999997 0.0
2052 -0.0019286480651999997 0.0
2053 -0.0019286480651999997 0.0
2054 -0.0019286480651999997 0.0
2055 -0.0019286480651999997 0.0
2056 -0.0019286480651999997 0.0
2057 -0.0019286480651999997 0.0
2058 -0.0019286480651999997 0.0
2059 -0.0019286480651999997 0.0
2060 -0.0019286480651999997 0.0
2061 -0.0019286480651999997 0.0
2062 -0.0019286480651999997 0.0
2063 -0.0019286480651999997 0.0
2064 -0.0019286480651999997 0.0
2065 -0.0019286480651999997 0.0
2066 -0.0019286480651999997 0.0
2067 -0.0019286480651999997 0.0
2068 -0.0019286480651999997 0.0
2069 -0.0019286480651999997 0.0
2070 -0.0019286480651999997 0.0
2071 -0.0019286480651999997 0.0
2072 -0.0019286480651999997 0.0
2073 -0.0019286480651999997 0.0
2074 -0.0019286480651999997 0.0
2075 -0.0019286480651999997 0.0
2076 -0.0019286480651999997 0.0
2077 -0.0019286480651999997 0.0
2078 -0.0019286480651999997 0.0
2079 -0.0019286480651999997 0.0
2080 -0.0019286480651999997 0.0
2081 -0.0019286480651999997 0.0
2082 -0.0019286480651999997 0.0
2083 -0.0019286480651999997 0.0
2084 -0.0019286480651999997 0.0
2085 -0.0019286480651999997 0.0
2086 -0.0019286480651999997 0.0
2087 -0.0019286480651999997 0.0
2088 -0.0019286480651999997 0.0
2089 -0.0019286480651999997 0.0
2090 -0.0019286480651999997 0.0
2091 -0.0019286480651999997 0.0
2092 -0.0019286480651999997 0.0
2093 -0.0019286480651999997 0.0
2094 -0.0019286480651999997 0.0
2095 -0.0019286480651999997 0.0
2096 -0.0019286480651999997 0.0
2097 -0.0019286480651999997 0.0
2098 -0.0019286480651999997 0.0
2099 -0.0019286480651999997 0.0
2100 -0.0019286480651999997 0.0
2101 -0.0019286480651999997 0.0
2102 -0.0019286480651999997 0.0
2103 -0.0019286480651999997 0.0
2104 -0.0019286480651999997 0.0
2105 -0.0019286480651999997 0.0
2106 -0.0019286480651999997 0.0
2107 -0.0019286480651999997 0.0
2108 -0.0019286480651999997 0.0
2109 -0.0019286480651999997 0.0
2110 -0.0019286480651999997 0.0
2111 -0.0019286480651999997 0.0
2112 -0.0019286480651999997 0.0
2113 -0.0019286480651999997 0.0
2114 -0.0019286480651999997 0.0
2115 -0.0019286480651999997 0.0
2116 -0.0019286480651999997 0.0
2117 -0.0019286480651999997 0.0
2118 -0.0019286480651999997 0.0
2119 -0.0019286480651999997 0.0
2120 -0.0019286480651999997 0.0
2121 -0.0019286480651999997 0.0
2122 -0.0019286480651999997 0.0
2123 -0.0019286480651999997 0.0
2124 -0.0019286480651999997 0.0
2125 -0.0019286480651999997 0.0
2126 -0.0019286480651999997 0.0
2127 -0.0019286480651999997 0.0
2128 -0.0019286480651999997 0.0
2129 -0.0019286480651999997 0.0
2130 -0.0019286480651999997 0.0
2131 -0.0019286480651999997 0.0
2132 -0.0019286480651999997 0.0
2133 -0.0019286480651999997 0.0
2134 -0.0019286480651999997 0.0
2135 -0.0019286480651999997 0.0
2136 -0.0019286480651999997 0.0
2137 -0.0019286480651999997 0.0
2138 -0.0019286480651999997 0.0
2139 -0.0019286480651999997 0.0
2140 -0.0019286480651999997 0.0
2141 -0.0019286480651999997 0.0
2142 -0.0019286480651999997 0.0
2143 -0.0019286480651999997 0.0
2144 -0.0019286480651999997 0.0
2145 -0.0019286480651999997 0.0
2146 -0.0019286480651999997 0.0
2147 -0.0019286480651999997 0.0
2148 -0.0019286480651999997 0.0
2149 -0.0019286480651999997 0.0
2150 -0.0019286480651999997 0.0
2151 -0.0019286480651999997 0.0
2152 -0.0019286480651999997 0.0
2153 -0.0019286480651999997 0.0
2154 -0.0019286480651999997 0.0
2155 -0.0019286480651999997 0.0
2156 -0.0019286480651999997 0.0
2157 -0.0019286480651999997 0.0
2158 -0.0019286480651999997 0.0
2159 -0.0019286480651999997 0.0
2160 -0.0019286480651999997 0.0
2161 -0.0019286480651999997 0.0
2162 -0.0019286480651999997 0.0
2163 -0.0019286480651999997 0.0
2164 -0.0019286480651999997 0.0
2165 -0.0019286480651999997 0.0
2166 -0.0019286480651999997 0.0
2167 -0.0019286480651999997 0.0
2168 -0.0019286480651999997 0.0
2169 -0.0019286480651999997 0.0
2170 -0.0019286480651999997 0.0
2171 -0.0019286480651999997 0.0
2172 -0.0019286480651999997 0.0
2173 -0.0019286480651999997 0.0
2174 -0.0019286480651999997 0.0
2175 -0.0019286480651999997 0.0
2176 -0.0019286480651999997 0.0
2177 -0.0019286480651999997 0.0
2178 -0.0019286480651999997 0.0
2179 -0.0019286480651999997 0.0
2180 -0.0019286480651999997 0.0
2181 -0.0019286480651999997 0.0
2182 -0.0019286480651999997 0.0
2183 -0.0019286480651999997 0.0
2184 -0.0019286480651999997 0.0
2185 -0.0019286480651999997 0.0
2186 -0.0019286480651999997 0.0
2187 -0.0019286480651999997 0.0
2188 -0.0019286480651999997 0.0
2189 -0.0019286480651999997 0.0
2190 -0.0019286480651999997 0.0
2191 -0.0019286480651999997 0.0
2192 -0.0019286480651999997 0.0
2193 -0.0019286480651999997 0.0
2194 -0.0019286480651999997 0.0
2195 -0.0019286480651999997 0.0
2196 -0.0019286480651999997 0.0
2197 -0.0019286480651999997 0.0
2198 -0.0019286480651999997 0.0
2199 -0.0019286480651999997 0.0