2200 0.000002100546602 1.0
2
0 -0.0019286480651999997 0.0
1 -0.0019286480651999997 0.0
2 -0.0019286480651999997 0.0
3 -0.0019286480651999997 0.0
4 -0.0019286480651999997 0.0
5 -0.0019286480651999997 0.0
6 -0.0019286480651999997 0.0
7 -0.0019286480651999997 0.0
8 -0.0019286480651999997 0.0
9 -0.0019286480651999997 0.0
10 -0.0019286480651999997 0.0
11 -0.0019286480651999997 0.0
12 -0.0019286480651999997 0.0
13 -0.0019286480651999997 0.0
14 -0.0019286480651999997 0.0
15 -0.0019286480651999997 0.0
16 -0.0019286480651999997 0.0
17 -0.0019286480651999997 0.0
18 -0.0019286480651999997 0.0
19 -0.0019286480651999997 0.0
20 -0.0019286480651999997 0.0
21 -0.0019286480651999997 0.0
22 -0.0019286480651999997 0.0
23 -0.0019286480651999997 0.0
24 -0.0019286480651999997 0.0
25 -0.0019286480651999997 0.0
26 -0.0019286480651999997 0.0
27 -0.0019286480651999997 0.0
28 -0.0019286480651999997 0.0
29 -0.0019286480651999997 0.0
30 -0.0019286480651999997 0.0
31 -0.0019286480651999997 0.0
32 -0.0019286480651999997 0.0
33 -0.0019286480651999997 0.0
34 -0.0019286480651999997 0.0
35 -0.0019286480651999997 0.0
36 -0.0019286480651999997 0.0
37 -0.0019286480651999997 0.0
38 -0.0019286480651999997 0.0
39 -0.0019286480651999997 0.0
40 -0.0019286480651999997 0.0
41 -0.0019286480651999997 0.0
42 -0.0019286480651999997 0.0
43 -0.0019286480651999997 0.0
44 -0.0019286480651999997 0.0
45 -0.0019286480651999997 0.0
46 -0.0019286480651999997 0.0
47 -0.0019286480651999997 0.0
48 -0.0019286480651999997 0.0
49 -0.0019286480651999997 0.0
50 -0.0019286480651999997 0.0
51 -0.0019286480651999997 0.0
52 -0.0019286480651999997 0.0
53 -0.0019286480651999997 0.0
54 -0.0019286480651999997 0.0
55 -0.0019286480651999997 0.0
56 -0.0019286480651999997 0.0
57 -0.0019286480651999997 0.0
58 -0.0019286480651999997 0.0
59 -0.0019286480651999997 0.0
60 -0.0019286480651999997 0.0
61 -0.0019286480651999997 0.0
62 -0.0019286480651999997 0.0
63 -0.0019286480651999997 0.0
64 -0.0019286480651999997 0.0
65 -0.0019286480651999997 0.0
66 -0.0019286480651999997 0.0
67 -0.0019286480651999997 0.0
68 -0.0019286480651999997 0.0
69 -0.0019286480651999997 0.0
70 -0.0019286480651999997 0.0
71 -0.0019286480651999997 0.0
72 -0.0019286480651999997 0.0
73 -0.0019286480651999997 0.0
74 -0.0019286480651999997 0.0
75 -0.0019286480651999997 0.0
76 -0.0019286480651999997 0.0
77 -0.0019286480651999997 0.0
78 -0.0019286480651999997 0.0
79 -0.0019286480651999997 0.0
80 -0.0019286480651999997 0.0
81 -0.0019286480651999997 0.0
82 -0.0019286480651999997 0.0
83 -0.0019286480651999997 0.0
84 -0.0019286480651999997 0.0
85 -0.0019286480651999997 0.0
86 -0.0019286480651999997 0.0
87 -0.0019286480651999997 0.0
88 -0.0019286480651999997 0.0
89 -0.0019286480651999997 0.0
90 -0.0019286480651999997 0.0
91 -0.0019286480651999997 0.0
92 -0.0019286480651999997 0.0
93 -0.0019286480651999997 0.0
94 -0.0019286480651999997 0.0
95 -0.0019286480651999997 0.0
96 -0.0019286480651999997 0.0
97 -0.0019286480651999997 0.0
98 -0.0019286480651999997 0.0
99 -0.0019286480651999997 0.0
100 -0.0019286480651999997 0.0
101 -0.0019286480651999997 0.0
102 -0.0019286480651999997 0.0
103 -0.0019286480651999997 0.0
104 -0.0019286480651999997 0.0
105 -0.0019286480651999997 0.0
106 -0.0019286480651999997 0.0
107 -0.0019286480651999997 0.0
108 -0.0019286480651999997 0.0
109 -0.0019286480651999997 0.0
110 -0.0019286480651999997 0.0
111 -0.0019286480651999997 0.0
112 -0.0019286480651999997 0.0
113 -0.0019286480651999997 0.0
114 -0.0019286480651999997 0.0
115 -0.0019286480651999997 0.0
116 -0.0019286480651999997 0.0
117 -0.0019286480651999997 0.0
118 -0.0019286480651999997 0.0
119 -0.0019286480651999997 0.0
120 -0.0019286480651999997 0.0
121 -0.0019286480651999997 0.0
122 -0.0019286480651999997 0.0
123 -0.0019286480651999997 0.0
124 -0.0019286480651999997 0.0
125 -0.0019286480651999997 0.0
126 -0.0019286480651999997 0.0
127 -0.0019286480651999997 0.0
128 -0.0019286480651999997 0.0
129 -0.0019286480651999997 0.0
130 -0.0019286480651999997 0.0
131 -0.0019286480651999997 0.0
132 -0.0019286480651999997 0.0
133 -0.0019286480651999997 0.0
134 -0.0019286480651999997 0.0
135 -0.0019286480651999997 0.0
136 -0.0019286480651999997 0.0
137 -0.0019286480651999997 0.0
138 -0.0019286480651999997 0.0
139 -0.0019286480651999997 0.0
140 -0.0019286480651999997 0.0
141 -0.0019286480651999997 0.0
142 -0.0019286480651999997 0.0
143 -0.0019286480651999997 0.0
144 -0.0019286480651999997 0.0
145 -0.0019286480651999997 0.0
146 -0.0019286480651999997 0.0
147 -0.0019286480651999997 0.0
148 -0.0019286480651999997 0.0
149 -0.0019286480651999997 0.0
150 -0.0019286480651999997 0.0
151 -0.0019286480651999997 0.0
152 -0.0019286480651999997 0.0
153 -0.0019286480651999997 0.0
154 -0.0019286480651999997 0.0
155 -0.0019286480651999997 0.0
156 -0.0019286480651999997 0.0
157 -0.0019286480651999997 0.0
158 -0.0019286480651999997 0.0
159 -0.0019286480651999997 0.0
160 -0.0019286480651999997 0.0
161 -0.0019286480651999997 0.0
162 -0.0019286480651999997 0.0
163 -0.0019286480651999997 0.0
164 -0.0019286480651999997 0.0
165 -0.0019286480651999997 0.0
166 -0.0019286480651999997 0.0
167 -0.0019286480651999997 0.0
168 -0.0019286480651999997 0.0
169 -0.0019286480651999997 0.0
170 -0.0019286480651999997 0.0
171 -0.0019286480651999997 0.0
172 -0.0019286480651999997 0.0
173 -0.0019286480651999997 0.0
174 -0.0019286480651999997 0.0
175 -0.0019286480651999997 0.0
176 -0.0019286480651999997 0.0
177 -0.0019286480651999997 0.0
178 -0.0019286480651999997 0.0
179 -0.0019286480651999997 0.0
180 -0.0019286480651999997 0.0
181 -0.0019286480651999997 0.0
182 -0.0019286480651999997 0.0
183 -0.0019286480651999997 0.0
184 -0.0019286480651999997 0.0
185 -0.0019286480651999997 0.0
186 -0.0019286480651999997 0.0
187 -0.0019286480651999997 0.0
188 -0.0019286480651999997 0.0
189 -0.0019286480651999997 0.0
190 -0.0019286480651999997 0.0
191 -0.0019286480651999997 0.0
192 -0.0019286480651999997 0.0
193 -0.0019286480651999997 0.0
194 -0.0019286480651999997 0.0
195 -0.0019286480651999997 0.0
196 -0.0019286480651999997 0.0
197 -0.0019286480651999997 0.0
198 -0.0019286480651999997 0.0
199 -0.0019286480651999997 0.0
200 -0.0019286480651999997 0.0
201 -0.0019238875529199772 0.0
202 -0.0019191270406399544 0.0
203 -0.0019143665283599318 0.0
204 -0.0019096060160799092 0.0
205 -0.0019048455037998864 0.0
206 -0.0019000849915198638 0.0
207 -0.0018953244792398413 0.0
208 -0.0018905639669598187 0.0
209 -0.001885803454679796 0.0
210 -0.0018810429423997733 0.0
211 -0.0018762824301197507 0.0
212 -0.001871521917839728 0.0
213 -0.0018667614055597054 0.0
214 -0.0018620008932796828 0.0
215 -0.00185724038099966 0.0
216 -0.0018524798687196374 0.0
217 -0.0018477193564396149 0.0
218 -0.001842958844159592 0.0
219 -0.0018381983318795695 0.0
220 -0.001833437819599547 0.0
221 -0.0018286773073195243 0.0
222 -0.0018239167950395015 0.0
223 -0.001819156282759479 0.0
224 -0.0018143957704794564 0.0
225 -0.0018096352581994336 0.0
226 -0.001804874745919411 0.0
227 -0.0018001142336393884 0.0
228 -0.0017953537213593659 0.0
229 -0.001790593209079343 0.0
230 -0.0017858326967993205 0.0
231 -0.0017810721845192977 0.0
232 -0.0017763116722392751 0.0
233 -0.0017715511599592526 0.0
234 -0.00176679064767923 0.0
235 -0.0017620301353992072 0.0
236 -0.0017572696231191846 0.0
237 -0.001752509110839162 0.0
238 -0.0017477485985591392 0.0
239 -0.0017429880862791167 0.0
240 -0.001738227573999094 0.0
241 -0.0017334670617190715 0.0
242 -0.0017287065494390487 0.0
243 -0.0017239460371590261 0.0
244 -0.0017191855248790034 0.0
245 -0.0017144250125989808 0.0
246 -0.0017096645003189582 0.0
247 -0.0017049039880389356 0.0
248 -0.0017001434757589128 0.0
249 -0.0016953829634788903 0.0
250 -0.0016906224511988677 0.0
251 -0.0016858619389188449 0.0
252 -0.0016811014266388223 0.0
253 -0.0016763409143587997 0.0
254 -0.0016715804020787772 0.0
255 -0.0016668198897987544 0.0
256 -0.0016620593775187318 0.0
257 -0.001657298865238709 0.0
258 -0.0016525383529586864 0.0
259 -0.0016477778406786638 0.0
260 -0.0016430173283986413 0.0
261 -0.0016382568161186187 0.0
262 -0.001633496303838596 0.0
263 -0.0016287357915585733 0.0
264 -0.0016239752792785505 0.0
265 -0.001619214766998528 0.0
266 -0.0016144542547185054 0.0
267 -0.0016096937424384828 0.0
268 -0.00160493323015846 0.0
269 -0.0016001727178784374 0.0
270 -0.0015954122055984149 0.0
271 -0.001590651693318392 0.0
272 -0.0015858911810383695 0.0
273 -0.001581130668758347 0.0
274 -0.0015763701564783241 0.0
275 -0.0015716096441983015 0.0
276 -0.001566849131918279 0.0
277 -0.0015620886196382562 0.0
278 -0.0015573281073582336 0.0
279 -0.001552567595078211 0.0
280 -0.0015478070827981884 0.0
281 -0.0015430465705181657 0.0
282 -0.001538286058238143 0.0
283 -0.0015335255459581203 0.0
284 -0.0015287650336780977 0.0
285 -0.0015240045213980751 0.0
286 -0.0015192440091180526 0.0
287 -0.00151448349683803 0.0
288 -0.0015097229845580072 0.0
289 -0.0015049624722779846 0.0
290 -0.0015002019599979618 0.0
291 -0.0014954414477179392 0.0
292 -0.0014906809354379167 0.0
293 -0.001485920423157894 0.0
294 -0.0014811599108778713 0.0
295 -0.0014763993985978487 0.0
296 -0.001471638886317826 0.0
297 -0.0014668783740378034 0.0
298 -0.0014621178617577808 0.0
299 -0.0014573573494777582 0.0
300 -0.0014525968371977354 0.0
301 -0.0014478363249177128 0.0
302 -0.0014430758126376903 0.0
303 -0.0014383153003576675 0.0
304 -0.0014335547880776449 0.0
305 -0.0014287942757976223 0.0
306 -0.0014240337635175997 0.0
307 -0.001419273251237577 0.0
308 -0.0014145127389575544 0.0
309 -0.0014097522266775316 0.0
310 -0.001404991714397509 0.0
311 -0.0014002312021174864 0.0
312 -0.0013954706898374638 0.0
313 -0.0013907101775574413 0.0
314 -0.0013859496652774185 0.0
315 -0.001381189152997396 0.0
316 -0.001376428640717373 0.0
317 -0.0013716681284373505 0.0
318 -0.001366907616157328 0.0
319 -0.0013621471038773054 0.0
320 -0.0013573865915972826 0.0
321 -0.00135262607931726 0.0
322 -0.0013478655670372374 0.0
323 -0.0013431050547572146 0.0
324 -0.001338344542477192 0.0
325 -0.0013335840301971695 0.0
326 -0.001328823517917147 0.0
327 -0.0013240630056371241 0.0
328 -0.0013193024933571015 0.0
329 -0.0013145419810770788 0.0
330 -0.0013097814687970562 0.0
331 -0.0013050209565170336 0.0
332 -0.001300260444237011 0.0
333 -0.0012954999319569884 0.0
334 -0.0012907394196769657 0.0
335 -0.0012859789073969429 0.0
336 -0.0012812183951169203 0.0
337 -0.0012764578828368977 0.0
338 -0.0012716973705568751 0.0
339 -0.0012669368582768526 0.0
340 -0.00126217634599683 0.0
341 -0.001257415833716807 0.0
342 -0.0012526553214367844 0.0
343 -0.0012478948091567618 0.0
344 -0.0012431342968767392 0.0
345 -0.0012383737845967167 0.0
346 -0.001233613272316694 0.0
347 -0.0012288527600366715 0.0
348 -0.0012240922477566485 0.0
349 -0.001219331735476626 0.0
350 -0.0012145712231966034 0.0
351 -0.0012098107109165808 0.0
352 -0.0012050501986365582 0.0
353 -0.0012002896863565356 0.0
354 -0.0011955291740765126 0.0
355 -0.00119076866179649 0.0
356 -0.0011860081495164675 0.0
357 -0.0011812476372364449 0.0
358 -0.0011764871249564223 0.0
359 -0.0011717266126763997 0.0
360 -0.001166966100396377 0.0
361 -0.0011622055881163541 0.0
362 -0.0011574450758363316 0.0
363 -0.001152684563556309 0.0
364 -0.0011479240512762864 0.0
365 -0.0011431635389962638 0.0
366 -0.001138403026716241 0.0
367 -0.0011336425144362185 0.0
368 -0.0011288820021561957 0.0
369 -0.001124121489876173 0.0
370 -0.0011193609775961505 0.0
371 -0.001114600465316128 0.0
372 -0.0011098399530361052 0.0
373 -0.0011050794407560826 0.0
374 -0.00110031892847606 0.0
375 -0.0010955584161960372 0.0
376 -0.0010907979039160146 0.0
377 -0.001086037391635992 0.0
378 -0.0010812768793559695 0.0
379 -0.0010765163670759467 0.0
380 -0.0010717558547959241 0.0
381 -0.0010669953425159015 0.0
382 -0.0010622348302358788 0.0
383 -0.0010574743179558562 0.0
384 -0.0010527138056758336 0.0
385 -0.001047953293395811 0.0
386 -0.0010431927811157882 0.0
387 -0.0010384322688357657 0.0
388 -0.0010336717565557429 0.0
389 -0.0010289112442757203 0.0
390 -0.0010241507319956977 0.0
391 -0.0010193902197156751 0.0
392 -0.0010146297074356523 0.0
393 -0.0010098691951556298 0.0
394 -0.001005108682875607 0.0
395 -0.0010003481705955844 0.0
396 -0.0009955876583155618 0.0
397 -0.0009908271460355392 0.0
398 -0.0009860666337555167 0.0
399 -0.0009813061214754939 0.0
400 -0.0009765456091954712 0.0
401 -0.0009717850969154486 0.0
402 -0.000967024584635426 0.0
403 -0.0009622640723554034 0.0
404 -0.0009575035600753808 0.0
405 -0.000952743047795358 0.0
406 -0.0009479825355153354 0.0
407 -0.0009432220232353128 0.0
408 -0.00093846151095529 0.0
409 -0.0009337009986752675 0.0
410 -0.0009289404863952449 0.0
411 -0.0009241799741152223 0.0
412 -0.0009194194618351995 0.0
413 -0.0009146589495551769 0.0
414 -0.0009098984372751542 0.0
415 -0.0009051379249951316 0.0
416 -0.000900377412715109 0.0
417 -0.0008956169004350864 0.0
418 -0.0008908563881550636 0.0
419 -0.000886095875875041 0.0
420 -0.0008813353635950183 0.0
421 -0.0008765748513149957 0.0
422 -0.0008718143390349731 0.0
423 -0.0008670538267549505 0.0
424 -0.000862293314474928 0.0
425 -0.0008575328021949052 0.0
426 -0.0008527722899148826 0.0
427 -0.0008480117776348598 0.0
428 -0.0008432512653548372 0.0
429 -0.0008384907530748146 0.0
430 -0.0008337302407947921 0.0
431 -0.0008289697285147695 0.0
432 -0.0008242092162347467 0.0
433 -0.0008194487039547239 0.0
434 -0.0008146881916747013 0.0
435 -0.0008099276793946788 0.0
436 -0.0008051671671146562 0.0
437 -0.0008004066548346336 0.0
438 -0.000795646142554611 0.0
439 -0.000790885630274588 0.0
440 -0.0007861251179945654 0.0
441 -0.0007813646057145429 0.0
442 -0.0007766040934345203 0.0
443 -0.0007718435811544977 0.0
444 -0.0007670830688744751 0.0
445 -0.0007623225565944523 0.0
446 -0.0007575620443144295 0.0
447 -0.000752801532034407 0.0
448 -0.0007480410197543844 0.0
449 -0.0007432805074743618 0.0
450 -0.0007385199951943392 0.0
451 -0.0007337594829143165 0.0
452 -0.0007289989706342939 0.0
453 -0.0007242384583542711 0.0
454 -0.0007194779460742485 0.0
455 -0.0007147174337942259 0.0
456 -0.0007099569215142034 0.0
457 -0.0007051964092341808 0.0
458 -0.000700435896954158 0.0
459 -0.0006956753846741354 0.0
460 -0.0006909148723941126 0.0
461 -0.00068615436011409 0.0
462 -0.0006813938478340675 0.0
463 -0.0006766333355540449 0.0
464 -0.0006718728232740221 0.0
465 -0.0006671123109939995 0.0
466 -0.0006623517987139769 0.0
467 -0.0006575912864339542 0.0
468 -0.0006528307741539316 0.0
469 -0.000648070261873909 0.0
470 -0.0006433097495938862 0.0
471 -0.0006385492373138636 0.0
472 -0.000633788725033841 0.0
473 -0.0006290282127538185 0.0
474 -0.0006242677004737957 0.0
475 -0.0006195071881937731 0.0
476 -0.0006147466759137503 0.0
477 -0.0006099861636337277 0.0
478 -0.0006052256513537052 0.0
479 -0.0006004651390736826 0.0
480 -0.00059570462679366 0.0
481 -0.0005909441145136372 0.0
482 -0.0005861836022336144 0.0
483 -0.0005814230899535919 0.0
484 -0.0005766625776735693 0.0
485 -0.0005719020653935467 0.0
486 -0.0005671415531135241 0.0
487 -0.0005623810408335015 0.0
488 -0.0005576205285534788 0.0
489 -0.000552860016273456 0.0
490 -0.0005480995039934334 0.0
491 -0.0005433389917134108 0.0
492 -0.0005385784794333882 0.0
493 -0.0005338179671533657 0.0
494 -0.0005290574548733431 0.0
495 -0.0005242969425933201 0.0
496 -0.0005195364303132975 0.0
497 -0.0005147759180332749 0.0
498 -0.0005100154057532523 0.0
499 -0.0005052548934732298 0.0
500 -0.0005004943811932072 0.0
501 -0.0004957338689131842 0.0
502 -0.0004909733566331616 0.0
503 -0.00048621284435313903 0.0
504 -0.00048145233207311645 0.0
505 -0.0004766918197930939 0.0
506 -0.0004719313075130713 0.0
507 -0.0004671707952330485 0.0
508 -0.0004624102829530257 0.0
509 -0.00045764977067300314 0.0
510 -0.00045288925839298056 0.0
511 -0.000448128746112958 0.0
512 -0.0004433682338329354 0.0
513 -0.0004386077215529126 0.0
514 -0.00043384720927289004 0.0
515 -0.00042908669699286725 0.0
516 -0.00042432618471284467 0.0
517 -0.0004195656724328221 0.0
518 -0.0004148051601527995 0.0
519 -0.00041004464787277673 0.0
520 -0.00040528413559275415 0.0
521 -0.0004005236233127316 0.0
522 -0.0003957631110327088 0.0
523 -0.0003910025987526862 0.0
524 -0.00038624208647266363 0.0
525 -0.00038148157419264105 0.0
526 -0.00037672106191261826 0.0
527 -0.0003719605496325957 0.0
528 -0.0003672000373525731 0.0
529 -0.0003624395250725503 0.0
530 -0.00035767901279252774 0.0
531 -0.00035291850051250516 0.0
532 -0.00034815798823248237 0.0
533 -0.0003433974759524598 0.0
534 -0.0003386369636724372 0.0
535 -0.00033387645139241464 0.0
536 -0.00032911593911239185 0.0
537 -0.0003243554268323693 0.0
538 -0.0003195949145523465 0.0
539 -0.0003148344022723239 0.0
540 -0.00031007388999230133 0.0
541 -0.00030531337771227875 0.0
542 -0.0003005528654322562 0.0
543 -0.0002957923531522334 0.0
544 -0.0002910318408722106 0.0
545 -0.000286271328592188 0.0
546 -0.00028151081631216544 0.0
547 -0.00027675030403214286 0.0
548 -0.0002719897917521203 0.0
549 -0.0002672292794720977 0.0
550 -0.0002624687671920749 0.0
551 -0.0002577082549120521 0.0
552 -0.00025294774263202955 0.0
553 -0.000248187230352007 0.0
554 -0.0002434267180719844 0.0
555 -0.00023866620579196182 0.0
556 -0.00023390569351193925 0.0
557 -0.00022914518123191624 0.0
558 -0.00022438466895189366 0.0
559 -0.00021962415667187108 0.0
560 -0.0002148636443918485 0.0
561 -0.00021010313211182593 0.0
562 -0.00020534261983180336 0.0
563 -0.00020058210755178056 0.0
564 -0.00019582159527175777 0.0
565 -0.0001910610829917352 0.0
566 -0.00018630057071171262 0.0
567 -0.00018154005843169004 0.0
568 -0.00017677954615166747 0.0
569 -0.00017201903387164467 0.0
570 -0.0001672585215916221 0.0
571 -0.0001624980093115993 0.0
572 -0.00015773749703157673 0.0
573 -0.00015297698475155415 0.0
574 -0.00014821647247153158 0.0
575 -0.00014345596019150878 0.0
576 -0.0001386954479114862 0.0
577 -0.00013393493563146363 0.0
578 -0.00012917442335144084 0.0
579 -0.00012441391107141826 0.0
580 -0.00011965339879139569 0.0
581 -0.0001148928865113729 0.0
582 -0.00011013237423135032 0.0
583 -0.00010537186195132774 0.0
584 -0.00010061134967130495 0.0
585 -9.585083739128237e-05 0.0
586 -9.10903251112598e-05 0.0
587 -8.632981283123722e-05 0.0
588 -8.156930055121443e-05 0.0
589 -7.680878827119185e-05 0.0
590 -7.204827599116928e-05 0.0
591 -6.728776371114648e-05 0.0
592 -6.25272514311239e-05 0.0
593 -5.776673915110133e-05 0.0
594 -5.300622687107854e-05 0.0
595 -4.824571459105596e-05 0.0
596 -4.3485202311033385e-05 0.0
597 -3.872469003101081e-05 0.0
598 -3.3964177750988016e-05 0.0
599 -2.920366547096544e-05 0.0
600 -2.4443153190942648e-05 0.0
601 -1.968264091092029e-05 0.0
602 -1.4922128630897495e-05 0.0
603 -1.0161616350874703e-05 0.0
604 -5.401104070852343e-06 0.0
605 -6.405917908295505e-07 0.0
606 4.1199204891930255e-06 0.0
607 8.880432769215818e-06 0.0
608 1.3640945049238178e-05 0.0
609 1.840145732926097e-05 0.0
610 2.3161969609283763e-05 0.0
611 2.792248188930634e-05 0.0
612 3.2682994169328915e-05 0.0
613 3.744350644935149e-05 0.0
614 4.220401872937407e-05 0.0
615 4.6964531009396644e-05 0.0
616 5.172504328941965e-05 0.0
617 5.648555556944223e-05 0.0
618 6.12460678494648e-05 0.0
619 6.600658012948738e-05 0.0
620 7.076709240950996e-05 0.0
621 7.552760468953253e-05 0.0
622 8.028811696955511e-05 0.0
623 8.504862924957812e-05 0.0
624 8.98091415296007e-05 0.0
625 9.456965380962327e-05 0.0
626 9.933016608964585e-05 0.0
627 0.00010409067836966842 0.0
628 0.00010885119064969143 0.0
629 0.00011361170292971401 0.0
630 0.00011837221520973659 0.0
631 0.00012313272748975916 0.0
632 0.00012789323976978174 0.0
633 0.0001326537520498043 0.0
634 0.0001374142643298269 0.0
635 0.0001421747766098499 0.0
636 0.00014693528888987248 0.0
637 0.00015169580116989505 0.0
638 0.00015645631344991763 0.0
639 0.0001612168257299402 0.0
640 0.0001659773380099632 0.0
641 0.00017073785028998536 0.0
642 0.00017549836257000836 0.0
643 0.00018025887485003094 0.0
644 0.00018501938713005352 0.0
645 0.0001897798994100761 0.0
646 0.00019454041169009867 0.0
647 0.00019930092397012168 0.0
648 0.00020406143625014382 0.0
649 0.00020882194853016683 0.0
650 0.0002135824608101894 0.0
651 0.00021834297309021198 0.0
652 0.00022310348537023456 0.0
653 0.00022786399765025714 0.0
654 0.00023262450993028014 0.0
655 0.0002373850222103023 0.0
656 0.0002421455344903253 0.0
657 0.00024690604677034787 0.0
658 0.00025166655905037045 0.0
659 0.00025642707133039346 0.0
660 0.0002611875836104156 0.0
661 0.0002659480958904386 0.0
662 0.00027070860817046075 0.0
663 0.00027546912045048376 0.0
664 0.00028022963273050634 0.0
665 0.0002849901450105289 0.0
666 0.0002897506572905519 0.0
667 0.00029451116957057407 0.0
668 0.0002992716818505971 0.0
669 0.0003040321941306192 0.0
670 0.00030879270641064223 0.0
671 0.00031355321869066524 0.0
672 0.0003183137309706874 0.0
673 0.0003230742432507104 0.0
674 0.00032783475553073253 0.0
675 0.00033259526781075554 0.0
676 0.0003373557800907777 0.0
677 0.0003421162923708007 0.0
678 0.0003468768046508237 0.0
679 0.00035163731693084585 0.0
680 0.00035639782921086886 0.0
681 0.000361158341490891 0.0
682 0.000365918853770914 0.0
683 0.00037067936605093615 0.0
684 0.00037543987833095916 0.0
685 0.00038020039061098217 0.0
686 0.0003849609028910043 0.0
687 0.0003897214151710273 0.0
688 0.00039448192745104946 0.0
689 0.0003992424397310725 0.0
690 0.00040400295201109505 0.0
691 0.0004087634642911176 0.0
692 0.00041352397657114064 0.0
693 0.0004182844888511628 0.0
694 0.0004230450011311858 0.0
695 0.00042780551341120793 0.0
696 0.00043256602569123094 0.0
697 0.0004373265379712535 0.0
698 0.0004420870502512761 0.0
699 0.0004468475625312991 0.0
700 0.00045160807481132124 0.0
701 0.00045636858709134425 0.0
702 0.00046112909937136683 0.0
703 0.0004658896116513894 0.0
704 0.000470650123931412 0.0
705 0.00047541063621143456 0.0
706 0.00048017114849145757 0.0
707 0.0004849316607714797 0.0
708 0.0004896921730515027 0.0
709 0.0004944526853315253 0.0
710 0.0004992131976115479 0.0
711 0.0005039737098915704 0.0
712 0.000508734222171593 0.0
713 0.000513494734451616 0.0
714 0.0005182552467316382 0.0
715 0.0005230157590116612 0.0
716 0.0005277762712916838 0.0
717 0.0005325367835717063 0.0
718 0.0005372972958517289 0.0
719 0.0005420578081317515 0.0
720 0.0005468183204117745 0.0
721 0.0005515788326917971 0.0
722 0.0005563393449718197 0.0
723 0.0005610998572518422 0.0
724 0.0005658603695318648 0.0
725 0.0005706208818118874 0.0
726 0.00057538139409191 0.0
727 0.000580141906371933 0.0
728 0.0005849024186519555 0.0
729 0.0005896629309319781 0.0
730 0.0005944234432120007 0.0
731 0.0005991839554920233 0.0
732 0.0006039444677720458 0.0
733 0.0006087049800520689 0.0
734 0.0006134654923320914 0.0
735 0.000618226004612114 0.0
736 0.0006229865168921366 0.0
737 0.0006277470291721592 0.0
738 0.0006325075414521817 0.0
739 0.0006372680537322043 0.0
740 0.0006420285660122273 0.0
741 0.0006467890782922499 0.0
742 0.0006515495905722725 0.0
743 0.000656310102852295 0.0
744 0.0006610706151323176 0.0
745 0.0006658311274123402 0.0
746 0.0006705916396923628 0.0
747 0.0006753521519723858 0.0
748 0.0006801126642524084 0.0
749 0.0006848731765324309 0.0
750 0.0006896336888124535 0.0
751 0.0006943942010924761 0.0
752 0.0006991547133724991 0.0
753 0.0007039152256525212 0.0
754 0.0007086757379325443 0.0
755 0.0007134362502125668 0.0
756 0.0007181967624925894 0.0
757 0.000722957274772612 0.0
758 0.0007277177870526346 0.0
759 0.0007324782993326576 0.0
760 0.0007372388116126797 0.0
761 0.0007419993238927027 0.0
762 0.0007467598361727253 0.0
763 0.0007515203484527479 0.0
764 0.0007562808607327709 0.0
765 0.000761041373012793 0.0
766 0.000765801885292816 0.0
767 0.0007705623975728382 0.0
768 0.0007753229098528612 0.0
769 0.0007800834221328838 0.0
770 0.0007848439344129063 0.0
771 0.0007896044466929293 0.0
772 0.0007943649589729515 0.0
773 0.0007991254712529745 0.0
774 0.0008038859835329966 0.0
775 0.0008086464958130197 0.0
776 0.0008134070080930422 0.0
777 0.0008181675203730648 0.0
778 0.0008229280326530878 0.0
779 0.00082768854493311 0.0
780 0.000832449057213133 0.0
781 0.0008372095694931551 0.0
782 0.0008419700817731781 0.0
783 0.0008467305940532011 0.0
784 0.0008514911063332233 0.0
785 0.0008562516186132463 0.0
786 0.0008610121308932684 0.0
787 0.0008657726431732914 0.0
788 0.0008705331554533136 0.0
789 0.0008752936677333366 0.0
790 0.0008800541800133596 0.0
791 0.0008848146922933817 0.0
792 0.0008895752045734047 0.0
793 0.0008943357168534269 0.0
794 0.0008990962291334499 0.0
795 0.0009038567414134725 0.0
796 0.000908617253693495 0.0
797 0.0009133777659735181 0.0
798 0.0009181382782535402 0.0
799 0.0009228987905335632 0.0
800 0.0009276593028135854 0.0
801 0.0009324198150936084 0.0
802 0.0009371803273736314 0.0
803 0.0009419408396536535 0.0
804 0.0009467013519336765 0.0
805 0.0009514618642136987 0.0
806 0.0009562223764937217 0.0
807 0.0009609828887737443 0.0
808 0.0009657434010537668 0.0
809 0.0009705039133337898 0.0
810 0.000975264425613812 0.0
811 0.000980024937893835 0.0
812 0.0009847854501738571 0.0
813 0.0009895459624538801 0.0
814 0.0009943064747339027 0.0
815 0.0009990669870139253 0.0
816 0.0010038274992939483 0.0
817 0.0010085880115739704 0.0
818 0.0010133485238539935 0.0
819 0.0010181090361340156 0.0
820 0.0010228695484140386 0.0
821 0.0010276300606940612 0.0
822 0.0010323905729740838 0.0
823 0.0010371510852541068 0.0
824 0.001041911597534129 0.0
825 0.001046672109814152 0.0
826 0.0010514326220941745 0.0
827 0.001056193134374197 0.0
828 0.0010609536466542197 0.0
829 0.0010657141589342422 0.0
830 0.0010704746712142652 0.0
831 0.0010752351834942874 0.0
832 0.0010799956957743104 0.0
833 0.001084756208054333 0.0
834 0.0010895167203343555 0.0
835 0.0010942772326143781 0.0
836 0.0010990377448944007 0.0
837 0.0011037982571744237 0.0
838 0.0011085587694544463 0.0
839 0.0011133192817344689 0.0
840 0.0011180797940144914 0.0
841 0.001122840306294514 0.0
842 0.0011276008185745366 0.0
843 0.0011323613308545592 0.0
844 0.0011371218431345822 0.0
845 0.0011418823554146047 0.0
846 0.0011466428676946273 0.0
847 0.00115140337997465 0.0
848 0.0011561638922546725 0.0
849 0.001160924404534695 0.0
850 0.0011656849168147176 0.0
851 0.0011704454290947406 0.0
852 0.0011752059413747632 0.0
853 0.0011799664536547858 0.0
854 0.0011847269659348084 0.0
855 0.001189487478214831 0.0
856 0.0011942479904948535 0.0
857 0.0011990085027748765 0.0
858 0.001203769015054899 0.0
859 0.0012085295273349217 0.0
860 0.0012132900396149443 0.0
861 0.0012180505518949668 0.0
862 0.0012228110641749894 0.0
863 0.001227571576455012 0.0
864 0.001232332088735035 0.0
865 0.0012370926010150576 0.0
866 0.0012418531132950801 0.0
867 0.0012466136255751027 0.0
868 0.0012513741378551253 0.0
869 0.0012561346501351479 0.0
870 0.0012608951624151704 0.0
871 0.0012656556746951935 0.0
872 0.001270416186975216 0.0
873 0.0012751766992552386 0.0
874 0.0012799372115352612 0.0
875 0.0012846977238152838 0.0
876 0.0012894582360953068 0.0
877 0.001294218748375329 0.0
878 0.001298979260655352 0.0
879 0.0013037397729353745 0.0
880 0.001308500285215397 0.0
881 0.0013132607974954197 0.0
882 0.0013180213097754422 0.0
883 0.0013227818220554652 0.0
884 0.0013275423343354874 0.0
885 0.0013323028466155104 0.0
886 0.001337063358895533 0.0
887 0.0013418238711755555 0.0
888 0.0013465843834555785 0.0
889 0.0013513448957356007 0.0
890 0.0013561054080156237 0.0
891 0.0013608659202956458 0.0
892 0.0013656264325756689 0.0
893 0.0013703869448556914 0.0
894 0.001375147457135714 0.0
895 0.001379907969415737 0.0
896 0.0013846684816957592 0.0
897 0.0013894289939757822 0.0
898 0.0013941895062558043 0.0
899 0.0013989500185358273 0.0
900 0.00140371053081585 0.0
901 0.0014084710430958725 0.0
902 0.0014132315553758955 0.0
903 0.0014179920676559176 0.0
904 0.0014227525799359406 0.0
905 0.0014275130922159628 0.0
906 0.0014322736044959858 0.0
907 0.0014370341167760088 0.0
908 0.001441794629056031 0.0
909 0.001446555141336054 0.0
910 0.001451315653616076 0.0
911 0.001456076165896099 0.0
912 0.0014608366781761212 0.0
913 0.0014655971904561443 0.0
914 0.0014703577027361673 0.0
915 0.0014751182150161894 0.0
916 0.0014798787272962124 0.0
917 0.0014846392395762346 0.0
918 0.0014893997518562576 0.0
919 0.0014941602641362801 0.0
920 0.0014989207764163027 0.0
921 0.0015036812886963257 0.0
922 0.0015084418009763479 0.0
923 0.0015132023132563709 0.0
924 0.001517962825536393 0.0
925 0.001522723337816416 0.0
926 0.0015274838500964386 0.0
927 0.0015322443623764612 0.0
928 0.0015370048746564842 0.0
929 0.0015417653869365063 0.0
930 0.0015465258992165293 0.0
931 0.001551286411496552 0.0
932 0.0015560469237765745 0.0
933 0.001560807436056597 0.0
934 0.0015655679483366196 0.0
935 0.0015703284606166427 0.0
936 0.0015750889728966648 0.0
937 0.0015798494851766878 0.0
938 0.0015846099974567104 0.0
939 0.001589370509736733 0.0
940 0.0015941310220167555 0.0
941 0.0015988915342967781 0.0
942 0.0016036520465768011 0.0
943 0.0016084125588568233 0.0
944 0.0016131730711368463 0.0
945 0.0016179335834168689 0.0
946 0.0016226940956968914 0.0
947 0.001627454607976914 0.0
948 0.0016322151202569366 0.0
949 0.0016369756325369596 0.0
950 0.0016417361448169822 0.0
951 0.0016464966570970047 0.0
952 0.0016512571693770273 0.0
953 0.00165601768165705 0.0
954 0.0016607781939370725 0.0
955 0.001665538706217095 0.0
956 0.001670299218497118 0.0
957 0.0016750597307771406 0.0
958 0.0016798202430571632 0.0
959 0.0016845807553371858 0.0
960 0.0016893412676172084 0.0
961 0.001694101779897231 0.0
962 0.001698862292177254 0.0
963 0.0017036228044572765 0.0
964 0.001708383316737299 0.0
965 0.0017131438290173217 0.0
966 0.0017179043412973443 0.0
967 0.0017226648535773668 0.0
968 0.0017274253658573898 0.0
969 0.0017321858781374124 0.0
970 0.001736946390417435 0.0
971 0.0017417069026974576 0.0
972 0.0017464674149774801 0.0
973 0.0017512279272575027 0.0
974 0.0017559884395375253 0.0
975 0.0017607489518175483 0.0
976 0.0017655094640975709 0.0
977 0.0017702699763775935 0.0
978 0.001775030488657616 0.0
979 0.0017797910009376386 0.0
980 0.0017845515132176612 0.0
981 0.0017893120254976842 0.0
982 0.0017940725377777068 0.0
983 0.0017988330500577293 0.0
984 0.001803593562337752 0.0
985 0.0018083540746177745 0.0
986 0.001813114586897797 0.0
987 0.0018178750991778196 0.0
988 0.0018226356114578427 0.0
989 0.0018273961237378652 0.0
990 0.0018321566360178878 0.0
991 0.0018369171482979104 0.0
992 0.001841677660577933 0.0
993 0.001846438172857956 0.0
994 0.0018511986851379781 0.0
995 0.0018559591974180011 0.0
996 0.0018607197096980237 0.0
997 0.0018654802219780463 0.0
998 0.0018702407342580689 0.0
999 0.0018750012465380914 0.0
1000 [0.001875] 0.0
1001 [0.001875] 0.0
1002 [0.001875] 0.0
1003 [0.001875] 0.0
1004 [0.001875] 0.0
1005 [0.001875] 0.0
1006 [0.001875] 0.0
1007 [0.001875] 0.0
1008 [0.001875] 0.0
1009 [0.001875] 0.0
1010 [0.001875] 0.0
1011 [0.001875] 0.0
1012 [0.001875] 0.0
1013 [0.001875] 0.0
1014 [0.001875] 0.0
1015 [0.001875] 0.0
1016 [0.001875] 0.0
1017 [0.001875] 0.0
1018 [0.001875] 0.0
1019 [0.001875] 0.0
1020 [0.001875] 0.0
1021 [0.001875] 0.0
1022 [0.001875] 0.0
1023 [0.001875] 0.0
1024 [0.001875] 0.0
1025 [0.001875] 0.0
1026 [0.001875] 0.0
1027 [0.001875] 0.0
1028 [0.001875] 0.0
1029 [0.001875] 0.0
1030 [0.001875] 0.0
1031 [0.001875] 0.0
1032 [0.001875] 0.0
1033 [0.001875] 0.0
1034 [0.001875] 0.0
1035 [0.001875] 0.0
1036 [0.001875] 0.0
1037 [0.001875] 0.0
1038 [0.001875] 0.0
1039 [0.001875] 0.0
1040 [0.001875] 0.0
1041 [0.001875] 0.0
1042 [0.001875] 0.0
1043 [0.001875] 0.0
1044 [0.001875] 0.0
1045 [0.001875] 0.0
1046 [0.001875] 0.0
1047 [0.001875] 0.0
1048 [0.001875] 0.0
1049 [0.001875] 0.0
1050 [0.001875] 0.0
1051 [0.001875] 0.0
1052 [0.001875] 0.0
1053 [0.001875] 0.0
1054 [0.001875] 0.0
1055 [0.001875] 0.0
1056 [0.001875] 0.0
1057 [0.001875] 0.0
1058 [0.001875] 0.0
1059 [0.001875] 0.0
1060 [0.001875] 0.0
1061 [0.001875] 0.0
1062 [0.001875] 0.0
1063 [0.001875] 0.0
1064 [0.001875] 0.0
1065 [0.001875] 0.0
1066 [0.001875] 0.0
1067 [0.001875] 0.0
1068 [0.001875] 0.0
1069 [0.001875] 0.0
1070 [0.001875] 0.0
1071 [0.001875] 0.0
1072 [0.001875] 0.0
1073 [0.001875] 0.0
1074 [0.001875] 0.0
1075 [0.001875] 0.0
1076 [0.001875] 0.0
1077 [0.001875] 0.0
1078 [0.001875] 0.0
1079 [0.001875] 0.0
1080 [0.001875] 0.0
1081 [0.001875] 0.0
1082 [0.001875] 0.0
1083 [0.001875] 0.0
1084 [0.001875] 0.0
1085 [0.001875] 0.0
1086 [0.001875] 0.0
1087 [0.001875] 0.0
1088 [0.001875] 0.0
1089 [0.001875] 0.0
1090 [0.001875] 0.0
1091 [0.001875] 0.0
1092 [0.001875] 0.0
1093 [0.001875] 0.0
1094 [0.001875] 0.0
1095 [0.001875] 0.0
1096 [0.001875] 0.0
1097 [0.001875] 0.0
1098 [0.001875] 0.0
1099 [0.001875] 0.0
1100 [0.001875] 0.0
1101 [0.001875] 0.0
1102 [0.001875] 0.0
1103 [0.001875] 0.0
1104 [0.001875] 0.0
1105 [0.001875] 0.0
1106 [0.001875] 0.0
1107 [0.001875] 0.0
1108 [0.001875] 0.0
1109 [0.001875] 0.0
1110 [0.001875] 0.0
1111 [0.001875] 0.0
1112 [0.001875] 0.0
1113 [0.001875] 0.0
1114 [0.001875] 0.0
1115 [0.001875] 0.0
1116 [0.001875] 0.0
1117 [0.001875] 0.0
1118 [0.001875] 0.0
1119 [0.001875] 0.0
1120 [0.001875] 0.0
1121 [0.001875] 0.0
1122 [0.001875] 0.0
1123 [0.001875] 0.0
1124 [0.001875] 0.0
1125 [0.001875] 0.0
1126 [0.001875] 0.0
1127 [0.001875] 0.0
1128 [0.001875] 0.0
1129 [0.001875] 0.0
1130 [0.001875] 0.0
1131 [0.001875] 0.0
1132 [0.001875] 0.0
1133 [0.001875] 0.0
1134 [0.001875] 0.0
1135 [0.001875] 0.0
1136 [0.001875] 0.0
1137 [0.001875] 0.0
1138 [0.001875] 0.0
1139 [0.001875] 0.0
1140 [0.001875] 0.0
1141 [0.001875] 0.0
1142 [0.001875] 0.0
1143 [0.001875] 0.0
1144 [0.001875] 0.0
1145 [0.001875] 0.0
1146 [0.001875] 0.0
1147 [0.001875] 0.0
1148 [0.001875] 0.0
1149 [0.001875] 0.0
1150 [0.001875] 0.0
1151 [0.001875] 0.0
1152 [0.001875] 0.0
1153 [0.001875] 0.0
1154 [0.001875] 0.0
1155 [0.001875] 0.0
1156 [0.001875] 0.0
1157 [0.001875] 0.0
1158 [0.001875] 0.0
1159 [0.001875] 0.0
1160 [0.001875] 0.0
1161 [0.001875] 0.0
1162 [0.001875] 0.0
1163 [0.001875] 0.0
1164 [0.001875] 0.0
1165 [0.001875] 0.0
1166 [0.001875] 0.0
1167 [0.001875] 0.0
1168 [0.001875] 0.0
1169 [0.001875] 0.0
1170 [0.001875] 0.0
1171 [0.001875] 0.0
1172 [0.001875] 0.0
1173 [0.001875] 0.0
1174 [0.001875] 0.0
1175 [0.001875] 0.0
1176 [0.001875] 0.0
1177 [0.001875] 0.0
1178 [0.001875] 0.0
1179 [0.001875] 0.0
1180 [0.001875] 0.0
1181 [0.001875] 0.0
1182 [0.001875] 0.0
1183 [0.001875] 0.0
1184 [0.001875] 0.0
1185 [0.001875] 0.0
1186 [0.001875] 0.0
1187 [0.001875] 0.0
1188 [0.001875] 0.0
1189 [0.001875] 0.0
1190 [0.001875] 0.0
1191 [0.001875] 0.0
1192 [0.001875] 0.0
1193 [0.001875] 0.0
1194 [0.001875] 0.0
1195 [0.001875] 0.0
1196 [0.001875] 0.0
1197 [0.001875] 0.0
1198 [0.001875] 0.0
1199 [0.001875] 0.0
1200 0.0018750012465380914 0.0
1201 0.0018702407342580684 0.0
1202 0.0018654802219780463 0.0
1203 0.0018607197096980233 0.0
1204 0.0018559591974180011 0.0
1205 0.0018511986851379781 0.0
1206 0.001846438172857956 0.0
1207 0.001841677660577933 0.0
1208 0.00183691714829791 0.0
1209 0.0018321566360178878 0.0
1210 0.0018273961237378648 0.0
1211 0.0018226356114578427 0.0
1212 0.0018178750991778196 0.0
1213 0.001813114586897797 0.0
1214 0.0018083540746177745 0.0
1215 0.0018035935623377515 0.0
1216 0.0017988330500577293 0.0
1217 0.0017940725377777063 0.0
1218 0.0017893120254976842 0.0
1219 0.0017845515132176612 0.0
1220 0.0017797910009376386 0.0
1221 0.001775030488657616 0.0
1222 0.001770269976377593 0.0
1223 0.0017655094640975709 0.0
1224 0.0017607489518175479 0.0
1225 0.0017559884395375253 0.0
1226 0.0017512279272575027 0.0
1227 0.0017464674149774801 0.0
1228 0.0017417069026974576 0.0
1229 0.0017369463904174346 0.0
1230 0.0017321858781374124 0.0
1231 0.0017274253658573894 0.0
1232 0.0017226648535773668 0.0
1233 0.0017179043412973443 0.0
1234 0.0017131438290173217 0.0
1235 0.001708383316737299 0.0
1236 0.001703622804457276 0.0
1237 0.001698862292177254 0.0
1238 0.001694101779897231 0.0
1239 0.0016893412676172084 0.0
1240 0.0016845807553371858 0.0
1241 0.0016798202430571632 0.0
1242 0.0016750597307771406 0.0
1243 0.0016702992184971176 0.0
1244 0.001665538706217095 0.0
1245 0.0016607781939370725 0.0
1246 0.00165601768165705 0.0
1247 0.0016512571693770273 0.0
1248 0.0016464966570970043 0.0
1249 0.0016417361448169822 0.0
1250 0.0016369756325369592 0.0
1251 0.0016322151202569366 0.0
1252 0.001627454607976914 0.0
1253 0.0016226940956968914 0.0
1254 0.0016179335834168689 0.0
1255 0.0016131730711368463 0.0
1256 0.0016084125588568233 0.0
1257 0.0016036520465768007 0.0
1258 0.0015988915342967781 0.0
1259 0.0015941310220167555 0.0
1260 0.001589370509736733 0.0
1261 0.0015846099974567104 0.0
1262 0.0015798494851766874 0.0
1263 0.0015750889728966648 0.0
1264 0.0015703284606166422 0.0
1265 0.0015655679483366196 0.0
1266 0.001560807436056597 0.0
1267 0.0015560469237765745 0.0
1268 0.001551286411496552 0.0
1269 0.0015465258992165293 0.0
1270 0.0015417653869365063 0.0
1271 0.0015370048746564838 0.0
1272 0.0015322443623764612 0.0
1273 0.0015274838500964386 0.0
1274 0.001522723337816416 0.0
1275 0.001517962825536393 0.0
1276 0.0015132023132563704 0.0
1277 0.0015084418009763479 0.0
1278 0.0015036812886963253 0.0
1279 0.0014989207764163027 0.0
1280 0.0014941602641362801 0.0
1281 0.0014893997518562576 0.0
1282 0.0014846392395762346 0.0
1283 0.0014798787272962124 0.0
1284 0.0014751182150161894 0.0
1285 0.0014703577027361668 0.0
1286 0.0014655971904561443 0.0
1287 0.0014608366781761212 0.0
1288 0.001456076165896099 0.0
1289 0.001451315653616076 0.0
1290 0.0014465551413360535 0.0
1291 0.001441794629056031 0.0
1292 0.0014370341167760084 0.0
1293 0.0014322736044959858 0.0
1294 0.0014275130922159628 0.0
1295 0.0014227525799359406 0.0
1296 0.0014179920676559176 0.0
1297 0.0014132315553758955 0.0
1298 0.0014084710430958725 0.0
1299 0.00140371053081585 0.0
1300 0.0013989500185358273 0.0
1301 0.0013941895062558043 0.0
1302 0.0013894289939757822 0.0
1303 0.0013846684816957592 0.0
1304 0.0013799079694157366 0.0
1305 0.001375147457135714 0.0
1306 0.001370386944855691 0.0
1307 0.0013656264325756689 0.0
1308 0.0013608659202956458 0.0
1309 0.0013561054080156233 0.0
1310 0.0013513448957356007 0.0
1311 0.0013465843834555785 0.0
1312 0.0013418238711755555 0.0
1313 0.0013370633588955325 0.0
1314 0.0013323028466155104 0.0
1315 0.0013275423343354874 0.0
1316 0.0013227818220554652 0.0
1317 0.0013180213097754422 0.0
1318 0.0013132607974954192 0.0
1319 0.001308500285215397 0.0
1320 0.001303739772935374 0.0
1321 0.001298979260655352 0.0
1322 0.001294218748375329 0.0
1323 0.0012894582360953063 0.0
1324 0.0012846977238152838 0.0
1325 0.0012799372115352612 0.0
1326 0.0012751766992552386 0.0
1327 0.0012704161869752156 0.0
1328 0.0012656556746951935 0.0
1329 0.0012608951624151704 0.0
1330 0.0012561346501351479 0.0
1331 0.0012513741378551253 0.0
1332 0.0012466136255751023 0.0
1333 0.0012418531132950801 0.0
1334 0.0012370926010150571 0.0
1335 0.001232332088735035 0.0
1336 0.001227571576455012 0.0
1337 0.001222811064174989 0.0
1338 0.0012180505518949668 0.0
1339 0.0012132900396149443 0.0
1340 0.0012085295273349217 0.0
1341 0.0012037690150548987 0.0
1342 0.0011990085027748765 0.0
1343 0.0011942479904948535 0.0
1344 0.001189487478214831 0.0
1345 0.0011847269659348084 0.0
1346 0.0011799664536547854 0.0
1347 0.0011752059413747632 0.0
1348 0.0011704454290947402 0.0
1349 0.0011656849168147176 0.0
1350 0.001160924404534695 0.0
1351 0.001156163892254672 0.0
1352 0.00115140337997465 0.0
1353 0.0011466428676946273 0.0
1354 0.0011418823554146047 0.0
1355 0.0011371218431345817 0.0
1356 0.0011323613308545592 0.0
1357 0.0011276008185745366 0.0
1358 0.001122840306294514 0.0
1359 0.0011180797940144914 0.0
1360 0.0011133192817344684 0.0
1361 0.0011085587694544463 0.0
1362 0.0011037982571744233 0.0
1363 0.0010990377448944007 0.0
1364 0.0010942772326143781 0.0
1365 0.001089516720334355 0.0
1366 0.001084756208054333 0.0
1367 0.0010799956957743104 0.0
1368 0.0010752351834942874 0.0
1369 0.0010704746712142648 0.0
1370 0.0010657141589342422 0.0
1371 0.0010609536466542197 0.0
1372 0.001056193134374197 0.0
1373 0.0010514326220941745 0.0
1374 0.0010466721098141515 0.0
1375 0.001041911597534129 0.0
1376 0.0010371510852541063 0.0
1377 0.0010323905729740838 0.0
1378 0.0010276300606940612 0.0
1379 0.0010228695484140382 0.0
1380 0.0010181090361340156 0.0
1381 0.0010133485238539935 0.0
1382 0.0010085880115739704 0.0
1383 0.0010038274992939479 0.0
1384 0.0009990669870139253 0.0
1385 0.0009943064747339027 0.0
1386 0.0009895459624538801 0.0
1387 0.0009847854501738571 0.0
1388 0.0009800249378938346 0.0
1389 0.000975264425613812 0.0
1390 0.0009705039133337894 0.0
1391 0.0009657434010537668 0.0
1392 0.0009609828887737443 0.0
1393 0.0009562223764937212 0.0
1394 0.0009514618642136987 0.0
1395 0.0009467013519336765 0.0
1396 0.0009419408396536535 0.0
1397 0.0009371803273736309 0.0
1398 0.0009324198150936084 0.0
1399 0.0009276593028135854 0.0
1400 0.0009228987905335632 0.0
1401 0.0009181382782535402 0.0
1402 0.0009133777659735176 0.0
1403 0.000908617253693495 0.0
1404 0.0009038567414134729 0.0
1405 0.0008990962291334499 0.0
1406 0.0008943357168534269 0.0
1407 0.0008895752045734043 0.0
1408 0.0008848146922933817 0.0
1409 0.0008800541800133596 0.0
1410 0.0008752936677333366 0.0
1411 0.0008705331554533136 0.0
1412 0.000865772643173291 0.0
1413 0.0008610121308932684 0.0
1414 0.0008562516186132463 0.0
1415 0.0008514911063332233 0.0
1416 0.0008467305940532007 0.0
1417 0.0008419700817731781 0.0
1418 0.0008372095694931551 0.0
1419 0.000832449057213133 0.0
1420 0.00082768854493311 0.0
1421 0.0008229280326530874 0.0
1422 0.0008181675203730648 0.0
1423 0.0008134070080930422 0.0
1424 0.0008086464958130197 0.0
1425 0.0008038859835329966 0.0
1426 0.0007991254712529741 0.0
1427 0.0007943649589729515 0.0
1428 0.0007896044466929293 0.0
1429 0.0007848439344129063 0.0
1430 0.0007800834221328833 0.0
1431 0.0007753229098528612 0.0
1432 0.0007705623975728382 0.0
1433 0.000765801885292816 0.0
1434 0.000761041373012793 0.0
1435 0.0007562808607327704 0.0
1436 0.0007515203484527479 0.0
1437 0.0007467598361727253 0.0
1438 0.0007419993238927027 0.0
1439 0.0007372388116126797 0.0
1440 0.0007324782993326571 0.0
1441 0.0007277177870526346 0.0
1442 0.000722957274772612 0.0
1443 0.0007181967624925894 0.0
1444 0.0007134362502125664 0.0
1445 0.0007086757379325443 0.0
1446 0.0007039152256525212 0.0
1447 0.0006991547133724991 0.0
1448 0.0006943942010924761 0.0
1449 0.0006896336888124531 0.0
1450 0.0006848731765324309 0.0
1451 0.0006801126642524084 0.0
1452 0.0006753521519723858 0.0
1453 0.0006705916396923628 0.0
1454 0.0006658311274123402 0.0
1455 0.0006610706151323176 0.0
1456 0.000656310102852295 0.0
1457 0.0006515495905722725 0.0
1458 0.0006467890782922495 0.0
1459 0.0006420285660122273 0.0
1460 0.0006372680537322043 0.0
1461 0.0006325075414521817 0.0
1462 0.0006277470291721592 0.0
1463 0.0006229865168921362 0.0
1464 0.000618226004612114 0.0
1465 0.0006134654923320914 0.0
1466 0.0006087049800520689 0.0
1467 0.0006039444677720458 0.0
1468 0.0005991839554920228 0.0
1469 0.0005944234432120007 0.0
1470 0.0005896629309319781 0.0
1471 0.0005849024186519555 0.0
1472 0.0005801419063719325 0.0
1473 0.00057538139409191 0.0
1474 0.0005706208818118874 0.0
1475 0.0005658603695318648 0.0
1476 0.0005610998572518422 0.0
1477 0.0005563393449718192 0.0
1478 0.0005515788326917971 0.0
1479 0.0005468183204117745 0.0
1480 0.0005420578081317515 0.0
1481 0.0005372972958517289 0.0
1482 0.0005325367835717059 0.0
1483 0.0005277762712916838 0.0
1484 0.0005230157590116612 0.0
1485 0.0005182552467316382 0.0
1486 0.0005134947344516156 0.0
1487 0.000508734222171593 0.0
1488 0.0005039737098915704 0.0
1489 0.0004992131976115479 0.0
1490 0.0004944526853315253 0.0
1491 0.0004896921730515023 0.0
1492 0.0004849316607714797 0.0
1493 0.00048017114849145757 0.0
1494 0.00047541063621143456 0.0
1495 0.000470650123931412 0.0
1496 0.00046588961165138897 0.0
1497 0.00046112909937136683 0.0
1498 0.00045636858709134425 0.0
1499 0.00045160807481132124 0.0
1500 0.00044684756253129867 0.0
1501 0.00044208705025127566 0.0
1502 0.0004373265379712535 0.0
1503 0.00043256602569123094 0.0
1504 0.00042780551341120793 0.0
1505 0.00042304500113118535 0.0
1506 0.0004182844888511628 0.0
1507 0.00041352397657114064 0.0
1508 0.0004087634642911176 0.0
1509 0.00040400295201109505 0.0
1510 0.00039924243973107204 0.0
1511 0.00039448192745104946 0.0
1512 0.0003897214151710273 0.0
1513 0.0003849609028910043 0.0
1514 0.00038020039061098174 0.0
1515 0.0003754398783309587 0.0
1516 0.00037067936605093615 0.0
1517 0.000365918853770914 0.0
1518 0.000361158341490891 0.0
1519 0.0003563978292108684 0.0
1520 0.00035163731693084585 0.0
1521 0.0003468768046508237 0.0
1522 0.0003421162923708007 0.0
1523 0.0003373557800907777 0.0
1524 0.0003325952678107551 0.0
1525 0.00032783475553073253 0.0
1526 0.0003230742432507104 0.0
1527 0.0003183137309706874 0.0
1528 0.0003135532186906648 0.0
1529 0.0003087927064106418 0.0
1530 0.0003040321941306192 0.0
1531 0.0002992716818505971 0.0
1532 0.00029451116957057407 0.0
1533 0.0002897506572905515 0.0
1534 0.0002849901450105289 0.0
1535 0.00028022963273050634 0.0
1536 0.00027546912045048376 0.0
1537 0.00027070860817046075 0.0
1538 0.0002659480958904382 0.0
1539 0.0002611875836104156 0.0
1540 0.00025642707133039346 0.0
1541 0.00025166655905037045 0.0
1542 0.00024690604677034744 0.0
1543 0.00024214553449032486 0.0
1544 0.0002373850222103023 0.0
1545 0.00023262450993028014 0.0
1546 0.00022786399765025714 0.0
1547 0.00022310348537023456 0.0
1548 0.00021834297309021198 0.0
1549 0.0002135824608101894 0.0
1550 0.00020882194853016683 0.0
1551 0.00020406143625014382 0.0
1552 0.00019930092397012125 0.0
1553 0.00019454041169009867 0.0
1554 0.0001897798994100761 0.0
1555 0.00018501938713005352 0.0
1556 0.0001802588748500305 0.0
1557 0.00017549836257000793 0.0
1558 0.00017073785028998536 0.0
1559 0.0001659773380099632 0.0
1560 0.0001612168257299402 0.0
1561 0.0001564563134499172 0.0
1562 0.00015169580116989505 0.0
1563 0.00014693528888987248 0.0
1564 0.0001421747766098499 0.0
1565 0.0001374142643298269 0.0
1566 0.00013265375204980388 0.0
1567 0.00012789323976978174 0.0
1568 0.00012313272748975916 0.0
1569 0.00011837221520973659 0.0
1570 0.00011361170292971358 0.0
1571 0.000108851190649691 0.0
1572 0.00010409067836966842 0.0
1573 9.933016608964585e-05 0.0
1574 9.456965380962327e-05 0.0
1575 8.980914152960026e-05 0.0
1576 8.504862924957812e-05 0.0
1577 8.028811696955554e-05 0.0
1578 7.552760468953253e-05 0.0
1579 7.076709240950996e-05 0.0
1580 6.600658012948695e-05 0.0
1581 6.12460678494648e-05 0.0
1582 5.648555556944223e-05 0.0
1583 5.172504328941965e-05 0.0
1584 4.6964531009396644e-05 0.0
1585 4.2204018729373634e-05 0.0
1586 3.744350644935149e-05 0.0
1587 3.2682994169328915e-05 0.0
1588 2.792248188930634e-05 0.0
1589 2.316196960928333e-05 0.0
1590 1.840145732926097e-05 0.0
1591 1.3640945049238178e-05 0.0
1592 8.880432769215818e-06 0.0
1593 4.1199204891930255e-06 0.0
1594 -6.405917908299842e-07 0.0
1595 -5.401104070852343e-06 0.0
1596 -1.0161616350874703e-05 0.0
1597 -1.4922128630897495e-05 0.0
1598 -1.968264091092029e-05 0.0
1599 -2.444315319094308e-05 0.0
1600 -2.9203665470965657e-05 0.0
1601 -3.3964177750988016e-05 0.0
1602 -3.872469003101081e-05 0.0
1603 -4.34852023110336e-05 0.0
1604 -4.824571459105596e-05 0.0
1605 -5.3006226871078754e-05 0.0
1606 -5.776673915110133e-05 0.0
1607 -6.252725143112412e-05 0.0
1608 -6.728776371114648e-05 0.0
1609 -7.204827599116928e-05 0.0
1610 -7.680878827119207e-05 0.0
1611 -8.156930055121443e-05 0.0
1612 -8.632981283123722e-05 0.0
1613 -9.10903251112598e-05 0.0
1614 -9.585083739128259e-05 0.0
1615 -0.00010061134967130495 0.0
1616 -0.00010537186195132774 0.0
1617 -0.00011013237423135053 0.0
1618 -0.0001148928865113729 0.0
1619 -0.0001196533987913959 0.0
1620 -0.00012441391107141826 0.0
1621 -0.00012917442335144106 0.0
1622 -0.00013393493563146341 0.0
1623 -0.0001386954479114862 0.0
1624 -0.000143455960191509 0.0
1625 -0.00014821647247153158 0.0
1626 -0.00015297698475155437 0.0
1627 -0.00015773749703157673 0.0
1628 -0.00016249800931159952 0.0
1629 -0.00016725852159162231 0.0
1630 -0.00017201903387164467 0.0
1631 -0.00017677954615166768 0.0
1632 -0.00018154005843169004 0.0
1633 -0.00018630057071171283 0.0
1634 -0.0001910610829917352 0.0
1635 -0.000195821595271758 0.0
1636 -0.00020058210755178078 0.0
1637 -0.00020534261983180336 0.0
1638 -0.00021010313211182615 0.0
1639 -0.0002148636443918485 0.0
1640 -0.0002196241566718713 0.0
1641 -0.00022438466895189366 0.0
1642 -0.00022914518123191645 0.0
1643 -0.00023390569351193925 0.0
1644 -0.00023866620579196182 0.0
1645 -0.00024342671807198461 0.0
1646 -0.000248187230352007 0.0
1647 -0.00025294774263202977 0.0
1648 -0.0002577082549120521 0.0
1649 -0.0002624687671920749 0.0
1650 -0.00026722927947209793 0.0
1651 -0.0002719897917521203 0.0
1652 -0.0002767503040321431 0.0
1653 -0.00028151081631216544 0.0
1654 -0.00028627132859218823 0.0
1655 -0.0002910318408722106 0.0
1656 -0.0002957923531522336 0.0
1657 -0.0003005528654322564 0.0
1658 -0.00030531337771227875 0.0
1659 -0.00031007388999230155 0.0
1660 -0.0003148344022723239 0.0
1661 -0.0003195949145523467 0.0
1662 -0.0003243554268323693 0.0
1663 -0.00032911593911239207 0.0
1664 -0.00033387645139241486 0.0
1665 -0.0003386369636724372 0.0
1666 -0.00034339747595246 0.0
1667 -0.00034815798823248237 0.0
1668 -0.0003529185005125054 0.0
1669 -0.00035767901279252774 0.0
1670 -0.00036243952507255053 0.0
1671 -0.0003672000373525733 0.0
1672 -0.0003719605496325957 0.0
1673 -0.0003767210619126185 0.0
1674 -0.00038148157419264105 0.0
1675 -0.00038624208647266385 0.0
1676 -0.0003910025987526862 0.0
1677 -0.000395763111032709 0.0
1678 -0.0004005236233127318 0.0
1679 -0.00040528413559275415 0.0
1680 -0.00041004464787277694 0.0
1681 -0.0004148051601527995 0.0
1682 -0.0004195656724328223 0.0
1683 -0.00042432618471284467 0.0
1684 -0.00042908669699286747 0.0
1685 -0.00043384720927289026 0.0
1686 -0.0004386077215529126 0.0
1687 -0.00044336823383293563 0.0
1688 -0.000448128746112958 0.0
1689 -0.0004528892583929808 0.0
1690 -0.00045764977067300314 0.0
1691 -0.00046241028295302593 0.0
1692 -0.0004671707952330487 0.0
1693 -0.0004719313075130713 0.0
1694 -0.0004766918197930941 0.0
1695 -0.00048145233207311645 0.0
1696 -0.00048621284435313925 0.0
1697 -0.0004909733566331616 0.0
1698 -0.0004957338689131844 0.0
1699 -0.0005004943811932074 0.0
1700 -0.0005052548934732298 0.0
1701 -0.0005100154057532526 0.0
1702 -0.0005147759180332749 0.0
1703 -0.0005195364303132977 0.0
1704 -0.0005242969425933201 0.0
1705 -0.0005290574548733431 0.0
1706 -0.0005338179671533659 0.0
1707 -0.0005385784794333882 0.0
1708 -0.000543338991713411 0.0
1709 -0.0005480995039934334 0.0
1710 -0.0005528600162734562 0.0
1711 -0.0005576205285534788 0.0
1712 -0.0005623810408335015 0.0
1713 -0.0005671415531135243 0.0
1714 -0.0005719020653935467 0.0
1715 -0.0005766625776735695 0.0
1716 -0.0005814230899535919 0.0
1717 -0.0005861836022336146 0.0
1718 -0.0005909441145136372 0.0
1719 -0.00059570462679366 0.0
1720 -0.0006004651390736828 0.0
1721 -0.0006052256513537052 0.0
1722 -0.000609986163633728 0.0
1723 -0.0006147466759137503 0.0
1724 -0.0006195071881937733 0.0
1725 -0.0006242677004737957 0.0
1726 -0.0006290282127538185 0.0
1727 -0.0006337887250338413 0.0
1728 -0.0006385492373138636 0.0
1729 -0.0006433097495938864 0.0
1730 -0.000648070261873909 0.0
1731 -0.0006528307741539318 0.0
1732 -0.0006575912864339542 0.0
1733 -0.0006623517987139769 0.0
1734 -0.0006671123109939997 0.0
1735 -0.0006718728232740221 0.0
1736 -0.0006766333355540451 0.0
1737 -0.0006813938478340675 0.0
1738 -0.0006861543601140903 0.0
1739 -0.0006909148723941126 0.0
1740 -0.0006956753846741354 0.0
1741 -0.0007004358969541582 0.0
1742 -0.0007051964092341808 0.0
1743 -0.0007099569215142036 0.0
1744 -0.0007147174337942259 0.0
1745 -0.0007194779460742487 0.0
1746 -0.0007242384583542711 0.0
1747 -0.0007289989706342939 0.0
1748 -0.0007337594829143167 0.0
1749 -0.0007385199951943392 0.0
1750 -0.000743280507474362 0.0
1751 -0.0007480410197543844 0.0
1752 -0.0007528015320344072 0.0
1753 -0.0007575620443144295 0.0
1754 -0.0007623225565944523 0.0
1755 -0.0007670830688744754 0.0
1756 -0.0007718435811544977 0.0
1757 -0.0007766040934345205 0.0
1758 -0.0007813646057145429 0.0
1759 -0.0007861251179945657 0.0
1760 -0.000790885630274588 0.0
1761 -0.000795646142554611 0.0
1762 -0.0008004066548346338 0.0
1763 -0.0008051671671146562 0.0
1764 -0.000809927679394679 0.0
1765 -0.0008146881916747013 0.0
1766 -0.0008194487039547241 0.0
1767 -0.0008242092162347467 0.0
1768 -0.0008289697285147695 0.0
1769 -0.0008337302407947923 0.0
1770 -0.0008384907530748146 0.0
1771 -0.0008432512653548374 0.0
1772 -0.0008480117776348598 0.0
1773 -0.0008527722899148826 0.0
1774 -0.0008575328021949052 0.0
1775 -0.000862293314474928 0.0
1776 -0.0008670538267549507 0.0
1777 -0.0008718143390349731 0.0
1778 -0.0008765748513149959 0.0
1779 -0.0008813353635950183 0.0
1780 -0.0008860958758750413 0.0
1781 -0.0008908563881550636 0.0
1782 -0.0008956169004350864 0.0
1783 -0.0009003774127151092 0.0
1784 -0.0009051379249951316 0.0
1785 -0.0009098984372751544 0.0
1786 -0.0009146589495551769 0.0
1787 -0.0009194194618351997 0.0
1788 -0.0009241799741152221 0.0
1789 -0.0009289404863952449 0.0
1790 -0.0009337009986752677 0.0
1791 -0.00093846151095529 0.0
1792 -0.000943222023235313 0.0
1793 -0.0009479825355153354 0.0
1794 -0.0009527430477953582 0.0
1795 -0.0009575035600753806 0.0
1796 -0.0009622640723554034 0.0
1797 -0.0009670245846354263 0.0
1798 -0.0009717850969154486 0.0
1799 -0.0009765456091954714 0.0
1800 -0.0009813061214754939 0.0
1801 -0.0009860666337555167 0.0
1802 -0.0009908271460355395 0.0
1803 -0.0009955876583155618 0.0
1804 -0.0010003481705955848 0.0
1805 -0.001005108682875607 0.0
1806 -0.00100986919515563 0.0
1807 -0.0010146297074356523 0.0
1808 -0.0010193902197156751 0.0
1809 -0.0010241507319956981 0.0
1810 -0.0010289112442757203 0.0
1811 -0.0010336717565557433 0.0
1812 -0.0010384322688357657 0.0
1813 -0.0010431927811157884 0.0
1814 -0.0010479532933958108 0.0
1815 -0.0010527138056758336 0.0
1816 -0.0010574743179558566 0.0
1817 -0.0010622348302358788 0.0
1818 -0.0010669953425159018 0.0
1819 -0.0010717558547959241 0.0
1820 -0.001076516367075947 0.0
1821 -0.0010812768793559695 0.0
1822 -0.001086037391635992 0.0
1823 -0.001090797903916015 0.0
1824 -0.0010955584161960372 0.0
1825 -0.0011003189284760602 0.0
1826 -0.0011050794407560826 0.0
1827 -0.0011098399530361054 0.0
1828 -0.001114600465316128 0.0
1829 -0.0011193609775961505 0.0
1830 -0.0011241214898761735 0.0
1831 -0.001128882002156196 0.0
1832 -0.0011336425144362187 0.0
1833 -0.001138403026716241 0.0
1834 -0.0011431635389962638 0.0
1835 -0.0011479240512762864 0.0
1836 -0.001152684563556309 0.0
1837 -0.001157445075836332 0.0
1838 -0.0011622055881163544 0.0
1839 -0.0011669661003963772 0.0
1840 -0.0011717266126763997 0.0
1841 -0.0011764871249564223 0.0
1842 -0.0011812476372364449 0.0
1843 -0.0011860081495164677 0.0
1844 -0.0011907686617964905 0.0
1845 -0.0011955291740765128 0.0
1846 -0.0012002896863565356 0.0
1847 -0.0012050501986365582 0.0
1848 -0.0012098107109165808 0.0
1849 -0.0012145712231966034 0.0
1850 -0.0012193317354766261 0.0
1851 -0.001224092247756649 0.0
1852 -0.0012288527600366715 0.0
1853 -0.001233613272316694 0.0
1854 -0.0012383737845967167 0.0
1855 -0.0012431342968767392 0.0
1856 -0.0012478948091567618 0.0
1857 -0.0012526553214367846 0.0
1858 -0.0012574158337168074 0.0
1859 -0.00126217634599683 0.0
1860 -0.0012669368582768526 0.0
1861 -0.0012716973705568751 0.0
1862 -0.001276457882836898 0.0
1863 -0.0012812183951169203 0.0
1864 -0.001285978907396943 0.0
1865 -0.0012907394196769659 0.0
1866 -0.0012954999319569884 0.0
1867 -0.001300260444237011 0.0
1868 -0.0013050209565170336 0.0
1869 -0.0013097814687970564 0.0
1870 -0.0013145419810770788 0.0
1871 -0.0013193024933571018 0.0
1872 -0.0013240630056371243 0.0
1873 -0.001328823517917147 0.0
1874 -0.0013335840301971697 0.0
1875 -0.001338344542477192 0.0
1876 -0.0013431050547572149 0.0
1877 -0.0013478655670372372 0.0
1878 -0.0013526260793172602 0.0
1879 -0.0013573865915972828 0.0
1880 -0.0013621471038773054 0.0
1881 -0.0013669076161573282 0.0
1882 -0.0013716681284373505 0.0
1883 -0.0013764286407173735 0.0
1884 -0.0013811891529973957 0.0
1885 -0.0013859496652774187 0.0
1886 -0.0013907101775574413 0.0
1887 -0.0013954706898374638 0.0
1888 -0.0014002312021174866 0.0
1889 -0.001404991714397509 0.0
1890 -0.001409752226677532 0.0
1891 -0.0014145127389575541 0.0
1892 -0.0014192732512375772 0.0
1893 -0.0014240337635176 0.0
1894 -0.0014287942757976223 0.0
1895 -0.001433554788077645 0.0
1896 -0.0014383153003576675 0.0
1897 -0.0014430758126376905 0.0
1898 -0.0014478363249177128 0.0
1899 -0.0014525968371977356 0.0
1900 -0.0014573573494777584 0.0
1901 -0.0014621178617577808 0.0
1902 -0.0014668783740378036 0.0
1903 -0.001471638886317826 0.0
1904 -0.001476399398597849 0.0
1905 -0.0014811599108778713 0.0
1906 -0.001485920423157894 0.0
1907 -0.0014906809354379169 0.0
1908 -0.0014954414477179392 0.0
1909 -0.0015002019599979623 0.0
1910 -0.0015049624722779846 0.0
1911 -0.0015097229845580074 0.0
1912 -0.0015144834968380298 0.0
1913 -0.0015192440091180526 0.0
1914 -0.0015240045213980753 0.0
1915 -0.0015287650336780977 0.0
1916 -0.0015335255459581207 0.0
1917 -0.001538286058238143 0.0
1918 -0.0015430465705181659 0.0
1919 -0.0015478070827981882 0.0
1920 -0.001552567595078211 0.0
1921 -0.0015573281073582338 0.0
1922 -0.0015620886196382562 0.0
1923 -0.0015668491319182792 0.0
1924 -0.0015716096441983015 0.0
1925 -0.0015763701564783243 0.0
1926 -0.0015811306687583467 0.0
1927 -0.0015858911810383695 0.0
1928 -0.0015906516933183925 0.0
1929 -0.0015954122055984149 0.0
1930 -0.0016001727178784377 0.0
1931 -0.00160493323015846 0.0
1932 -0.0016096937424384828 0.0
1933 -0.0016144542547185052 0.0
1934 -0.001619214766998528 0.0
1935 -0.001623975279278551 0.0
1936 -0.0016287357915585733 0.0
1937 -0.0016334963038385961 0.0
1938 -0.0016382568161186185 0.0
1939 -0.0016430173283986413 0.0
1940 -0.0016477778406786638 0.0
1941 -0.0016525383529586866 0.0
1942 -0.0016572988652387094 0.0
1943 -0.0016620593775187318 0.0
1944 -0.0016668198897987546 0.0
1945 -0.001671580402078777 0.0
1946 -0.0016763409143587997 0.0
1947 -0.0016811014266388223 0.0
1948 -0.001685861938918845 0.0
1949 -0.001690622451198868 0.0
1950 -0.0016953829634788903 0.0
1951 -0.001700143475758913 0.0
1952 -0.0017049039880389354 0.0
1953 -0.0017096645003189582 0.0
1954 -0.0017144250125989808 0.0
1955 -0.0017191855248790036 0.0
1956 -0.0017239460371590264 0.0
1957 -0.0017287065494390487 0.0
1958 -0.0017334670617190715 0.0
1959 -0.001738227573999094 0.0
1960 -0.0017429880862791169 0.0
1961 -0.0017477485985591392 0.0
1962 -0.001752509110839162 0.0
1963 -0.0017572696231191848 0.0
1964 -0.0017620301353992072 0.0
1965 -0.00176679064767923 0.0
1966 -0.0017715511599592526 0.0
1967 -0.0017763116722392753 0.0
1968 -0.0017810721845192981 0.0
1969 -0.0017858326967993205 0.0
1970 -0.0017905932090793433 0.0
1971 -0.0017953537213593659 0.0
1972 -0.0018001142336393887 0.0
1973 -0.001804874745919411 0.0
1974 -0.0018096352581994338 0.0
1975 -0.0018143957704794566 0.0
1976 -0.001819156282759479 0.0
1977 -0.0018239167950395018 0.0
1978 -0.0018286773073195243 0.0
1979 -0.0018334378195995471 0.0
1980 -0.0018381983318795695 0.0
1981 -0.0018429588441595923 0.0
1982 -0.001847719356439615 0.0
1983 -0.0018524798687196374 0.0
1984 -0.0018572403809996604 0.0
1985 -0.0018620008932796828 0.0
1986 -0.0018667614055597056 0.0
1987 -0.001871521917839728 0.0
1988 -0.0018762824301197507 0.0
1989 -0.0018810429423997735 0.0
1990 -0.0018858034546797961 0.0
1991 -0.001890563966959819 0.0
1992 -0.0018953244792398413 0.0
1993 -0.001900084991519864 0.0
1994 -0.0019048455037998864 0.0
1995 -0.0019096060160799092 0.0
1996 -0.001914366528359932 0.0
1997 -0.0019191270406399546 0.0
1998 -0.0019238875529199774 0.0
1999 -0.0019286480651999997 0.0
2000 -0.0019286480651999997 0.0
2001 -0.0019286480651999997 0.0
2002 -0.0019286480651999997 0.0
2003 -0.0019286480651999997 0.0
2004 -0.0019286480651999997 0.0
2005 -0.0019286480651999997 0.0
2006 -0.0019286480651999997 0.0
2007 -0.0019286480651999997 0.0
2008 -0.0019286480651999997 0.0
2009 -0.0019286480651999997 0.0
2010 -0.0019286480651999997 0.0
2011 -0.0019286480651999997 0.0
2012 -0.0019286480651999997 0.0
2013 -0.0019286480651999997 0.0
2014 -0.0019286480651999997 0.0
2015 -0.0019286480651999997 0.0
2016 -0.0019286480651999997 0.0
2017 -0.0019286480651999997 0.0
2018 -0.0019286480651999997 0.0
2019 -0.0019286480651999997 0.0
2020 -0.0019286480651999997 0.0
2021 -0.0019286480651999997 0.0
2022 -0.0019286480651999997 0.0
2023 -0.0019286480651999997 0.0
2024 -0.0019286480651999997 0.0
2025 -0.0019286480651999997 0.0
2026 -0.0019286480651999997 0.0
2027 -0.0019286480651999997 0.0
2028 -0.0019286480651999997 0.0
2029 -0.0019286480651999997 0.0
2030 -0.0019286480651999997 0.0
2031 -0.0019286480651999997 0.0
2032 -0.0019286480651999997 0.0
2033 -0.0019286480651999997 0.0
2034 -0.0019286480651999997 0.0
2035 -0.0019286480651999997 0.0
2036 -0.0019286480651999997 0.0
2037 -0.0019286480651999997 0.0
2038 -0.0019286480651999997 0.0
2039 -0.0019286480651999997 0.0
2040 -0.0019286480651999997 0.0
2041 -0.0019286480651999997 0.0
2042 -0.0019286480651999997 0.0
2043 -0.0019286480651999997 0.0
2044 -0.0019286480651999997 0.0
2045 -0.0019286480651999997 0.0
2046 -0.0019286480651999997 0.0
2047 -0.0019286480651999997 0.0
2048 -0.0019286480651999997 0.0
2049 -0.0019286480651999997 0.0
2050 -0.0019286480651999997 0.0
2051 -0.0019286480651999997 0.0
2052 -0.0019286480651999997 0.0
2053 -0.0019286480651999997 0.0
2054 -0.0019286480651999997 0.0
2055 -0.0019286480651999997 0.0
2056 -0.0019286480651999997 0.0
2057 -0.0019286480651999997 0.0
2058 -0.0019286480651999997 0.0
2059 -0.0019286480651999997 0.0
2060 -0.0019286480651999997 0.0
2061 -0.0019286480651999997 0.0
2062 -0.0019286480651999997 0.0
2063 -0.0019286480651999997 0.0
2064 -0.0019286480651999997 0.0
2065 -0.0019286480651999997 0.0
2066 -0.0019286480651999997 0.0
2067 -0.0019286480651999997 0.0
2068 -0.0019286480651999997 0.0
2069 -0.0019286480651999997 0.0
2070 -0.0019286480651999997 0.0
2071 -0.0019286480651999997 0.0
2072 -0.0019286480651999997 0.0
2073 -0.0019286480651999997 0.0
2074 -0.0019286480651999997 0.0
2075 -0.0019286480651999997 0.0
2076 -0.0019286480651999997 0.0
2077 -0.0019286480651999997 0.0
2078 -0.0019286480651999997 0.0
2079 -0.0019286480651999997 0.0
2080 -0.0019286480651999997 0.0
2081 -0.0019286480651999997 0.0
2082 -0.0019286480651999997 0.0
2083 -0.0019286480651999997 0.0
2084 -0.0019286480651999997 0.0
2085 -0.0019286480651999997 0.0
2086 -0.0019286480651999997 0.0
2087 -0.0019286480651999997 0.0
2088 -0.0019286480651999997 0.0
2089 -0.0019286480651999997 0.0
2090 -0.0019286480651999997 0.0
2091 -0.0019286480651999997 0.0
2092 -0.0019286480651999997 0.0
2093 -0.0019286480651999997 0.0
2094 -0.0019286480651999997 0.0
2095 -0.0019286480651999997 0.0
2096 -0.0019286480651999997 0.0
2097 -0.0019286480651999997 0.0
2098 -0.0019286480651999997 0.0
2099 -0.0019286480651999997 0.0
2100 -0.0019286480651999997 0.0
2101 -0.0019286480651999997 0.0
2102 -0.0019286480651999997 0.0
2103 -0.0019286480651999997 0.0
2104 -0.0019286480651999997 0.0
2105 -0.0019286480651999997 0.0
2106 -0.0019286480651999997 0.0
2107 -0.0019286480651999997 0.0
2108 -0.0019286480651999997 0.0
2109 -0.0019286480651999997 0.0
2110 -0.0019286480651999997 0.0
2111 -0.0019286480651999997 0.0
2112 -0.0019286480651999997 0.0
2113 -0.0019286480651999997 0.0
2114 -0.0019286480651999997 0.0
2115 -0.0019286480651999997 0.0
2116 -0.0019286480651999997 0.0
2117 -0.0019286480651999997 0.0
2118 -0.0019286480651999997 0.0
2119 -0.0019286480651999997 0.0
2120 -0.0019286480651999997 0.0
2121 -0.0019286480651999997 0.0
2122 -0.0019286480651999997 0.0
2123 -0.0019286480651999997 0.0
2124 -0.0019286480651999997 0.0
2125 -0.0019286480651999997 0.0
2126 -0.0019286480651999997 0.0
2127 -0.0019286480651999997 0.0
2128 -0.0019286480651999997 0.0
2129 -0.0019286480651999997 0.0
2130 -0.0019286480651999997 0.0
2131 -0.0019286480651999997 0.0
2132 -0.0019286480651999997 0.0
2133 -0.0019286480651999997 0.0
2134 -0.0019286480651999997 0.0
2135 -0.0019286480651999997 0.0
2136 -0.0019286480651999997 0.0
2137 -0.0019286480651999997 0.0
2138 -0.0019286480651999997 0.0
2139 -0.0019286480651999997 0.0
2140 -0.0019286480651999997 0.0
2141 -0.0019286480651999997 0.0
2142 -0.0019286480651999997 0.0
2143 -0.0019286480651999997 0.0
2144 -0.0019286480651999997 0.0
2145 -0.0019286480651999997 0.0
2146 -0.0019286480651999997 0.0
2147 -0.0019286480651999997 0.0
2148 -0.0019286480651999997 0.0
2149 -0.0019286480651999997 0.0
2150 -0.0019286480651999997 0.0
2151 -0.0019286480651999997 0.0
2152 -0.0019286480651999997 0.0
2153 -0.0019286480651999997 0.0
2154 -0.0019286480651999997 0.0
2155 -0.0019286480651999997 0.0
2156 -0.0019286480651999997 0.0
2157 -0.0019286480651999997 0.0
2158 -0.0019286480651999997 0.0
2159 -0.0019286480651999997 0.0
2160 -0.0019286480651999997 0.0
2161 -0.0019286480651999997 0.0
2162 -0.0019286480651999997 0.0
2163 -0.0019286480651999997 0.0
2164 -0.0019286480651999997 0.0
2165 -0.0019286480651999997 0.0
2166 -0.0019286480651999997 0.0
2167 -0.0019286480651999997 0.0
2168 -0.0019286480651999997 0.0
2169 -0.0019286480651999997 0.0
2170 -0.0019286480651999997 0.0
2171 -0.0019286480651999997 0.0
2172 -0.0019286480651999997 0.0
2173 -0.0019286480651999997 0.0
2174 -0.0019286480651999997 0.0
2175 -0.0019286480651999997 0.0
2176 -0.0019286480651999997 0.0
2177 -0.0019286480651999997 0.0
2178 -0.0019286480651999997 0.0
2179 -0.0019286480651999997 0.0
2180 -0.0019286480651999997 0.0
2181 -0.0019286480651999997 0.0
2182 -0.0019286480651999997 0.0
2183 -0.0019286480651999997 0.0
2184 -0.0019286480651999997 0.0
2185 -0.0019286480651999997 0.0
2186 -0.0019286480651999997 0.0
2187 -0.0019286480651999997 0.0
2188 -0.0019286480651999997 0.0
2189 -0.0019286480651999997 0.0
2190 -0.0019286480651999997 0.0
2191 -0.0019286480651999997 0.0
2192 -0.0019286480651999997 0.0
2193 -0.0019286480651999997 0.0
2194 -0.0019286480651999997 0.0
2195 -0.0019286480651999997 0.0
2196 -0.0019286480651999997 0.0
2197 -0.0019286480651999997 0.0
2198 -0.0019286480651999997 0.0
2199 -0.0019286480651999997 0.0