2200 0.000002100546602 1.0
2
0 -0.0019286480651999997 0.0
1 -0.0019286480651999997 0.0
2 -0.0019286480651999997 0.0
3 -0.0019286480651999997 0.0
4 -0.0019286480651999997 0.0
5 -0.0019286480651999997 0.0
6 -0.0019286480651999997 0.0
7 -0.0019286480651999997 0.0
8 -0.0019286480651999997 0.0
9 -0.0019286480651999997 0.0
10 -0.0019286480651999997 0.0
11 -0.0019286480651999997 0.0
12 -0.0019286480651999997 0.0
13 -0.0019286480651999997 0.0
14 -0.0019286480651999997 0.0
15 -0.0019286480651999997 0.0
16 -0.0019286480651999997 0.0
17 -0.0019286480651999997 0.0
18 -0.0019286480651999997 0.0
19 -0.0019286480651999997 0.0
20 -0.0019286480651999997 0.0
21 -0.0019286480651999997 0.0
22 -0.0019286480651999997 0.0
23 -0.0019286480651999997 0.0
24 -0.0019286480651999997 0.0
25 -0.0019286480651999997 0.0
26 -0.0019286480651999997 0.0
27 -0.0019286480651999997 0.0
28 -0.0019286480651999997 0.0
29 -0.0019286480651999997 0.0
30 -0.0019286480651999997 0.0
31 -0.0019286480651999997 0.0
32 -0.0019286480651999997 0.0
33 -0.0019286480651999997 0.0
34 -0.0019286480651999997 0.0
35 -0.0019286480651999997 0.0
36 -0.0019286480651999997 0.0
37 -0.0019286480651999997 0.0
38 -0.0019286480651999997 0.0
39 -0.0019286480651999997 0.0
40 -0.0019286480651999997 0.0
41 -0.0019286480651999997 0.0
42 -0.0019286480651999997 0.0
43 -0.0019286480651999997 0.0
44 -0.0019286480651999997 0.0
45 -0.0019286480651999997 0.0
46 -0.0019286480651999997 0.0
47 -0.0019286480651999997 0.0
48 -0.0019286480651999997 0.0
49 -0.0019286480651999997 0.0
50 -0.0019286480651999997 0.0
51 -0.0019286480651999997 0.0
52 -0.0019286480651999997 0.0
53 -0.0019286480651999997 0.0
54 -0.0019286480651999997 0.0
55 -0.0019286480651999997 0.0
56 -0.0019286480651999997 0.0
57 -0.0019286480651999997 0.0
58 -0.0019286480651999997 0.0
59 -0.0019286480651999997 0.0
60 -0.0019286480651999997 0.0
61 -0.0019286480651999997 0.0
62 -0.0019286480651999997 0.0
63 -0.0019286480651999997 0.0
64 -0.0019286480651999997 0.0
65 -0.0019286480651999997 0.0
66 -0.0019286480651999997 0.0
67 -0.0019286480651999997 0.0
68 -0.0019286480651999997 0.0
69 -0.0019286480651999997 0.0
70 -0.0019286480651999997 0.0
71 -0.0019286480651999997 0.0
72 -0.0019286480651999997 0.0
73 -0.0019286480651999997 0.0
74 -0.0019286480651999997 0.0
75 -0.0019286480651999997 0.0
76 -0.0019286480651999997 0.0
77 -0.0019286480651999997 0.0
78 -0.0019286480651999997 0.0
79 -0.0019286480651999997 0.0
80 -0.0019286480651999997 0.0
81 -0.0019286480651999997 0.0
82 -0.0019286480651999997 0.0
83 -0.0019286480651999997 0.0
84 -0.0019286480651999997 0.0
85 -0.0019286480651999997 0.0
86 -0.0019286480651999997 0.0
87 -0.0019286480651999997 0.0
88 -0.0019286480651999997 0.0
89 -0.0019286480651999997 0.0
90 -0.0019286480651999997 0.0
91 -0.0019286480651999997 0.0
92 -0.0019286480651999997 0.0
93 -0.0019286480651999997 0.0
94 -0.0019286480651999997 0.0
95 -0.0019286480651999997 0.0
96 -0.0019286480651999997 0.0
97 -0.0019286480651999997 0.0
98 -0.0019286480651999997 0.0
99 -0.0019286480651999997 0.0
100 -0.0019286480651999997 0.0
101 -0.0019286480651999997 0.0
102 -0.0019286480651999997 0.0
103 -0.0019286480651999997 0.0
104 -0.0019286480651999997 0.0
105 -0.0019286480651999997 0.0
106 -0.0019286480651999997 0.0
107 -0.0019286480651999997 0.0
108 -0.0019286480651999997 0.0
109 -0.0019286480651999997 0.0
110 -0.0019286480651999997 0.0
111 -0.0019286480651999997 0.0
112 -0.0019286480651999997 0.0
113 -0.0019286480651999997 0.0
114 -0.0019286480651999997 0.0
115 -0.0019286480651999997 0.0
116 -0.0019286480651999997 0.0
117 -0.0019286480651999997 0.0
118 -0.0019286480651999997 0.0
119 -0.0019286480651999997 0.0
120 -0.0019286480651999997 0.0
121 -0.0019286480651999997 0.0
122 -0.0019286480651999997 0.0
123 -0.0019286480651999997 0.0
124 -0.0019286480651999997 0.0
125 -0.0019286480651999997 0.0
126 -0.0019286480651999997 0.0
127 -0.0019286480651999997 0.0
128 -0.0019286480651999997 0.0
129 -0.0019286480651999997 0.0
130 -0.0019286480651999997 0.0
131 -0.0019286480651999997 0.0
132 -0.0019286480651999997 0.0
133 -0.0019286480651999997 0.0
134 -0.0019286480651999997 0.0
135 -0.0019286480651999997 0.0
136 -0.0019286480651999997 0.0
137 -0.0019286480651999997 0.0
138 -0.0019286480651999997 0.0
139 -0.0019286480651999997 0.0
140 -0.0019286480651999997 0.0
141 -0.0019286480651999997 0.0
142 -0.0019286480651999997 0.0
143 -0.0019286480651999997 0.0
144 -0.0019286480651999997 0.0
145 -0.0019286480651999997 0.0
146 -0.0019286480651999997 0.0
147 -0.0019286480651999997 0.0
148 -0.0019286480651999997 0.0
149 -0.0019286480651999997 0.0
150 -0.0019286480651999997 0.0
151 -0.0019286480651999997 0.0
152 -0.0019286480651999997 0.0
153 -0.0019286480651999997 0.0
154 -0.0019286480651999997 0.0
155 -0.0019286480651999997 0.0
156 -0.0019286480651999997 0.0
157 -0.0019286480651999997 0.0
158 -0.0019286480651999997 0.0
159 -0.0019286480651999997 0.0
160 -0.0019286480651999997 0.0
161 -0.0019286480651999997 0.0
162 -0.0019286480651999997 0.0
163 -0.0019286480651999997 0.0
164 -0.0019286480651999997 0.0
165 -0.0019286480651999997 0.0
166 -0.0019286480651999997 0.0
167 -0.0019286480651999997 0.0
168 -0.0019286480651999997 0.0
169 -0.0019286480651999997 0.0
170 -0.0019286480651999997 0.0
171 -0.0019286480651999997 0.0
172 -0.0019286480651999997 0.0
173 -0.0019286480651999997 0.0
174 -0.0019286480651999997 0.0
175 -0.0019286480651999997 0.0
176 -0.0019286480651999997 0.0
177 -0.0019286480651999997 0.0
178 -0.0019286480651999997 0.0
179 -0.0019286480651999997 0.0
180 -0.0019286480651999997 0.0
181 -0.0019286480651999997 0.0
182 -0.0019286480651999997 0.0
183 -0.0019286480651999997 0.0
184 -0.0019286480651999997 0.0
185 -0.0019286480651999997 0.0
186 -0.0019286480651999997 0.0
187 -0.0019286480651999997 0.0
188 -0.0019286480651999997 0.0
189 -0.0019286480651999997 0.0
190 -0.0019286480651999997 0.0
191 -0.0019286480651999997 0.0
192 -0.0019286480651999997 0.0
193 -0.0019286480651999997 0.0
194 -0.0019286480651999997 0.0
195 -0.0019286480651999997 0.0
196 -0.0019286480651999997 0.0
197 -0.0019286480651999997 0.0
198 -0.0019286480651999997 0.0
199 -0.0019286480651999997 0.0
200 -0.0019286480651999997 0.0
201 -0.0019212777917274704 0.0
202 -0.001913907518254941 0.0
203 -0.0019065372447824116 0.0
204 -0.0018991669713098822 0.0
205 -0.0018917966978373528 0.0
206 -0.0018844264243648235 0.0
207 -0.001877056150892294 0.0
208 -0.0018696858774197647 0.0
209 -0.0018623156039472353 0.0
210 -0.001854945330474706 0.0
211 -0.0018475750570021766 0.0
212 -0.0018402047835296472 0.0
213 -0.0018328345100571178 0.0
214 -0.0018254642365845885 0.0
215 -0.001818093963112059 0.0
216 -0.0018107236896395297 0.0
217 -0.0018033534161670003 0.0
218 -0.001795983142694471 0.0
219 -0.0017886128692219416 0.0
220 -0.0017812425957494122 0.0
221 -0.0017738723222768828 0.0
222 -0.0017665020488043534 0.0
223 -0.001759131775331824 0.0
224 -0.0017517615018592947 0.0
225 -0.0017443912283867653 0.0
226 -0.001737020954914236 0.0
227 -0.0017296506814417066 0.0
228 -0.0017222804079691772 0.0
229 -0.0017149101344966478 0.0
230 -0.0017075398610241184 0.0
231 -0.001700169587551589 0.0
232 -0.0016927993140790597 0.0
233 -0.0016854290406065303 0.0
234 -0.001678058767134001 0.0
235 -0.0016706884936614715 0.0
236 -0.0016633182201889422 0.0
237 -0.0016559479467164128 0.0
238 -0.0016485776732438834 0.0
239 -0.001641207399771354 0.0
240 -0.0016338371262988247 0.0
241 -0.0016264668528262953 0.0
242 -0.001619096579353766 0.0
243 -0.0016117263058812365 0.0
244 -0.0016043560324087072 0.0
245 -0.0015969857589361778 0.0
246 -0.0015896154854636484 0.0
247 -0.001582245211991119 0.0
248 -0.0015748749385185896 0.0
249 -0.0015675046650460603 0.0
250 -0.001560134391573531 0.0
251 -0.0015527641181010017 0.0
252 -0.0015453938446284724 0.0
253 -0.0015380235711559428 0.0
254 -0.0015306532976834136 0.0
255 -0.001523283024210884 0.0
256 -0.0015159127507383548 0.0
257 -0.0015085424772658255 0.0
258 -0.0015011722037932959 0.0
259 -0.0014938019303207667 0.0
260 -0.0014864316568482371 0.0
261 -0.001479061383375708 0.0
262 -0.0014716911099031786 0.0
263 -0.0014643208364306492 0.0
264 -0.0014569505629581198 0.0
265 -0.0014495802894855902 0.0
266 -0.001442210016013061 0.0
267 -0.0014348397425405315 0.0
268 -0.0014274694690680023 0.0
269 -0.001420099195595473 0.0
270 -0.0014127289221229436 0.0
271 -0.0014053586486504142 0.0
272 -0.0013979883751778846 0.0
273 -0.0013906181017053554 0.0
274 -0.001383247828232826 0.0
275 -0.0013758775547602967 0.0
276 -0.0013685072812877673 0.0
277 -0.0013611370078152377 0.0
278 -0.0013537667343427086 0.0
279 -0.0013463964608701792 0.0
280 -0.0013390261873976498 0.0
281 -0.0013316559139251204 0.0
282 -0.001324285640452591 0.0
283 -0.0013169153669800617 0.0
284 -0.0013095450935075323 0.0
285 -0.001302174820035003 0.0
286 -0.0012948045465624735 0.0
287 -0.0012874342730899442 0.0
288 -0.0012800639996174148 0.0
289 -0.0012726937261448854 0.0
290 -0.001265323452672356 0.0
291 -0.0012579531791998267 0.0
292 -0.0012505829057272973 0.0
293 -0.001243212632254768 0.0
294 -0.0012358423587822385 0.0
295 -0.0012284720853097092 0.0
296 -0.0012211018118371798 0.0
297 -0.0012137315383646504 0.0
298 -0.001206361264892121 0.0
299 -0.0011989909914195916 0.0
300 -0.0011916207179470623 0.0
301 -0.001184250444474533 0.0
302 -0.0011768801710020037 0.0
303 -0.0011695098975294741 0.0
304 -0.001162139624056945 0.0
305 -0.0011547693505844156 0.0
306 -0.001147399077111886 0.0
307 -0.0011400288036393566 0.0
308 -0.0011326585301668275 0.0
309 -0.0011252882566942979 0.0
310 -0.0011179179832217685 0.0
311 -0.0011105477097492393 0.0
312 -0.00110317743627671 0.0
313 -0.0010958071628041804 0.0
314 -0.0010884368893316512 0.0
315 -0.0010810666158591218 0.0
316 -0.0010736963423865922 0.0
317 -0.0010663260689140629 0.0
318 -0.0010589557954415337 0.0
319 -0.0010515855219690043 0.0
320 -0.0010442152484964747 0.0
321 -0.0010368449750239456 0.0
322 -0.0010294747015514162 0.0
323 -0.0010221044280788866 0.0
324 -0.0010147341546063574 0.0
325 -0.001007363881133828 0.0
326 -0.0009999936076612987 0.0
327 -0.0009926233341887693 0.0
328 -0.00098525306071624 0.0
329 -0.0009778827872437106 0.0
330 -0.000970512513771181 0.0
331 -0.0009631422402986517 0.0
332 -0.0009557719668261223 0.0
333 -0.000948401693353593 0.0
334 -0.0009410314198810635 0.0
335 -0.0009336611464085343 0.0
336 -0.0009262908729360049 0.0
337 -0.0009189205994634753 0.0
338 -0.0009115503259909462 0.0
339 -0.0009041800525184168 0.0
340 -0.0008968097790458874 0.0
341 -0.0008894395055733578 0.0
342 -0.0008820692321008287 0.0
343 -0.0008746989586282993 0.0
344 -0.0008673286851557697 0.0
345 -0.0008599584116832405 0.0
346 -0.0008525881382107111 0.0
347 -0.0008452178647381818 0.0
348 -0.0008378475912656524 0.0
349 -0.000830477317793123 0.0
350 -0.0008231070443205936 0.0
351 -0.000815736770848064 0.0
352 -0.0008083664973755349 0.0
353 -0.0008009962239030055 0.0
354 -0.0007936259504304759 0.0
355 -0.0007862556769579468 0.0
356 -0.0007788854034854174 0.0
357 -0.000771515130012888 0.0
358 -0.0007641448565403586 0.0
359 -0.0007567745830678292 0.0
360 -0.0007494043095952999 0.0
361 -0.0007420340361227705 0.0
362 -0.0007346637626502411 0.0
363 -0.0007272934891777117 0.0
364 -0.0007199232157051824 0.0
365 -0.000712552942232653 0.0
366 -0.0007051826687601236 0.0
367 -0.0006978123952875942 0.0
368 -0.0006904421218150649 0.0
369 -0.0006830718483425355 0.0
370 -0.0006757015748700061 0.0
371 -0.0006683313013974767 0.0
372 -0.0006609610279249474 0.0
373 -0.000653590754452418 0.0
374 -0.0006462204809798886 0.0
375 -0.0006388502075073592 0.0
376 -0.0006314799340348298 0.0
377 -0.0006241096605623005 0.0
378 -0.0006167393870897711 0.0
379 -0.0006093691136172417 0.0
380 -0.0006019988401447123 0.0
381 -0.000594628566672183 0.0
382 -0.0005872582931996536 0.0
383 -0.0005798880197271242 0.0
384 -0.0005725177462545948 0.0
385 -0.0005651474727820657 0.0
386 -0.0005577771993095361 0.0
387 -0.0005504069258370067 0.0
388 -0.0005430366523644773 0.0
389 -0.0005356663788919479 0.0
390 -0.0005282961054194186 0.0
391 -0.0005209258319468892 0.0
392 -0.0005135555584743598 0.0
393 -0.0005061852850018304 0.0
394 -0.0004988150115293011 0.0
395 -0.0004914447380567719 0.0
396 -0.0004840744645842423 0.0
397 -0.00047670419111171293 0.0
398 -0.00046933391763918355 0.0
399 -0.0004619636441666542 0.0
400 -0.0004545933706941248 0.0
401 -0.0004472230972215954 0.0
402 -0.00043985282374906626 0.0
403 -0.0004324825502765369 0.0
404 -0.0004251122768040075 0.0
405 -0.0004177420033314779 0.0
406 -0.00041037172985894854 0.0
407 -0.00040300145638641916 0.0
408 -0.00039563118291389 0.0
409 -0.0003882609094413606 0.0
410 -0.00038089063596883125 0.0
411 -0.00037352036249630187 0.0
412 -0.0003661500890237723 0.0
413 -0.0003587798155512429 0.0
414 -0.0003514095420787135 0.0
415 -0.00034403926860618436 0.0
416 -0.000336668995133655 0.0
417 -0.0003292987216611256 0.0
418 -0.000321928448188596 0.0
419 -0.00031455817471606664 0.0
420 -0.00030718790124353726 0.0
421 -0.0002998176277710079 0.0
422 -0.0002924473542984787 0.0
423 -0.00028507708082594935 0.0
424 -0.00027770680735341997 0.0
425 -0.0002703365338808904 0.0
426 -0.000262966260408361 0.0
427 -0.0002555959869358316 0.0
428 -0.00024822571346330246 0.0
429 -0.0002408554399907731 0.0
430 -0.0002334851665182437 0.0
431 -0.00022611489304571433 0.0
432 -0.00021874461957318474 0.0
433 -0.00021137434610065536 0.0
434 -0.000204004072628126 0.0
435 -0.00019663379915559683 0.0
436 -0.00018926352568306745 0.0
437 -0.00018189325221053807 0.0
438 -0.0001745229787380087 0.0
439 -0.0001671527052654791 0.0
440 -0.00015978243179294973 0.0
441 -0.00015241215832042057 0.0
442 -0.0001450418848478912 0.0
443 -0.0001376716113753618 0.0
444 -0.00013030133790283244 0.0
445 -0.00012293106443030306 0.0
446 -0.00011556079095777346 0.0
447 -0.00010819051748524409 0.0
448 -0.00010082024401271493 0.0
449 -9.344997054018555e-05 0.0
450 -8.607969706765617e-05 0.0
451 -7.87094235951268e-05 0.0
452 -7.133915012259764e-05 0.0
453 -6.396887665006783e-05 0.0
454 -5.659860317753867e-05 0.0
455 -4.922832970500929e-05 0.0
456 -4.185805623247991e-05 0.0
457 -3.4487782759950536e-05 0.0
458 -2.711750928742116e-05 0.0
459 -1.9747235814892e-05 0.0
460 -1.2376962342362189e-05 0.0
461 -5.006688869833029e-06 0.0
462 2.363584602696348e-06 0.0
463 9.733858075225725e-06 0.0
464 1.71041315477551e-05 0.0
465 2.447440502028426e-05 0.0
466 3.184467849281364e-05 0.0
467 3.921495196534345e-05 0.0
468 4.6585225437872826e-05 0.0
469 5.39554989104022e-05 0.0
470 6.132577238293115e-05 0.0
471 6.869604585546052e-05 0.0
472 7.60663193279899e-05 0.0
473 8.343659280051928e-05 0.0
474 9.080686627304909e-05 0.0
475 9.817713974557846e-05 0.0
476 0.00010554741321810741 0.0
477 0.00011291768669063678 0.0
478 0.00012028796016316616 0.0
479 0.00012765823363569554 0.0
480 0.00013502850710822491 0.0
481 0.00014239878058075472 0.0
482 0.0001497690540532841 0.0
483 0.00015713932752581304 0.0
484 0.00016450960099834242 0.0
485 0.0001718798744708718 0.0
486 0.00017925014794340118 0.0
487 0.00018662042141593055 0.0
488 0.00019399069488846036 0.0
489 0.0002013609683609893 0.0
490 0.00020873124183351868 0.0
491 0.00021610151530604806 0.0
492 0.00022347178877857744 0.0
493 0.0002308420622511068 0.0
494 0.0002382123357236362 0.0
495 0.000245582609196166 0.0
496 0.00025295288266869494 0.0
497 0.0002603231561412243 0.0
498 0.0002676934296137537 0.0
499 0.0002750637030862831 0.0
500 0.00028243397655881245 0.0
501 0.00028980425003134226 0.0
502 0.00029717452350387164 0.0
503 0.0003045447969764006 0.0
504 0.00031191507044892996 0.0
505 0.00031928534392145934 0.0
506 0.0003266556173939887 0.0
507 0.0003340258908665181 0.0
508 0.0003413961643390479 0.0
509 0.00034876643781157684 0.0
510 0.0003561367112841062 0.0
511 0.0003635069847566356 0.0
512 0.000370877258229165 0.0
513 0.00037824753170169435 0.0
514 0.0003856178051742237 0.0
515 0.00039298807864675354 0.0
516 0.0004003583521192825 0.0
517 0.00040772862559181186 0.0
518 0.00041509889906434123 0.0
519 0.0004224691725368706 0.0
520 0.0004298394460094 0.0
521 0.00043720971948192936 0.0
522 0.00044457999295445874 0.0
523 0.0004519502664269881 0.0
524 0.0004593205398995175 0.0
525 0.00046669081337204687 0.0
526 0.00047406108684457625 0.0
527 0.0004814313603171056 0.0
528 0.000488801633789635 0.0
529 0.0004961719072621644 0.0
530 0.0005035421807346938 0.0
531 0.0005109124542072231 0.0
532 0.0005182827276797525 0.0
533 0.0005256530011522819 0.0
534 0.0005330232746248113 0.0
535 0.0005403935480973406 0.0
536 0.00054776382156987 0.0
537 0.0005551340950423994 0.0
538 0.0005625043685149288 0.0
539 0.0005698746419874581 0.0
540 0.0005772449154599875 0.0
541 0.0005846151889325169 0.0
542 0.0005919854624050463 0.0
543 0.0005993557358775757 0.0
544 0.000606726009350105 0.0
545 0.0006140962828226344 0.0
546 0.0006214665562951638 0.0
547 0.0006288368297676932 0.0
548 0.0006362071032402225 0.0
549 0.0006435773767127519 0.0
550 0.0006509476501852813 0.0
551 0.0006583179236578107 0.0
552 0.00066568819713034 0.0
553 0.0006730584706028694 0.0
554 0.0006804287440753988 0.0
555 0.0006877990175479282 0.0
556 0.0006951692910204576 0.0
557 0.0007025395644929869 0.0
558 0.0007099098379655163 0.0
559 0.0007172801114380457 0.0
560 0.0007246503849105751 0.0
561 0.0007320206583831044 0.0
562 0.0007393909318556338 0.0
563 0.0007467612053281632 0.0
564 0.0007541314788006926 0.0
565 0.0007615017522732219 0.0
566 0.0007688720257457513 0.0
567 0.0007762422992182807 0.0
568 0.0007836125726908101 0.0
569 0.0007909828461633395 0.0
570 0.0007983531196358684 0.0
571 0.0008057233931083982 0.0
572 0.0008130936665809276 0.0
573 0.000820463940053457 0.0
574 0.0008278342135259863 0.0
575 0.0008352044869985157 0.0
576 0.0008425747604710451 0.0
577 0.000849945033943574 0.0
578 0.0008573153074161038 0.0
579 0.0008646855808886332 0.0
580 0.0008720558543611626 0.0
581 0.000879426127833692 0.0
582 0.0008867964013062214 0.0
583 0.0008941666747787507 0.0
584 0.0009015369482512801 0.0
585 0.0009089072217238095 0.0
586 0.0009162774951963389 0.0
587 0.0009236477686688682 0.0
588 0.0009310180421413976 0.0
589 0.000938388315613927 0.0
590 0.0009457585890864559 0.0
591 0.0009531288625589857 0.0
592 0.0009604991360315151 0.0
593 0.0009678694095040445 0.0
594 0.0009752396829765739 0.0
595 0.0009826099564491033 0.0
596 0.0009899802299216326 0.0
597 0.0009973505033941616 0.0
598 0.0010047207768666914 0.0
599 0.0010120910503392208 0.0
600 0.0010194613238117501 0.0
601 0.001026831597284279 0.0
602 0.0010342018707568089 0.0
603 0.0010415721442293383 0.0
604 0.0010489424177018672 0.0
605 0.001056312691174397 0.0
606 0.001063682964646926 0.0
607 0.0010710532381194558 0.0
608 0.0010784235115919847 0.0
609 0.0010857937850645145 0.0
610 0.001093164058537044 0.0
611 0.0011005343320095728 0.0
612 0.0011079046054821027 0.0
613 0.0011152748789546316 0.0
614 0.0011226451524271614 0.0
615 0.0011300154258996904 0.0
616 0.0011373856993722197 0.0
617 0.0011447559728447495 0.0
618 0.0011521262463172785 0.0
619 0.0011594965197898083 0.0
620 0.0011668667932623372 0.0
621 0.001174237066734867 0.0
622 0.001181607340207396 0.0
623 0.0011889776136799254 0.0
624 0.0011963478871524552 0.0
625 0.0012037181606249841 0.0
626 0.001211088434097514 0.0
627 0.0012184587075700429 0.0
628 0.0012258289810425727 0.0
629 0.001233199254515102 0.0
630 0.001240569527987631 0.0
631 0.0012479398014601608 0.0
632 0.0012553100749326898 0.0
633 0.0012626803484052196 0.0
634 0.0012700506218777485 0.0
635 0.0012774208953502783 0.0
636 0.0012847911688228077 0.0
637 0.0012921614422953366 0.0
638 0.0012995317157678665 0.0
639 0.0013069019892403954 0.0
640 0.0013142722627129252 0.0
641 0.0013216425361854542 0.0
642 0.001329012809657984 0.0
643 0.0013363830831305133 0.0
644 0.0013437533566030423 0.0
645 0.001351123630075572 0.0
646 0.001358493903548101 0.0
647 0.0013658641770206308 0.0
648 0.0013732344504931598 0.0
649 0.0013806047239656892 0.0
650 0.001387974997438219 0.0
651 0.001395345270910748 0.0
652 0.0014027155443832777 0.0
653 0.0014100858178558067 0.0
654 0.0014174560913283365 0.0
655 0.0014248263648008654 0.0
656 0.0014321966382733948 0.0
657 0.0014395669117459246 0.0
658 0.0014469371852184536 0.0
659 0.0014543074586909834 0.0
660 0.0014616777321635123 0.0
661 0.0014690480056360421 0.0
662 0.001476418279108571 0.0
663 0.0014837885525811004 0.0
664 0.0014911588260536303 0.0
665 0.0014985290995261592 0.0
666 0.001505899372998689 0.0
667 0.001513269646471218 0.0
668 0.0015206399199437478 0.0
669 0.0015280101934162767 0.0
670 0.001535380466888806 0.0
671 0.0015427507403613359 0.0
672 0.0015501210138338648 0.0
673 0.0015574912873063946 0.0
674 0.0015648615607789236 0.0
675 0.0015722318342514534 0.0
676 0.0015796021077239823 0.0
677 0.0015869723811965117 0.0
678 0.0015943426546690415 0.0
679 0.0016017129281415705 0.0
680 0.0016090832016141003 0.0
681 0.0016164534750866292 0.0
682 0.0016238237485591586 0.0
683 0.001631194022031688 0.0
684 0.0016385642955042174 0.0
685 0.0016459345689767472 0.0
686 0.0016533048424492761 0.0
687 0.001660675115921806 0.0
688 0.0016680453893943349 0.0
689 0.0016754156628668642 0.0
690 0.0016827859363393936 0.0
691 0.001690156209811923 0.0
692 0.0016975264832844528 0.0
693 0.0017048967567569817 0.0
694 0.0017122670302295116 0.0
695 0.0017196373037020405 0.0
696 0.0017270075771745699 0.0
697 0.0017343778506470988 0.0
698 0.0017417481241196286 0.0
699 0.0017491183975921584 0.0
700 0.0017564886710646874 0.0
701 0.0017638589445372172 0.0
702 0.0017712292180097461 0.0
703 0.0017785994914822755 0.0
704 0.0017859697649548045 0.0
705 0.0017933400384273343 0.0
706 0.001800710311899864 0.0
707 0.001808080585372393 0.0
708 0.0018154508588449224 0.0
709 0.0018228211323174518 0.0
710 0.0018301914057899812 0.0
711 0.00183756167926251 0.0
712 0.00184493195273504 0.0
713 0.0018523022262075697 0.0
714 0.0018596724996800987 0.0
715 0.001867042773152628 0.0
716 0.0018744130466251574 0.0
717 0.0018817833200976868 0.0
718 0.0018891535935702157 0.0
719 0.0018965238670427455 0.0
720 0.0019038941405152754 0.0
721 0.0019112644139878043 0.0
722 0.0019186346874603337 0.0
723 0.001926004960932863 0.0
724 0.0019333752344053924 0.0
725 0.0019407455078779214 0.0
726 0.0019481157813504512 0.0
727 0.001955486054822981 0.0
728 0.00196285632829551 0.0
729 0.0019702266017680393 0.0
730 0.0019775968752405683 0.0
731 0.001984967148713098 0.0
732 0.001992337422185627 0.0
733 0.001999707695658157 0.0
734 0.0020070779691306866 0.0
735 0.0020144482426032156 0.0
736 0.0020218185160757454 0.0
737 0.0020291887895482743 0.0
738 0.002036559063020804 0.0
739 0.002043929336493333 0.0
740 0.002051299609965862 0.0
741 0.002058669883438392 0.0
742 0.0020660401569109208 0.0
743 0.0020734104303834506 0.0
744 0.0020807807038559795 0.0
745 0.0020881509773285093 0.0
746 0.0020955212508010383 0.0
747 0.002102891524273568 0.0
748 0.002110261797746098 0.0
749 0.002117632071218627 0.0
750 0.0021250023446911567 0.0
751 0.0021323726181636856 0.0
752 0.0021397428916362145 0.0
753 0.0021471131651087444 0.0
754 0.0021544834385812733 0.0
755 0.002161853712053803 0.0
756 0.002169223985526332 0.0
757 0.002176594258998862 0.0
758 0.002183964532471391 0.0
759 0.0021913348059439206 0.0
760 0.0021987050794164496 0.0
761 0.0022060753528889794 0.0
762 0.002213445626361509 0.0
763 0.002220815899834038 0.0
764 0.002228186173306568 0.0
765 0.002235556446779097 0.0
766 0.002242926720251626 0.0
767 0.0022502969937241548 0.0
768 0.0022576672671966846 0.0
769 0.0022650375406692144 0.0
770 0.0022724078141417433 0.0
771 0.002279778087614273 0.0
772 0.002287148361086802 0.0
773 0.002294518634559332 0.0
774 0.002301888908031861 0.0
775 0.0023092591815043906 0.0
776 0.0023166294549769205 0.0
777 0.0023239997284494494 0.0
778 0.0023313700019219783 0.0
779 0.002338740275394508 0.0
780 0.002346110548867037 0.0
781 0.002353480822339566 0.0
782 0.002360851095812096 0.0
783 0.0023682213692846257 0.0
784 0.0023755916427571546 0.0
785 0.0023829619162296844 0.0
786 0.0023903321897022134 0.0
787 0.002397702463174743 0.0
788 0.002405072736647272 0.0
789 0.002412443010119802 0.0
790 0.0024198132835923317 0.0
791 0.0024271835570648607 0.0
792 0.0024345538305373896 0.0
793 0.0024419241040099194 0.0
794 0.0024492943774824484 0.0
795 0.0024566646509549773 0.0
796 0.002464034924427507 0.0
797 0.002471405197900037 0.0
798 0.002478775471372566 0.0
799 0.0024861457448450957 0.0
800 0.0024935160183176246 0.0
801 0.0025008862917901544 0.0
802 0.0025082565652626843 0.0
803 0.002515626838735213 0.0
804 0.002522997112207743 0.0
805 0.002530367385680272 0.0
806 0.002537737659152801 0.0
807 0.00254510793262533 0.0
808 0.0025524782060978597 0.0
809 0.0025598484795703895 0.0
810 0.0025672187530429184 0.0
811 0.002574589026515448 0.0
812 0.002581959299987977 0.0
813 0.002589329573460507 0.0
814 0.002596699846933036 0.0
815 0.0026040701204055657 0.0
816 0.0026114403938780955 0.0
817 0.0026188106673506245 0.0
818 0.0026261809408231534 0.0
819 0.0026335512142956832 0.0
820 0.002640921487768212 0.0
821 0.002648291761240741 0.0
822 0.002655662034713271 0.0
823 0.0026630323081858007 0.0
824 0.0026704025816583297 0.0
825 0.0026777728551308595 0.0
826 0.0026851431286033884 0.0
827 0.0026925134020759182 0.0
828 0.002699883675548447 0.0
829 0.002707253949020977 0.0
830 0.002714624222493507 0.0
831 0.0027219944959660358 0.0
832 0.0027293647694385647 0.0
833 0.0027367350429110936 0.0
834 0.0027441053163836234 0.0
835 0.0027514755898561524 0.0
836 0.002758845863328682 0.0
837 0.002766216136801212 0.0
838 0.002773586410273741 0.0
839 0.0027809566837462708 0.0
840 0.0027883269572187997 0.0
841 0.0027956972306913295 0.0
842 0.0028030675041638585 0.0
843 0.0028104377776363883 0.0
844 0.002817808051108917 0.0
845 0.002825178324581447 0.0
846 0.002832548598053976 0.0
847 0.002839918871526505 0.0
848 0.0028472891449990347 0.0
849 0.0028546594184715637 0.0
850 0.0028620296919440935 0.0
851 0.0028693999654166233 0.0
852 0.0028767702388891522 0.0
853 0.002884140512361682 0.0
854 0.002891510785834211 0.0
855 0.002898881059306741 0.0
856 0.0029062513327792697 0.0
857 0.0029136216062517995 0.0
858 0.0029209918797243285 0.0
859 0.0029283621531968574 0.0
860 0.0029357324266693872 0.0
861 0.002943102700141916 0.0
862 0.002950472973614446 0.0
863 0.002957843247086975 0.0
864 0.0029652135205595048 0.0
865 0.0029725837940320346 0.0
866 0.0029799540675045635 0.0
867 0.0029873243409770933 0.0
868 0.0029946946144496223 0.0
869 0.003002064887922152 0.0
870 0.003009435161394681 0.0
871 0.003016805434867211 0.0
872 0.0030241757083397398 0.0
873 0.0030315459818122687 0.0
874 0.0030389162552847985 0.0
875 0.0030462865287573275 0.0
876 0.0030536568022298573 0.0
877 0.0030610270757023862 0.0
878 0.003068397349174916 0.0
879 0.003075767622647446 0.0
880 0.0030831378961199748 0.0
881 0.0030905081695925046 0.0
882 0.0030978784430650335 0.0
883 0.0031052487165375633 0.0
884 0.0031126189900100923 0.0
885 0.003119989263482622 0.0
886 0.003127359536955151 0.0
887 0.00313472981042768 0.0
888 0.00314210008390021 0.0
889 0.0031494703573727387 0.0
890 0.0031568406308452686 0.0
891 0.0031642109043177975 0.0
892 0.0031715811777903273 0.0
893 0.003178951451262857 0.0
894 0.003186321724735386 0.0
895 0.003193691998207916 0.0
896 0.003201062271680445 0.0
897 0.0032084325451529746 0.0
898 0.0032158028186255036 0.0
899 0.0032231730920980325 0.0
900 0.0032305433655705623 0.0
901 0.0032379136390430913 0.0
902 0.003245283912515621 0.0
903 0.00325265418598815 0.0
904 0.00326002445946068 0.0
905 0.0032673947329332088 0.0
906 0.0032747650064057386 0.0
907 0.0032821352798782684 0.0
908 0.0032895055533507973 0.0
909 0.003296875826823327 0.0
910 0.003304246100295856 0.0
911 0.003311616373768386 0.0
912 0.003318986647240915 0.0
913 0.003326356920713444 0.0
914 0.0033337271941859736 0.0
915 0.0033410974676585025 0.0
916 0.0033484677411310323 0.0
917 0.0033558380146035613 0.0
918 0.003363208288076091 0.0
919 0.00337057856154862 0.0
920 0.00337794883502115 0.0
921 0.0033853191084936797 0.0
922 0.0033926893819662086 0.0
923 0.0034000596554387384 0.0
924 0.0034074299289112674 0.0
925 0.0034148002023837963 0.0
926 0.003422170475856326 0.0
927 0.003429540749328855 0.0
928 0.003436911022801385 0.0
929 0.003444281296273914 0.0
930 0.0034516515697464436 0.0
931 0.0034590218432189726 0.0
932 0.0034663921166915024 0.0
933 0.0034737623901640313 0.0
934 0.003481132663636561 0.0
935 0.003488502937109091 0.0
936 0.00349587321058162 0.0
937 0.0035032434840541497 0.0
938 0.0035106137575266786 0.0
939 0.0035179840309992076 0.0
940 0.0035253543044717365 0.0
941 0.0035327245779442663 0.0
942 0.003540094851416796 0.0
943 0.003547465124889325 0.0
944 0.003554835398361855 0.0
945 0.003562205671834384 0.0
946 0.0035695759453069137 0.0
947 0.0035769462187794426 0.0
948 0.0035843164922519724 0.0
949 0.0035916867657245022 0.0
950 0.003599057039197031 0.0
951 0.00360642731266956 0.0
952 0.00361379758614209 0.0
953 0.003621167859614619 0.0
954 0.003628538133087148 0.0
955 0.0036359084065596776 0.0
956 0.0036432786800322074 0.0
957 0.0036506489535047364 0.0
958 0.003658019226977266 0.0
959 0.003665389500449795 0.0
960 0.003672759773922325 0.0
961 0.003680130047394854 0.0
962 0.0036875003208673837 0.0
963 0.0036948705943399135 0.0
964 0.0037022408678124424 0.0
965 0.0037096111412849714 0.0
966 0.003716981414757501 0.0
967 0.00372435168823003 0.0
968 0.00373172196170256 0.0
969 0.003739092235175089 0.0
970 0.0037464625086476187 0.0
971 0.0037538327821201476 0.0
972 0.0037612030555926775 0.0
973 0.0037685733290652064 0.0
974 0.003775943602537736 0.0
975 0.003783313876010266 0.0
976 0.003790684149482795 0.0
977 0.0037980544229553248 0.0
978 0.0038054246964278537 0.0
979 0.0038127949699003827 0.0
980 0.0038201652433729116 0.0
981 0.0038275355168454414 0.0
982 0.0038349057903179712 0.0
983 0.0038422760637905 0.0
984 0.00384964633726303 0.0
985 0.003857016610735559 0.0
986 0.0038643868842080887 0.0
987 0.0038717571576806177 0.0
988 0.0038791274311531475 0.0
989 0.0038864977046256773 0.0
990 0.0038938679780982062 0.0
991 0.003901238251570735 0.0
992 0.003908608525043265 0.0
993 0.003915978798515794 0.0
994 0.003923349071988323 0.0
995 0.003930719345460853 0.0
996 0.0039380896189333825 0.0
997 0.0039454598924059114 0.0
998 0.003952830165878441 0.0
999 0.00396020043935097 0.0
1000 [0.0039602] 0.0
1001 [0.0039602] 0.0
1002 [0.0039602] 0.0
1003 [0.0039602] 0.0
1004 [0.0039602] 0.0
1005 [0.0039602] 0.0
1006 [0.0039602] 0.0
1007 [0.0039602] 0.0
1008 [0.0039602] 0.0
1009 [0.0039602] 0.0
1010 [0.0039602] 0.0
1011 [0.0039602] 0.0
1012 [0.0039602] 0.0
1013 [0.0039602] 0.0
1014 [0.0039602] 0.0
1015 [0.0039602] 0.0
1016 [0.0039602] 0.0
1017 [0.0039602] 0.0
1018 [0.0039602] 0.0
1019 [0.0039602] 0.0
1020 [0.0039602] 0.0
1021 [0.0039602] 0.0
1022 [0.0039602] 0.0
1023 [0.0039602] 0.0
1024 [0.0039602] 0.0
1025 [0.0039602] 0.0
1026 [0.0039602] 0.0
1027 [0.0039602] 0.0
1028 [0.0039602] 0.0
1029 [0.0039602] 0.0
1030 [0.0039602] 0.0
1031 [0.0039602] 0.0
1032 [0.0039602] 0.0
1033 [0.0039602] 0.0
1034 [0.0039602] 0.0
1035 [0.0039602] 0.0
1036 [0.0039602] 0.0
1037 [0.0039602] 0.0
1038 [0.0039602] 0.0
1039 [0.0039602] 0.0
1040 [0.0039602] 0.0
1041 [0.0039602] 0.0
1042 [0.0039602] 0.0
1043 [0.0039602] 0.0
1044 [0.0039602] 0.0
1045 [0.0039602] 0.0
1046 [0.0039602] 0.0
1047 [0.0039602] 0.0
1048 [0.0039602] 0.0
1049 [0.0039602] 0.0
1050 [0.0039602] 0.0
1051 [0.0039602] 0.0
1052 [0.0039602] 0.0
1053 [0.0039602] 0.0
1054 [0.0039602] 0.0
1055 [0.0039602] 0.0
1056 [0.0039602] 0.0
1057 [0.0039602] 0.0
1058 [0.0039602] 0.0
1059 [0.0039602] 0.0
1060 [0.0039602] 0.0
1061 [0.0039602] 0.0
1062 [0.0039602] 0.0
1063 [0.0039602] 0.0
1064 [0.0039602] 0.0
1065 [0.0039602] 0.0
1066 [0.0039602] 0.0
1067 [0.0039602] 0.0
1068 [0.0039602] 0.0
1069 [0.0039602] 0.0
1070 [0.0039602] 0.0
1071 [0.0039602] 0.0
1072 [0.0039602] 0.0
1073 [0.0039602] 0.0
1074 [0.0039602] 0.0
1075 [0.0039602] 0.0
1076 [0.0039602] 0.0
1077 [0.0039602] 0.0
1078 [0.0039602] 0.0
1079 [0.0039602] 0.0
1080 [0.0039602] 0.0
1081 [0.0039602] 0.0
1082 [0.0039602] 0.0
1083 [0.0039602] 0.0
1084 [0.0039602] 0.0
1085 [0.0039602] 0.0
1086 [0.0039602] 0.0
1087 [0.0039602] 0.0
1088 [0.0039602] 0.0
1089 [0.0039602] 0.0
1090 [0.0039602] 0.0
1091 [0.0039602] 0.0
1092 [0.0039602] 0.0
1093 [0.0039602] 0.0
1094 [0.0039602] 0.0
1095 [0.0039602] 0.0
1096 [0.0039602] 0.0
1097 [0.0039602] 0.0
1098 [0.0039602] 0.0
1099 [0.0039602] 0.0
1100 [0.0039602] 0.0
1101 [0.0039602] 0.0
1102 [0.0039602] 0.0
1103 [0.0039602] 0.0
1104 [0.0039602] 0.0
1105 [0.0039602] 0.0
1106 [0.0039602] 0.0
1107 [0.0039602] 0.0
1108 [0.0039602] 0.0
1109 [0.0039602] 0.0
1110 [0.0039602] 0.0
1111 [0.0039602] 0.0
1112 [0.0039602] 0.0
1113 [0.0039602] 0.0
1114 [0.0039602] 0.0
1115 [0.0039602] 0.0
1116 [0.0039602] 0.0
1117 [0.0039602] 0.0
1118 [0.0039602] 0.0
1119 [0.0039602] 0.0
1120 [0.0039602] 0.0
1121 [0.0039602] 0.0
1122 [0.0039602] 0.0
1123 [0.0039602] 0.0
1124 [0.0039602] 0.0
1125 [0.0039602] 0.0
1126 [0.0039602] 0.0
1127 [0.0039602] 0.0
1128 [0.0039602] 0.0
1129 [0.0039602] 0.0
1130 [0.0039602] 0.0
1131 [0.0039602] 0.0
1132 [0.0039602] 0.0
1133 [0.0039602] 0.0
1134 [0.0039602] 0.0
1135 [0.0039602] 0.0
1136 [0.0039602] 0.0
1137 [0.0039602] 0.0
1138 [0.0039602] 0.0
1139 [0.0039602] 0.0
1140 [0.0039602] 0.0
1141 [0.0039602] 0.0
1142 [0.0039602] 0.0
1143 [0.0039602] 0.0
1144 [0.0039602] 0.0
1145 [0.0039602] 0.0
1146 [0.0039602] 0.0
1147 [0.0039602] 0.0
1148 [0.0039602] 0.0
1149 [0.0039602] 0.0
1150 [0.0039602] 0.0
1151 [0.0039602] 0.0
1152 [0.0039602] 0.0
1153 [0.0039602] 0.0
1154 [0.0039602] 0.0
1155 [0.0039602] 0.0
1156 [0.0039602] 0.0
1157 [0.0039602] 0.0
1158 [0.0039602] 0.0
1159 [0.0039602] 0.0
1160 [0.0039602] 0.0
1161 [0.0039602] 0.0
1162 [0.0039602] 0.0
1163 [0.0039602] 0.0
1164 [0.0039602] 0.0
1165 [0.0039602] 0.0
1166 [0.0039602] 0.0
1167 [0.0039602] 0.0
1168 [0.0039602] 0.0
1169 [0.0039602] 0.0
1170 [0.0039602] 0.0
1171 [0.0039602] 0.0
1172 [0.0039602] 0.0
1173 [0.0039602] 0.0
1174 [0.0039602] 0.0
1175 [0.0039602] 0.0
1176 [0.0039602] 0.0
1177 [0.0039602] 0.0
1178 [0.0039602] 0.0
1179 [0.0039602] 0.0
1180 [0.0039602] 0.0
1181 [0.0039602] 0.0
1182 [0.0039602] 0.0
1183 [0.0039602] 0.0
1184 [0.0039602] 0.0
1185 [0.0039602] 0.0
1186 [0.0039602] 0.0
1187 [0.0039602] 0.0
1188 [0.0039602] 0.0
1189 [0.0039602] 0.0
1190 [0.0039602] 0.0
1191 [0.0039602] 0.0
1192 [0.0039602] 0.0
1193 [0.0039602] 0.0
1194 [0.0039602] 0.0
1195 [0.0039602] 0.0
1196 [0.0039602] 0.0
1197 [0.0039602] 0.0
1198 [0.0039602] 0.0
1199 [0.0039602] 0.0
1200 0.00396020043935097 0.0
1201 0.00395283016587844 0.0
1202 0.0039454598924059114 0.0
1203 0.003938089618933382 0.0
1204 0.003930719345460853 0.0
1205 0.003923349071988323 0.0
1206 0.003915978798515794 0.0
1207 0.003908608525043265 0.0
1208 0.003901238251570735 0.0
1209 0.0038938679780982062 0.0
1210 0.0038864977046256764 0.0
1211 0.0038791274311531475 0.0
1212 0.0038717571576806177 0.0
1213 0.0038643868842080887 0.0
1214 0.003857016610735559 0.0
1215 0.003849646337263029 0.0
1216 0.0038422760637905 0.0
1217 0.0038349057903179704 0.0
1218 0.0038275355168454414 0.0
1219 0.0038201652433729116 0.0
1220 0.0038127949699003827 0.0
1221 0.0038054246964278537 0.0
1222 0.003798054422955324 0.0
1223 0.003790684149482795 0.0
1224 0.003783313876010265 0.0
1225 0.003775943602537736 0.0
1226 0.0037685733290652064 0.0
1227 0.0037612030555926775 0.0
1228 0.0037538327821201476 0.0
1229 0.003746462508647618 0.0
1230 0.003739092235175089 0.0
1231 0.003731721961702559 0.0
1232 0.00372435168823003 0.0
1233 0.003716981414757501 0.0
1234 0.0037096111412849714 0.0
1235 0.0037022408678124424 0.0
1236 0.0036948705943399126 0.0
1237 0.0036875003208673837 0.0
1238 0.003680130047394854 0.0
1239 0.003672759773922325 0.0
1240 0.003665389500449795 0.0
1241 0.003658019226977266 0.0
1242 0.0036506489535047364 0.0
1243 0.0036432786800322066 0.0
1244 0.0036359084065596776 0.0
1245 0.003628538133087148 0.0
1246 0.003621167859614619 0.0
1247 0.00361379758614209 0.0
1248 0.00360642731266956 0.0
1249 0.003599057039197031 0.0
1250 0.0035916867657245014 0.0
1251 0.0035843164922519724 0.0
1252 0.0035769462187794426 0.0
1253 0.0035695759453069137 0.0
1254 0.003562205671834384 0.0
1255 0.003554835398361855 0.0
1256 0.003547465124889325 0.0
1257 0.0035400948514167953 0.0
1258 0.0035327245779442663 0.0
1259 0.0035253543044717365 0.0
1260 0.0035179840309992076 0.0
1261 0.0035106137575266786 0.0
1262 0.003503243484054149 0.0
1263 0.00349587321058162 0.0
1264 0.00348850293710909 0.0
1265 0.003481132663636561 0.0
1266 0.0034737623901640313 0.0
1267 0.0034663921166915024 0.0
1268 0.0034590218432189726 0.0
1269 0.0034516515697464436 0.0
1270 0.003444281296273914 0.0
1271 0.003436911022801384 0.0
1272 0.003429540749328855 0.0
1273 0.003422170475856326 0.0
1274 0.0034148002023837963 0.0
1275 0.0034074299289112674 0.0
1276 0.0034000596554387376 0.0
1277 0.0033926893819662086 0.0
1278 0.003385319108493679 0.0
1279 0.00337794883502115 0.0
1280 0.00337057856154862 0.0
1281 0.003363208288076091 0.0
1282 0.0033558380146035613 0.0
1283 0.0033484677411310323 0.0
1284 0.0033410974676585025 0.0
1285 0.0033337271941859727 0.0
1286 0.003326356920713444 0.0
1287 0.003318986647240915 0.0
1288 0.003311616373768386 0.0
1289 0.003304246100295856 0.0
1290 0.0032968758268233263 0.0
1291 0.0032895055533507973 0.0
1292 0.0032821352798782675 0.0
1293 0.0032747650064057386 0.0
1294 0.0032673947329332088 0.0
1295 0.00326002445946068 0.0
1296 0.00325265418598815 0.0
1297 0.003245283912515621 0.0
1298 0.0032379136390430913 0.0
1299 0.0032305433655705623 0.0
1300 0.0032231730920980325 0.0
1301 0.0032158028186255036 0.0
1302 0.0032084325451529746 0.0
1303 0.003201062271680445 0.0
1304 0.003193691998207915 0.0
1305 0.003186321724735386 0.0
1306 0.0031789514512628562 0.0
1307 0.0031715811777903273 0.0
1308 0.0031642109043177975 0.0
1309 0.0031568406308452677 0.0
1310 0.0031494703573727387 0.0
1311 0.00314210008390021 0.0
1312 0.00313472981042768 0.0
1313 0.003127359536955151 0.0
1314 0.003119989263482622 0.0
1315 0.0031126189900100923 0.0
1316 0.0031052487165375633 0.0
1317 0.0030978784430650335 0.0
1318 0.0030905081695925037 0.0
1319 0.0030831378961199748 0.0
1320 0.003075767622647445 0.0
1321 0.003068397349174916 0.0
1322 0.0030610270757023862 0.0
1323 0.0030536568022298564 0.0
1324 0.0030462865287573275 0.0
1325 0.0030389162552847985 0.0
1326 0.0030315459818122687 0.0
1327 0.0030241757083397398 0.0
1328 0.003016805434867211 0.0
1329 0.003009435161394681 0.0
1330 0.003002064887922152 0.0
1331 0.0029946946144496223 0.0
1332 0.0029873243409770925 0.0
1333 0.0029799540675045635 0.0
1334 0.0029725837940320337 0.0
1335 0.0029652135205595048 0.0
1336 0.002957843247086975 0.0
1337 0.002950472973614445 0.0
1338 0.002943102700141916 0.0
1339 0.0029357324266693872 0.0
1340 0.0029283621531968574 0.0
1341 0.0029209918797243285 0.0
1342 0.0029136216062517995 0.0
1343 0.0029062513327792697 0.0
1344 0.002898881059306741 0.0
1345 0.002891510785834211 0.0
1346 0.002884140512361681 0.0
1347 0.0028767702388891522 0.0
1348 0.0028693999654166224 0.0
1349 0.0028620296919440935 0.0
1350 0.0028546594184715637 0.0
1351 0.002847289144999034 0.0
1352 0.002839918871526505 0.0
1353 0.002832548598053976 0.0
1354 0.002825178324581447 0.0
1355 0.002817808051108917 0.0
1356 0.0028104377776363883 0.0
1357 0.0028030675041638585 0.0
1358 0.0027956972306913295 0.0
1359 0.0027883269572187997 0.0
1360 0.00278095668374627 0.0
1361 0.002773586410273741 0.0
1362 0.002766216136801211 0.0
1363 0.002758845863328682 0.0
1364 0.0027514755898561524 0.0
1365 0.0027441053163836234 0.0
1366 0.0027367350429110936 0.0
1367 0.0027293647694385647 0.0
1368 0.0027219944959660358 0.0
1369 0.002714624222493506 0.0
1370 0.002707253949020977 0.0
1371 0.002699883675548447 0.0
1372 0.0026925134020759182 0.0
1373 0.0026851431286033884 0.0
1374 0.0026777728551308586 0.0
1375 0.0026704025816583297 0.0
1376 0.0026630323081858 0.0
1377 0.002655662034713271 0.0
1378 0.002648291761240741 0.0
1379 0.002640921487768212 0.0
1380 0.0026335512142956832 0.0
1381 0.0026261809408231534 0.0
1382 0.0026188106673506245 0.0
1383 0.0026114403938780947 0.0
1384 0.0026040701204055657 0.0
1385 0.002596699846933036 0.0
1386 0.002589329573460507 0.0
1387 0.002581959299987977 0.0
1388 0.0025745890265154473 0.0
1389 0.0025672187530429184 0.0
1390 0.0025598484795703886 0.0
1391 0.0025524782060978597 0.0
1392 0.00254510793262533 0.0
1393 0.002537737659152801 0.0
1394 0.002530367385680272 0.0
1395 0.002522997112207743 0.0
1396 0.002515626838735213 0.0
1397 0.0025082565652626834 0.0
1398 0.0025008862917901544 0.0
1399 0.0024935160183176246 0.0
1400 0.0024861457448450957 0.0
1401 0.002478775471372566 0.0
1402 0.002471405197900036 0.0
1403 0.002464034924427507 0.0
1404 0.002456664650954978 0.0
1405 0.0024492943774824484 0.0
1406 0.0024419241040099194 0.0
1407 0.0024345538305373896 0.0
1408 0.0024271835570648607 0.0
1409 0.0024198132835923317 0.0
1410 0.002412443010119802 0.0
1411 0.002405072736647272 0.0
1412 0.0023977024631747423 0.0
1413 0.0023903321897022134 0.0
1414 0.0023829619162296844 0.0
1415 0.0023755916427571546 0.0
1416 0.002368221369284625 0.0
1417 0.002360851095812096 0.0
1418 0.002353480822339566 0.0
1419 0.002346110548867037 0.0
1420 0.002338740275394508 0.0
1421 0.0023313700019219783 0.0
1422 0.0023239997284494494 0.0
1423 0.0023166294549769205 0.0
1424 0.0023092591815043906 0.0
1425 0.002301888908031861 0.0
1426 0.002294518634559331 0.0
1427 0.002287148361086802 0.0
1428 0.002279778087614273 0.0
1429 0.0022724078141417433 0.0
1430 0.0022650375406692135 0.0
1431 0.0022576672671966846 0.0
1432 0.0022502969937241548 0.0
1433 0.002242926720251626 0.0
1434 0.002235556446779097 0.0
1435 0.002228186173306567 0.0
1436 0.002220815899834038 0.0
1437 0.002213445626361509 0.0
1438 0.0022060753528889794 0.0
1439 0.0021987050794164496 0.0
1440 0.0021913348059439198 0.0
1441 0.002183964532471391 0.0
1442 0.002176594258998862 0.0
1443 0.002169223985526332 0.0
1444 0.0021618537120538022 0.0
1445 0.0021544834385812733 0.0
1446 0.0021471131651087444 0.0
1447 0.0021397428916362145 0.0
1448 0.0021323726181636856 0.0
1449 0.002125002344691156 0.0
1450 0.002117632071218627 0.0
1451 0.002110261797746098 0.0
1452 0.002102891524273568 0.0
1453 0.0020955212508010383 0.0
1454 0.0020881509773285085 0.0
1455 0.0020807807038559795 0.0
1456 0.0020734104303834506 0.0
1457 0.0020660401569109208 0.0
1458 0.002058669883438391 0.0
1459 0.002051299609965862 0.0
1460 0.002043929336493333 0.0
1461 0.002036559063020804 0.0
1462 0.0020291887895482743 0.0
1463 0.0020218185160757445 0.0
1464 0.0020144482426032156 0.0
1465 0.0020070779691306866 0.0
1466 0.001999707695658157 0.0
1467 0.001992337422185627 0.0
1468 0.001984967148713097 0.0
1469 0.0019775968752405683 0.0
1470 0.0019702266017680393 0.0
1471 0.00196285632829551 0.0
1472 0.00195548605482298 0.0
1473 0.0019481157813504512 0.0
1474 0.0019407455078779214 0.0
1475 0.0019333752344053924 0.0
1476 0.001926004960932863 0.0
1477 0.0019186346874603332 0.0
1478 0.0019112644139878043 0.0
1479 0.0019038941405152754 0.0
1480 0.0018965238670427455 0.0
1481 0.0018891535935702157 0.0
1482 0.0018817833200976864 0.0
1483 0.0018744130466251574 0.0
1484 0.001867042773152628 0.0
1485 0.0018596724996800987 0.0
1486 0.0018523022262075689 0.0
1487 0.00184493195273504 0.0
1488 0.00183756167926251 0.0
1489 0.0018301914057899812 0.0
1490 0.0018228211323174518 0.0
1491 0.001815450858844922 0.0
1492 0.001808080585372393 0.0
1493 0.001800710311899864 0.0
1494 0.0017933400384273343 0.0
1495 0.0017859697649548045 0.0
1496 0.001778599491482275 0.0
1497 0.0017712292180097461 0.0
1498 0.0017638589445372172 0.0
1499 0.0017564886710646874 0.0
1500 0.0017491183975921576 0.0
1501 0.0017417481241196282 0.0
1502 0.0017343778506470988 0.0
1503 0.0017270075771745699 0.0
1504 0.0017196373037020405 0.0
1505 0.0017122670302295107 0.0
1506 0.0017048967567569817 0.0
1507 0.0016975264832844528 0.0
1508 0.001690156209811923 0.0
1509 0.0016827859363393936 0.0
1510 0.0016754156628668638 0.0
1511 0.0016680453893943349 0.0
1512 0.001660675115921806 0.0
1513 0.0016533048424492761 0.0
1514 0.0016459345689767463 0.0
1515 0.001638564295504217 0.0
1516 0.001631194022031688 0.0
1517 0.0016238237485591586 0.0
1518 0.0016164534750866292 0.0
1519 0.0016090832016140994 0.0
1520 0.0016017129281415705 0.0
1521 0.0015943426546690415 0.0
1522 0.0015869723811965117 0.0
1523 0.0015796021077239823 0.0
1524 0.0015722318342514525 0.0
1525 0.0015648615607789236 0.0
1526 0.0015574912873063946 0.0
1527 0.0015501210138338648 0.0
1528 0.001542750740361335 0.0
1529 0.0015353804668888056 0.0
1530 0.0015280101934162767 0.0
1531 0.0015206399199437478 0.0
1532 0.001513269646471218 0.0
1533 0.0015058993729986881 0.0
1534 0.0014985290995261592 0.0
1535 0.0014911588260536303 0.0
1536 0.0014837885525811004 0.0
1537 0.001476418279108571 0.0
1538 0.0014690480056360413 0.0
1539 0.0014616777321635123 0.0
1540 0.0014543074586909834 0.0
1541 0.0014469371852184536 0.0
1542 0.0014395669117459242 0.0
1543 0.0014321966382733944 0.0
1544 0.0014248263648008654 0.0
1545 0.0014174560913283365 0.0
1546 0.0014100858178558067 0.0
1547 0.0014027155443832769 0.0
1548 0.001395345270910748 0.0
1549 0.001387974997438219 0.0
1550 0.0013806047239656892 0.0
1551 0.0013732344504931598 0.0
1552 0.00136586417702063 0.0
1553 0.001358493903548101 0.0
1554 0.001351123630075572 0.0
1555 0.0013437533566030423 0.0
1556 0.001336383083130513 0.0
1557 0.001329012809657983 0.0
1558 0.0013216425361854542 0.0
1559 0.0013142722627129252 0.0
1560 0.0013069019892403954 0.0
1561 0.0012995317157678656 0.0
1562 0.0012921614422953366 0.0
1563 0.0012847911688228077 0.0
1564 0.0012774208953502783 0.0
1565 0.0012700506218777485 0.0
1566 0.0012626803484052187 0.0
1567 0.0012553100749326898 0.0
1568 0.0012479398014601608 0.0
1569 0.001240569527987631 0.0
1570 0.0012331992545151016 0.0
1571 0.0012258289810425718 0.0
1572 0.0012184587075700429 0.0
1573 0.001211088434097514 0.0
1574 0.0012037181606249841 0.0
1575 0.0011963478871524547 0.0
1576 0.0011889776136799254 0.0
1577 0.0011816073402073964 0.0
1578 0.001174237066734867 0.0
1579 0.0011668667932623372 0.0
1580 0.0011594965197898074 0.0
1581 0.0011521262463172785 0.0
1582 0.0011447559728447495 0.0
1583 0.0011373856993722197 0.0
1584 0.0011300154258996904 0.0
1585 0.0011226451524271605 0.0
1586 0.0011152748789546316 0.0
1587 0.0011079046054821027 0.0
1588 0.0011005343320095728 0.0
1589 0.0010931640585370435 0.0
1590 0.0010857937850645145 0.0
1591 0.0010784235115919847 0.0
1592 0.0010710532381194558 0.0
1593 0.001063682964646926 0.0
1594 0.0010563126911743962 0.0
1595 0.0010489424177018672 0.0
1596 0.0010415721442293383 0.0
1597 0.0010342018707568089 0.0
1598 0.001026831597284279 0.0
1599 0.0010194613238117493 0.0
1600 0.0010120910503392203 0.0
1601 0.0010047207768666914 0.0
1602 0.0009973505033941616 0.0
1603 0.0009899802299216322 0.0
1604 0.0009826099564491033 0.0
1605 0.0009752396829765734 0.0
1606 0.0009678694095040445 0.0
1607 0.0009604991360315147 0.0
1608 0.0009531288625589857 0.0
1609 0.0009457585890864559 0.0
1610 0.0009383883156139266 0.0
1611 0.0009310180421413976 0.0
1612 0.0009236477686688678 0.0
1613 0.0009162774951963389 0.0
1614 0.000908907221723809 0.0
1615 0.0009015369482512801 0.0
1616 0.0008941666747787507 0.0
1617 0.0008867964013062209 0.0
1618 0.000879426127833692 0.0
1619 0.0008720558543611622 0.0
1620 0.0008646855808886332 0.0
1621 0.0008573153074161034 0.0
1622 0.0008499450339435745 0.0
1623 0.0008425747604710451 0.0
1624 0.0008352044869985153 0.0
1625 0.0008278342135259863 0.0
1626 0.0008204639400534565 0.0
1627 0.0008130936665809276 0.0
1628 0.0008057233931083978 0.0
1629 0.0007983531196358684 0.0
1630 0.0007909828461633395 0.0
1631 0.0007836125726908096 0.0
1632 0.0007762422992182807 0.0
1633 0.0007688720257457509 0.0
1634 0.0007615017522732219 0.0
1635 0.0007541314788006921 0.0
1636 0.0007467612053281628 0.0
1637 0.0007393909318556338 0.0
1638 0.000732020658383104 0.0
1639 0.0007246503849105751 0.0
1640 0.0007172801114380453 0.0
1641 0.0007099098379655163 0.0
1642 0.0007025395644929865 0.0
1643 0.0006951692910204571 0.0
1644 0.0006877990175479282 0.0
1645 0.0006804287440753984 0.0
1646 0.0006730584706028694 0.0
1647 0.0006656881971303396 0.0
1648 0.0006583179236578107 0.0
1649 0.0006509476501852813 0.0
1650 0.0006435773767127515 0.0
1651 0.0006362071032402225 0.0
1652 0.0006288368297676927 0.0
1653 0.0006214665562951638 0.0
1654 0.000614096282822634 0.0
1655 0.000606726009350105 0.0
1656 0.0005993557358775757 0.0
1657 0.0005919854624050458 0.0
1658 0.0005846151889325169 0.0
1659 0.0005772449154599871 0.0
1660 0.0005698746419874581 0.0
1661 0.0005625043685149283 0.0
1662 0.0005551340950423994 0.0
1663 0.00054776382156987 0.0
1664 0.0005403935480973402 0.0
1665 0.0005330232746248113 0.0
1666 0.0005256530011522815 0.0
1667 0.0005182827276797525 0.0
1668 0.0005109124542072227 0.0
1669 0.0005035421807346938 0.0
1670 0.0004961719072621644 0.0
1671 0.0004888016337896346 0.0
1672 0.0004814313603171056 0.0
1673 0.0004740610868445758 0.0
1674 0.00046669081337204687 0.0
1675 0.00045932053989951706 0.0
1676 0.0004519502664269881 0.0
1677 0.00044457999295445874 0.0
1678 0.00043720971948192893 0.0
1679 0.0004298394460094 0.0
1680 0.0004224691725368702 0.0
1681 0.00041509889906434123 0.0
1682 0.00040772862559181186 0.0
1683 0.0004003583521192825 0.0
1684 0.0003929880786467531 0.0
1685 0.0003856178051742233 0.0
1686 0.00037824753170169435 0.0
1687 0.00037087725822916454 0.0
1688 0.0003635069847566356 0.0
1689 0.0003561367112841062 0.0
1690 0.00034876643781157684 0.0
1691 0.00034139616433904747 0.0
1692 0.00033402589086651766 0.0
1693 0.0003266556173939887 0.0
1694 0.0003192853439214589 0.0
1695 0.00031191507044892996 0.0
1696 0.0003045447969764006 0.0
1697 0.00029717452350387164 0.0
1698 0.00028980425003134183 0.0
1699 0.000282433976558812 0.0
1700 0.0002750637030862831 0.0
1701 0.00026769342961375326 0.0
1702 0.0002603231561412243 0.0
1703 0.00025295288266869494 0.0
1704 0.000245582609196166 0.0
1705 0.0002382123357236362 0.0
1706 0.00023084206225110638 0.0
1707 0.00022347178877857744 0.0
1708 0.00021610151530604806 0.0
1709 0.00020873124183351868 0.0
1710 0.0002013609683609893 0.0
1711 0.00019399069488846036 0.0
1712 0.00018662042141593055 0.0
1713 0.00017925014794340074 0.0
1714 0.0001718798744708718 0.0
1715 0.00016450960099834242 0.0
1716 0.00015713932752581304 0.0
1717 0.00014976905405328367 0.0
1718 0.00014239878058075472 0.0
1719 0.00013502850710822491 0.0
1720 0.0001276582336356951 0.0
1721 0.00012028796016316616 0.0
1722 0.00011291768669063678 0.0
1723 0.00010554741321810741 0.0
1724 9.817713974557803e-05 0.0
1725 9.080686627304909e-05 0.0
1726 8.343659280051928e-05 0.0
1727 7.606631932798947e-05 0.0
1728 6.869604585546052e-05 0.0
1729 6.132577238293115e-05 0.0
1730 5.39554989104022e-05 0.0
1731 4.658522543787239e-05 0.0
1732 3.921495196534345e-05 0.0
1733 3.184467849281364e-05 0.0
1734 2.4474405020284045e-05 0.0
1735 1.71041315477551e-05 0.0
1736 9.733858075225291e-06 0.0
1737 2.363584602696348e-06 0.0
1738 -5.006688869833246e-06 0.0
1739 -1.2376962342362189e-05 0.0
1740 -1.9747235814892e-05 0.0
1741 -2.7117509287421593e-05 0.0
1742 -3.4487782759950536e-05 0.0
1743 -4.185805623248013e-05 0.0
1744 -4.922832970500929e-05 0.0
1745 -5.6598603177538884e-05 0.0
1746 -6.396887665006783e-05 0.0
1747 -7.133915012259764e-05 0.0
1748 -7.870942359512723e-05 0.0
1749 -8.607969706765617e-05 0.0
1750 -9.344997054018577e-05 0.0
1751 -0.00010082024401271493 0.0
1752 -0.00010819051748524452 0.0
1753 -0.00011556079095777346 0.0
1754 -0.00012293106443030306 0.0
1755 -0.00013030133790283287 0.0
1756 -0.0001376716113753618 0.0
1757 -0.0001450418848478914 0.0
1758 -0.00015241215832042057 0.0
1759 -0.00015978243179295016 0.0
1760 -0.0001671527052654791 0.0
1761 -0.0001745229787380087 0.0
1762 -0.0001818932522105385 0.0
1763 -0.00018926352568306745 0.0
1764 -0.00019663379915559704 0.0
1765 -0.000204004072628126 0.0
1766 -0.0002113743461006558 0.0
1767 -0.00021874461957318474 0.0
1768 -0.00022611489304571433 0.0
1769 -0.00023348516651824414 0.0
1770 -0.0002408554399907731 0.0
1771 -0.0002482257134633027 0.0
1772 -0.0002555959869358316 0.0
1773 -0.00026296626040836144 0.0
1774 -0.0002703365338808904 0.0
1775 -0.00027770680735341997 0.0
1776 -0.00028507708082594957 0.0
1777 -0.0002924473542984787 0.0
1778 -0.0002998176277710083 0.0
1779 -0.00030718790124353726 0.0
1780 -0.0003145581747160671 0.0
1781 -0.000321928448188596 0.0
1782 -0.0003292987216611256 0.0
1783 -0.0003366689951336552 0.0
1784 -0.00034403926860618436 0.0
1785 -0.00035140954207871396 0.0
1786 -0.0003587798155512429 0.0
1787 -0.0003661500890237725 0.0
1788 -0.00037352036249630165 0.0
1789 -0.00038089063596883125 0.0
1790 -0.00038826090944136084 0.0
1791 -0.00039563118291389 0.0
1792 -0.0004030014563864196 0.0
1793 -0.00041037172985894854 0.0
1794 -0.00041774200333147813 0.0
1795 -0.0004251122768040073 0.0
1796 -0.0004324825502765369 0.0
1797 -0.0004398528237490665 0.0
1798 -0.0004472230972215954 0.0
1799 -0.00045459337069412523 0.0
1800 -0.0004619636441666542 0.0
1801 -0.00046933391763918377 0.0
1802 -0.0004767041911117136 0.0
1803 -0.0004840744645842425 0.0
1804 -0.0004914447380567721 0.0
1805 -0.0004988150115293011 0.0
1806 -0.0005061852850018309 0.0
1807 -0.0005135555584743598 0.0
1808 -0.0005209258319468894 0.0
1809 -0.000528296105419419 0.0
1810 -0.0005356663788919482 0.0
1811 -0.0005430366523644778 0.0
1812 -0.0005504069258370067 0.0
1813 -0.0005577771993095363 0.0
1814 -0.0005651474727820655 0.0
1815 -0.000572517746254595 0.0
1816 -0.0005798880197271246 0.0
1817 -0.0005872582931996538 0.0
1818 -0.0005946285666721834 0.0
1819 -0.0006019988401447123 0.0
1820 -0.0006093691136172419 0.0
1821 -0.0006167393870897711 0.0
1822 -0.0006241096605623007 0.0
1823 -0.0006314799340348303 0.0
1824 -0.0006388502075073592 0.0
1825 -0.000646220480979889 0.0
1826 -0.000653590754452418 0.0
1827 -0.0006609610279249476 0.0
1828 -0.0006683313013974767 0.0
1829 -0.0006757015748700063 0.0
1830 -0.0006830718483425359 0.0
1831 -0.0006904421218150649 0.0
1832 -0.0006978123952875947 0.0
1833 -0.0007051826687601236 0.0
1834 -0.0007125529422326532 0.0
1835 -0.0007199232157051821 0.0
1836 -0.000727293489177712 0.0
1837 -0.0007346637626502416 0.0
1838 -0.0007420340361227705 0.0
1839 -0.0007494043095953003 0.0
1840 -0.0007567745830678292 0.0
1841 -0.0007641448565403588 0.0
1842 -0.0007715151300128878 0.0
1843 -0.0007788854034854176 0.0
1844 -0.0007862556769579472 0.0
1845 -0.0007936259504304761 0.0
1846 -0.0008009962239030057 0.0
1847 -0.0008083664973755349 0.0
1848 -0.0008157367708480645 0.0
1849 -0.0008231070443205934 0.0
1850 -0.0008304773177931232 0.0
1851 -0.0008378475912656528 0.0
1852 -0.0008452178647381818 0.0
1853 -0.0008525881382107114 0.0
1854 -0.0008599584116832405 0.0
1855 -0.0008673286851557701 0.0
1856 -0.0008746989586282991 0.0
1857 -0.0008820692321008287 0.0
1858 -0.0008894395055733585 0.0
1859 -0.0008968097790458874 0.0
1860 -0.000904180052518417 0.0
1861 -0.0009115503259909462 0.0
1862 -0.0009189205994634758 0.0
1863 -0.0009262908729360047 0.0
1864 -0.0009336611464085343 0.0
1865 -0.0009410314198810641 0.0
1866 -0.000948401693353593 0.0
1867 -0.0009557719668261226 0.0
1868 -0.0009631422402986517 0.0
1869 -0.0009705125137711813 0.0
1870 -0.0009778827872437103 0.0
1871 -0.00098525306071624 0.0
1872 -0.0009926233341887697 0.0
1873 -0.0009999936076612987 0.0
1874 -0.0010073638811338283 0.0
1875 -0.0010147341546063574 0.0
1876 -0.0010221044280788868 0.0
1877 -0.001029474701551416 0.0
1878 -0.0010368449750239456 0.0
1879 -0.0010442152484964754 0.0
1880 -0.0010515855219690043 0.0
1881 -0.001058955795441534 0.0
1882 -0.0010663260689140629 0.0
1883 -0.0010736963423865925 0.0
1884 -0.0010810666158591216 0.0
1885 -0.0010884368893316512 0.0
1886 -0.001095807162804181 0.0
1887 -0.00110317743627671 0.0
1888 -0.0011105477097492396 0.0
1889 -0.0011179179832217685 0.0
1890 -0.001125288256694298 0.0
1891 -0.001132658530166827 0.0
1892 -0.0011400288036393568 0.0
1893 -0.0011473990771118864 0.0
1894 -0.0011547693505844156 0.0
1895 -0.0011621396240569452 0.0
1896 -0.0011695098975294741 0.0
1897 -0.0011768801710020037 0.0
1898 -0.0011842504444745327 0.0
1899 -0.0011916207179470625 0.0
1900 -0.001198990991419592 0.0
1901 -0.0012063612648921212 0.0
1902 -0.0012137315383646506 0.0
1903 -0.0012211018118371798 0.0
1904 -0.0012284720853097094 0.0
1905 -0.0012358423587822383 0.0
1906 -0.0012432126322547681 0.0
1907 -0.0012505829057272977 0.0
1908 -0.0012579531791998269 0.0
1909 -0.0012653234526723563 0.0
1910 -0.0012726937261448854 0.0
1911 -0.001280063999617415 0.0
1912 -0.001287434273089944 0.0
1913 -0.0012948045465624738 0.0
1914 -0.0013021748200350034 0.0
1915 -0.0013095450935075323 0.0
1916 -0.0013169153669800619 0.0
1917 -0.0013242856404525908 0.0
1918 -0.0013316559139251206 0.0
1919 -0.0013390261873976496 0.0
1920 -0.0013463964608701794 0.0
1921 -0.001353766734342709 0.0
1922 -0.001361137007815238 0.0
1923 -0.0013685072812877675 0.0
1924 -0.0013758775547602965 0.0
1925 -0.0013832478282328263 0.0
1926 -0.0013906181017053552 0.0
1927 -0.001397988375177885 0.0
1928 -0.0014053586486504144 0.0
1929 -0.0014127289221229436 0.0
1930 -0.0014200991955954732 0.0
1931 -0.0014274694690680021 0.0
1932 -0.001434839742540532 0.0
1933 -0.0014422100160130609 0.0
1934 -0.0014495802894855905 0.0
1935 -0.0014569505629581203 0.0
1936 -0.0014643208364306492 0.0
1937 -0.0014716911099031788 0.0
1938 -0.0014790613833757077 0.0
1939 -0.0014864316568482376 0.0
1940 -0.0014938019303207665 0.0
1941 -0.001501172203793296 0.0
1942 -0.0015085424772658257 0.0
1943 -0.0015159127507383548 0.0
1944 -0.0015232830242108844 0.0
1945 -0.0015306532976834134 0.0
1946 -0.0015380235711559432 0.0
1947 -0.0015453938446284721 0.0
1948 -0.0015527641181010017 0.0
1949 -0.0015601343915735313 0.0
1950 -0.0015675046650460605 0.0
1951 -0.00157487493851859 0.0
1952 -0.001582245211991119 0.0
1953 -0.0015896154854636488 0.0
1954 -0.0015969857589361778 0.0
1955 -0.0016043560324087074 0.0
1956 -0.001611726305881237 0.0
1957 -0.001619096579353766 0.0
1958 -0.0016264668528262957 0.0
1959 -0.0016338371262988247 0.0
1960 -0.0016412073997713545 0.0
1961 -0.0016485776732438834 0.0
1962 -0.001655947946716413 0.0
1963 -0.0016633182201889426 0.0
1964 -0.0016706884936614715 0.0
1965 -0.0016780587671340014 0.0
1966 -0.0016854290406065303 0.0
1967 -0.00169279931407906 0.0
1968 -0.0017001695875515897 0.0
1969 -0.0017075398610241186 0.0
1970 -0.0017149101344966482 0.0
1971 -0.0017222804079691772 0.0
1972 -0.001729650681441707 0.0
1973 -0.001737020954914236 0.0
1974 -0.0017443912283867655 0.0
1975 -0.0017517615018592951 0.0
1976 -0.0017591317753318243 0.0
1977 -0.0017665020488043539 0.0
1978 -0.0017738723222768828 0.0
1979 -0.0017812425957494126 0.0
1980 -0.0017886128692219416 0.0
1981 -0.0017959831426944712 0.0
1982 -0.0018033534161670008 0.0
1983 -0.00181072368963953 0.0
1984 -0.0018180939631120595 0.0
1985 -0.0018254642365845885 0.0
1986 -0.0018328345100571183 0.0
1987 -0.0018402047835296472 0.0
1988 -0.0018475750570021768 0.0
1989 -0.0018549453304747064 0.0
1990 -0.0018623156039472356 0.0
1991 -0.0018696858774197652 0.0
1992 -0.001877056150892294 0.0
1993 -0.0018844264243648237 0.0
1994 -0.0018917966978373528 0.0
1995 -0.0018991669713098824 0.0
1996 -0.001906537244782412 0.0
1997 -0.001913907518254941 0.0
1998 -0.0019212777917274708 0.0
1999 -0.0019286480651999997 0.0
2000 -0.0019286480651999997 0.0
2001 -0.0019286480651999997 0.0
2002 -0.0019286480651999997 0.0
2003 -0.0019286480651999997 0.0
2004 -0.0019286480651999997 0.0
2005 -0.0019286480651999997 0.0
2006 -0.0019286480651999997 0.0
2007 -0.0019286480651999997 0.0
2008 -0.0019286480651999997 0.0
2009 -0.0019286480651999997 0.0
2010 -0.0019286480651999997 0.0
2011 -0.0019286480651999997 0.0
2012 -0.0019286480651999997 0.0
2013 -0.0019286480651999997 0.0
2014 -0.0019286480651999997 0.0
2015 -0.0019286480651999997 0.0
2016 -0.0019286480651999997 0.0
2017 -0.0019286480651999997 0.0
2018 -0.0019286480651999997 0.0
2019 -0.0019286480651999997 0.0
2020 -0.0019286480651999997 0.0
2021 -0.0019286480651999997 0.0
2022 -0.0019286480651999997 0.0
2023 -0.0019286480651999997 0.0
2024 -0.0019286480651999997 0.0
2025 -0.0019286480651999997 0.0
2026 -0.0019286480651999997 0.0
2027 -0.0019286480651999997 0.0
2028 -0.0019286480651999997 0.0
2029 -0.0019286480651999997 0.0
2030 -0.0019286480651999997 0.0
2031 -0.0019286480651999997 0.0
2032 -0.0019286480651999997 0.0
2033 -0.0019286480651999997 0.0
2034 -0.0019286480651999997 0.0
2035 -0.0019286480651999997 0.0
2036 -0.0019286480651999997 0.0
2037 -0.0019286480651999997 0.0
2038 -0.0019286480651999997 0.0
2039 -0.0019286480651999997 0.0
2040 -0.0019286480651999997 0.0
2041 -0.0019286480651999997 0.0
2042 -0.0019286480651999997 0.0
2043 -0.0019286480651999997 0.0
2044 -0.0019286480651999997 0.0
2045 -0.0019286480651999997 0.0
2046 -0.0019286480651999997 0.0
2047 -0.0019286480651999997 0.0
2048 -0.0019286480651999997 0.0
2049 -0.0019286480651999997 0.0
2050 -0.0019286480651999997 0.0
2051 -0.0019286480651999997 0.0
2052 -0.0019286480651999997 0.0
2053 -0.0019286480651999997 0.0
2054 -0.0019286480651999997 0.0
2055 -0.0019286480651999997 0.0
2056 -0.0019286480651999997 0.0
2057 -0.0019286480651999997 0.0
2058 -0.0019286480651999997 0.0
2059 -0.0019286480651999997 0.0
2060 -0.0019286480651999997 0.0
2061 -0.0019286480651999997 0.0
2062 -0.0019286480651999997 0.0
2063 -0.0019286480651999997 0.0
2064 -0.0019286480651999997 0.0
2065 -0.0019286480651999997 0.0
2066 -0.0019286480651999997 0.0
2067 -0.0019286480651999997 0.0
2068 -0.0019286480651999997 0.0
2069 -0.0019286480651999997 0.0
2070 -0.0019286480651999997 0.0
2071 -0.0019286480651999997 0.0
2072 -0.0019286480651999997 0.0
2073 -0.0019286480651999997 0.0
2074 -0.0019286480651999997 0.0
2075 -0.0019286480651999997 0.0
2076 -0.0019286480651999997 0.0
2077 -0.0019286480651999997 0.0
2078 -0.0019286480651999997 0.0
2079 -0.0019286480651999997 0.0
2080 -0.0019286480651999997 0.0
2081 -0.0019286480651999997 0.0
2082 -0.0019286480651999997 0.0
2083 -0.0019286480651999997 0.0
2084 -0.0019286480651999997 0.0
2085 -0.0019286480651999997 0.0
2086 -0.0019286480651999997 0.0
2087 -0.0019286480651999997 0.0
2088 -0.0019286480651999997 0.0
2089 -0.0019286480651999997 0.0
2090 -0.0019286480651999997 0.0
2091 -0.0019286480651999997 0.0
2092 -0.0019286480651999997 0.0
2093 -0.0019286480651999997 0.0
2094 -0.0019286480651999997 0.0
2095 -0.0019286480651999997 0.0
2096 -0.0019286480651999997 0.0
2097 -0.0019286480651999997 0.0
2098 -0.0019286480651999997 0.0
2099 -0.0019286480651999997 0.0
2100 -0.0019286480651999997 0.0
2101 -0.0019286480651999997 0.0
2102 -0.0019286480651999997 0.0
2103 -0.0019286480651999997 0.0
2104 -0.0019286480651999997 0.0
2105 -0.0019286480651999997 0.0
2106 -0.0019286480651999997 0.0
2107 -0.0019286480651999997 0.0
2108 -0.0019286480651999997 0.0
2109 -0.0019286480651999997 0.0
2110 -0.0019286480651999997 0.0
2111 -0.0019286480651999997 0.0
2112 -0.0019286480651999997 0.0
2113 -0.0019286480651999997 0.0
2114 -0.0019286480651999997 0.0
2115 -0.0019286480651999997 0.0
2116 -0.0019286480651999997 0.0
2117 -0.0019286480651999997 0.0
2118 -0.0019286480651999997 0.0
2119 -0.0019286480651999997 0.0
2120 -0.0019286480651999997 0.0
2121 -0.0019286480651999997 0.0
2122 -0.0019286480651999997 0.0
2123 -0.0019286480651999997 0.0
2124 -0.0019286480651999997 0.0
2125 -0.0019286480651999997 0.0
2126 -0.0019286480651999997 0.0
2127 -0.0019286480651999997 0.0
2128 -0.0019286480651999997 0.0
2129 -0.0019286480651999997 0.0
2130 -0.0019286480651999997 0.0
2131 -0.0019286480651999997 0.0
2132 -0.0019286480651999997 0.0
2133 -0.0019286480651999997 0.0
2134 -0.0019286480651999997 0.0
2135 -0.0019286480651999997 0.0
2136 -0.0019286480651999997 0.0
2137 -0.0019286480651999997 0.0
2138 -0.0019286480651999997 0.0
2139 -0.0019286480651999997 0.0
2140 -0.0019286480651999997 0.0
2141 -0.0019286480651999997 0.0
2142 -0.0019286480651999997 0.0
2143 -0.0019286480651999997 0.0
2144 -0.0019286480651999997 0.0
2145 -0.0019286480651999997 0.0
2146 -0.0019286480651999997 0.0
2147 -0.0019286480651999997 0.0
2148 -0.0019286480651999997 0.0
2149 -0.0019286480651999997 0.0
2150 -0.0019286480651999997 0.0
2151 -0.0019286480651999997 0.0
2152 -0.0019286480651999997 0.0
2153 -0.0019286480651999997 0.0
2154 -0.0019286480651999997 0.0
2155 -0.0019286480651999997 0.0
2156 -0.0019286480651999997 0.0
2157 -0.0019286480651999997 0.0
2158 -0.0019286480651999997 0.0
2159 -0.0019286480651999997 0.0
2160 -0.0019286480651999997 0.0
2161 -0.0019286480651999997 0.0
2162 -0.0019286480651999997 0.0
2163 -0.0019286480651999997 0.0
2164 -0.0019286480651999997 0.0
2165 -0.0019286480651999997 0.0
2166 -0.0019286480651999997 0.0
2167 -0.0019286480651999997 0.0
2168 -0.0019286480651999997 0.0
2169 -0.0019286480651999997 0.0
2170 -0.0019286480651999997 0.0
2171 -0.0019286480651999997 0.0
2172 -0.0019286480651999997 0.0
2173 -0.0019286480651999997 0.0
2174 -0.0019286480651999997 0.0
2175 -0.0019286480651999997 0.0
2176 -0.0019286480651999997 0.0
2177 -0.0019286480651999997 0.0
2178 -0.0019286480651999997 0.0
2179 -0.0019286480651999997 0.0
2180 -0.0019286480651999997 0.0
2181 -0.0019286480651999997 0.0
2182 -0.0019286480651999997 0.0
2183 -0.0019286480651999997 0.0
2184 -0.0019286480651999997 0.0
2185 -0.0019286480651999997 0.0
2186 -0.0019286480651999997 0.0
2187 -0.0019286480651999997 0.0
2188 -0.0019286480651999997 0.0
2189 -0.0019286480651999997 0.0
2190 -0.0019286480651999997 0.0
2191 -0.0019286480651999997 0.0
2192 -0.0019286480651999997 0.0
2193 -0.0019286480651999997 0.0
2194 -0.0019286480651999997 0.0
2195 -0.0019286480651999997 0.0
2196 -0.0019286480651999997 0.0
2197 -0.0019286480651999997 0.0
2198 -0.0019286480651999997 0.0
2199 -0.0019286480651999997 0.0