 0.0000000E+00
 0.4756730E-04
 0.0000000E+00
 0.1653550E-03
 0.0000000E+00
 0.0000000E+00
 0.4756730E-04
 0.0000000E+00
 0.0000000E+00
 0.0000000E+00
 0.1653550E-03
 0.0000000E+00
 0.0000000E+00
 0.0000000E+00
 0.0000000E+00
 0.4756730E-04
 0.1653550E-03
 0.5187183E-03
 0.1873277E-02
 0.3934563E-02
 0.6702575E-02
 0.8881648E-02
 0.1088404E-01
 0.1217970E-01
 0.1341648E-01
 0.1494772E-01
 0.1583113E-01
 0.1671453E-01
 0.1777462E-01
 0.1848135E-01
 0.1907029E-01
 0.2001259E-01
 0.2054263E-01
 0.2113157E-01
 0.2154383E-01
 0.2201498E-01
 0.2248613E-01
 0.2254503E-01
 0.2307507E-01
 0.2313397E-01
 0.2342843E-01
 0.2360512E-01
 0.2366401E-01
 0.2360512E-01
 0.2389959E-01
 0.2372290E-01
 0.2360512E-01
 0.2366401E-01
 0.2389959E-01
 0.2354622E-01
 0.2354622E-01
 0.2307507E-01
 0.2278060E-01
 0.2254503E-01
 0.2236835E-01
 0.2213277E-01
 0.2177941E-01
 0.2130825E-01
 0.2083710E-01
 0.2018927E-01
 0.1960033E-01
 0.1901140E-01
 0.1836356E-01
 0.1742126E-01
 0.1671453E-01
 0.1600781E-01
 0.1518329E-01
 0.1376984E-01
 0.1259196E-01
 0.1135519E-01
 0.9647269E-02
 0.7585983E-02
 0.4700183E-02
 0.2049959E-02
 0.4598244E-03
 0.0000000E+00
 0.0000000E+00
 0.0000000E+00
 0.0000000E+00
 0.0000000E+00
 0.0000000E+00
 0.0000000E+00
 0.0000000E+00
 0.0000000E+00
 0.0000000E+00
 0.0000000E+00
 0.0000000E+00
 0.0000000E+00
 0.0000000E+00
 0.0000000E+00
 0.0000000E+00
 0.0000000E+00
 0.0000000E+00
 0.0000000E+00
 0.0000000E+00
 0.0000000E+00
 0.0000000E+00
 0.0000000E+00
 0.0000000E+00
 0.0000000E+00
