2200 0.000002100546602 1.0
2
0 0.0 0.0
1 0.0 0.0
2 0.0 0.0
3 0.0 0.0
4 0.0 0.0
5 0.0 0.0
6 0.0 0.0
7 0.0 0.0
8 0.0 0.0
9 0.0 0.0
10 0.0 0.0
11 0.0 0.0
12 0.0 0.0
13 0.0 0.0
14 0.0 0.0
15 0.0 0.0
16 0.0 0.0
17 0.0 0.0
18 0.0 0.0
19 0.0 0.0
20 0.0 0.0
21 0.0 0.0
22 0.0 0.0
23 0.0 0.0
24 0.0 0.0
25 0.0 0.0
26 0.0 0.0
27 0.0 0.0
28 0.0 0.0
29 0.0 0.0
30 0.0 0.0
31 0.0 0.0
32 0.0 0.0
33 0.0 0.0
34 0.0 0.0
35 0.0 0.0
36 0.0 0.0
37 0.0 0.0
38 0.0 0.0
39 0.0 0.0
40 0.0 0.0
41 0.0 0.0
42 0.0 0.0
43 0.0 0.0
44 0.0 0.0
45 0.0 0.0
46 0.0 0.0
47 0.0 0.0
48 0.0 0.0
49 0.0 0.0
50 0.0 0.0
51 0.0 0.0
52 0.0 0.0
53 0.0 0.0
54 0.0 0.0
55 0.0 0.0
56 0.0 0.0
57 0.0 0.0
58 0.0 0.0
59 0.0 0.0
60 0.0 0.0
61 0.0 0.0
62 0.0 0.0
63 0.0 0.0
64 0.0 0.0
65 0.0 0.0
66 0.0 0.0
67 0.0 0.0
68 0.0 0.0
69 0.0 0.0
70 0.0 0.0
71 0.0 0.0
72 0.0 0.0
73 0.0 0.0
74 0.0 0.0
75 0.0 0.0
76 0.0 0.0
77 0.0 0.0
78 0.0 0.0
79 0.0 0.0
80 0.0 0.0
81 0.0 0.0
82 0.0 0.0
83 0.0 0.0
84 0.0 0.0
85 0.0 0.0
86 0.0 0.0
87 0.0 0.0
88 0.0 0.0
89 0.0 0.0
90 0.0 0.0
91 0.0 0.0
92 0.0 0.0
93 0.0 0.0
94 0.0 0.0
95 0.0 0.0
96 0.0 0.0
97 0.0 0.0
98 0.0 0.0
99 0.0 0.0
100 0.0 0.0
101 0.0 0.0
102 0.0 0.0
103 0.0 0.0
104 0.0 0.0
105 0.0 0.0
106 0.0 0.0
107 0.0 0.0
108 0.0 0.0
109 0.0 0.0
110 0.0 0.0
111 0.0 0.0
112 0.0 0.0
113 0.0 0.0
114 0.0 0.0
115 0.0 0.0
116 0.0 0.0
117 0.0 0.0
118 0.0 0.0
119 0.0 0.0
120 0.0 0.0
121 0.0 0.0
122 0.0 0.0
123 0.0 0.0
124 0.0 0.0
125 0.0 0.0
126 0.0 0.0
127 0.0 0.0
128 0.0 0.0
129 0.0 0.0
130 0.0 0.0
131 0.0 0.0
132 0.0 0.0
133 0.0 0.0
134 0.0 0.0
135 0.0 0.0
136 0.0 0.0
137 0.0 0.0
138 0.0 0.0
139 0.0 0.0
140 0.0 0.0
141 0.0 0.0
142 0.0 0.0
143 0.0 0.0
144 0.0 0.0
145 0.0 0.0
146 0.0 0.0
147 0.0 0.0
148 0.0 0.0
149 0.0 0.0
150 0.0 0.0
151 0.0 0.0
152 0.0 0.0
153 0.0 0.0
154 0.0 0.0
155 0.0 0.0
156 0.0 0.0
157 0.0 0.0
158 0.0 0.0
159 0.0 0.0
160 0.0 0.0
161 0.0 0.0
162 0.0 0.0
163 0.0 0.0
164 0.0 0.0
165 0.0 0.0
166 0.0 0.0
167 0.0 0.0
168 0.0 0.0
169 0.0 0.0
170 0.0 0.0
171 0.0 0.0
172 0.0 0.0
173 0.0 0.0
174 0.0 0.0
175 0.0 0.0
176 0.0 0.0
177 0.0 0.0
178 0.0 0.0
179 0.0 0.0
180 0.0 0.0
181 0.0 0.0
182 0.0 0.0
183 0.0 0.0
184 0.0 0.0
185 0.0 0.0
186 0.0 0.0
187 0.0 0.0
188 0.0 0.0
189 0.0 0.0
190 0.0 0.0
191 0.0 0.0
192 0.0 0.0
193 0.0 0.0
194 0.0 0.0
195 0.0 0.0
196 0.0 0.0
197 0.0 0.0
198 0.0 0.0
199 0.0 0.0
200 0.0 0.0
201 -7.113596271987267e-05 0.0
202 -0.00014227170874726616 0.0
203 -0.00021340702139036144 0.0
204 -0.0002845416839586595 0.0
205 -0.00035567547976364164 0.0
206 -0.0004268081921194296 0.0
207 -0.0004979396043434454 0.0
208 -0.0005690694997570713 0.0
209 -0.0006401976616863102 0.0
210 -0.0007113238734624456 0.0
211 -0.0007824479184227016 0.0
212 -0.0008535695799109023 0.0
213 -0.0009246886412781323 0.0
214 -0.0009958048858833975 0.0
215 -0.0010669180970942832 0.0
216 -0.0011380280582876153 0.0
217 -0.0012091345528501198 0.0
218 -0.0012802373641790825 0.0
219 -0.0013513362756830093 0.0
220 -0.0014224310707822857 0.0
221 -0.0014935215329098357 0.0
222 -0.001564607445511783 0.0
223 -0.0016356885920481101 0.0
224 -0.0017067647559933171 0.0
225 -0.0017778357208370823 0.0
226 -0.001848901270084921 0.0
227 -0.0019199611872588466 0.0
228 -0.0019910152558980272 0.0
229 -0.002062063259559447 0.0
230 -0.002133104981818566 0.0
231 -0.0022041402062699775 0.0
232 -0.0022751687165280684 0.0
233 -0.0023461902962276784 0.0
234 -0.0024172047290247595 0.0
235 -0.002488211798597033 0.0
236 -0.0025592112886446508 0.0
237 -0.0026302029828908532 0.0
238 -0.0027011866650826274 0.0
239 -0.002772162118991368 0.0
240 -0.002843129128413533 0.0
241 -0.0029140874771713043 0.0
242 -0.0029850369491132454 0.0
243 -0.003055977328114961 0.0
244 -0.0031269083980797526 0.0
245 -0.003197829942939282 0.0
246 -0.0032687417466542223 0.0
247 -0.0033396435932149223 0.0
248 -0.003410535266642061 0.0
249 -0.003481416550987306 0.0
250 -0.003552287230333974 0.0
251 -0.0036231470887976847 0.0
252 -0.0036939959105270195 0.0
253 -0.0037648334797041813 0.0
254 -0.0038356595805456493 0.0
255 -0.003906473997302837 0.0
256 -0.0039772765142627505 0.0
257 -0.004048066915748644 0.0
258 -0.004118844986120677 0.0
259 -0.004189610509776575 0.0
260 -0.0042603632711522765 0.0
261 -0.004331103054722603 0.0
262 -0.0044018296450019055 0.0
263 -0.0044725428265447245 0.0
264 -0.0045432423839464435 0.0
265 -0.004613928101843951 0.0
266 -0.004684599764916292 0.0
267 -0.0047552571578853235 0.0
268 -0.0048259000655163755 0.0
269 -0.004896528272618896 0.0
270 -0.004967141564047121 0.0
271 -0.005037739724700716 0.0
272 -0.005108322539525444 0.0
273 -0.005178889793513805 0.0
274 -0.00524944127170571 0.0
275 -0.0053199767591891175 0.0
276 -0.0053904960411007025 0.0
277 -0.005460998902626502 0.0
278 -0.0055314851290025726 0.0
279 -0.005601954505515643 0.0
280 -0.005672406817503775 0.0
281 -0.0057428418503570056 0.0
282 -0.00581325938951801 0.0
283 -0.0058836592204827495 0.0
284 -0.005954041128801136 0.0
285 -0.006024404900077663 0.0
286 -0.006094750319972088 0.0
287 -0.006165077174200056 0.0
288 -0.0062353852485337756 0.0
289 -0.00630567432880266 0.0
290 -0.00637594420089398 0.0
291 -0.006446194650753517 0.0
292 -0.00651642546438622 0.0
293 -0.00658663642785685 0.0
294 -0.006656827327290636 0.0
295 -0.006726997948873926 0.0
296 -0.006797148078854836 0.0
297 -0.006867277503543903 0.0
298 -0.006937386009314742 0.0
299 -0.007007473382604683 0.0
300 -0.007077539409915432 0.0
301 -0.00714758387781372 0.0
302 -0.007217606572931948 0.0
303 -0.007287607281968845 0.0
304 -0.007357585791690109 0.0
305 -0.007427541888929068 0.0
306 -0.007497475360587312 0.0
307 -0.0075673859936353635 0.0
308 -0.007637273575113304 0.0
309 -0.007707137892131447 0.0
310 -0.007776978731870962 0.0
311 -0.00784679588158454 0.0
312 -0.007916589128597036 0.0
313 -0.007986358260306114 0.0
314 -0.008056103064182902 0.0
315 -0.008125823327772628 0.0
316 -0.00819551883869528 0.0
317 -0.008265189384646246 0.0
318 -0.008334834753396959 0.0
319 -0.008404454732795547 0.0
320 -0.008474049110767478 0.0
321 -0.008543617675316213 0.0
322 -0.008613160214523834 0.0
323 -0.008682676516551704 0.0
324 -0.00875216636964112 0.0
325 -0.008821629562113931 0.0
326 -0.008891065882373208 0.0
327 -0.008960475118903877 0.0
328 -0.009029857060273368 0.0
329 -0.009099211495132256 0.0
330 -0.009168538212214899 0.0
331 -0.009237837000340098 0.0
332 -0.009307107648411727 0.0
333 -0.009376349945419379 0.0
334 -0.009445563680439004 0.0
335 -0.009514748642633568 0.0
336 -0.009583904621253674 0.0
337 -0.009653031405638219 0.0
338 -0.009722128785215028 0.0
339 -0.009791196549501504 0.0
340 -0.009860234488105255 0.0
341 -0.009929242390724747 0.0
342 -0.00999822004714994 0.0
343 -0.010067167247262934 0.0
344 -0.0101360837810386 0.0
345 -0.010204969438545222 0.0
346 -0.010273824009945138 0.0
347 -0.01034264728549539 0.0
348 -0.01041143905554834 0.0
349 -0.010480199110552327 0.0
350 -0.010548927241052296 0.0
351 -0.010617623237690449 0.0
352 -0.01068628689120686 0.0
353 -0.010754917992440138 0.0
354 -0.010823516332328042 0.0
355 -0.010892081701908132 0.0
356 -0.010960613892318408 0.0
357 -0.011029112694797925 0.0
358 -0.011097577900687454 0.0
359 -0.011166009301430104 0.0
360 -0.01123440668857196 0.0
361 -0.011302769853762723 0.0
362 -0.011371098588756333 0.0
363 -0.011439392685411612 0.0
364 -0.0115076519356929 0.0
365 -0.01157587613167068 0.0
366 -0.01164406506552222 0.0
367 -0.01171221852953221 0.0
368 -0.011780336316093367 0.0
369 -0.011848418217707105 0.0
370 -0.011916464026984146 0.0
371 -0.011984473536645153 0.0
372 -0.012052446539521365 0.0
373 -0.012120382828555225 0.0
374 -0.012188282196801016 0.0
375 -0.01225614443742549 0.0
376 -0.012323969343708488 0.0
377 -0.012391756709043588 0.0
378 -0.012459506326938718 0.0
379 -0.01252721799101679 0.0
380 -0.01259489149501633 0.0
381 -0.012662526632792118 0.0
382 -0.012730123198315787 0.0
383 -0.012797680985676475 0.0
384 -0.012865199789081449 0.0
385 -0.012932679402856724 0.0
386 -0.013000119621447693 0.0
387 -0.013067520239419754 0.0
388 -0.013134881051458935 0.0
389 -0.013202201852372523 0.0
390 -0.013269482437089685 0.0
391 -0.013336722600662083 0.0
392 -0.013403922138264527 0.0
393 -0.013471080845195568 0.0
394 -0.013538198516878137 0.0
395 -0.013605274948860168 0.0
396 -0.013672309936815213 0.0
397 -0.013739303276543078 0.0
398 -0.013806254763970429 0.0
399 -0.013873164195151423 0.0
400 -0.013940031366268332 0.0
401 -0.014006856073632156 0.0
402 -0.014073638113683245 0.0
403 -0.014140377282991924 0.0
404 -0.014207073378259109 0.0
405 -0.01427372619631693 0.0
406 -0.014340335534129342 0.0
407 -0.01440690118879275 0.0
408 -0.01447342295753662 0.0
409 -0.014539900637724121 0.0
410 -0.014606334026852701 0.0
411 -0.014672722922554737 0.0
412 -0.014739067122598138 0.0
413 -0.01480536642488697 0.0
414 -0.014871620627462057 0.0
415 -0.014937829528501607 0.0
416 -0.015003992926321822 0.0
417 -0.015070110619377526 0.0
418 -0.015136182406262756 0.0
419 -0.015202208085711391 0.0
420 -0.015268187456597755 0.0
421 -0.01533412031793725 0.0
422 -0.015400006468886944 0.0
423 -0.01546584570874619 0.0
424 -0.015531637836957253 0.0
425 -0.015597382653105896 0.0
426 -0.015663079956922003 0.0
427 -0.015728729548280206 0.0
428 -0.01579433122720045 0.0
429 -0.01585988479384865 0.0
430 -0.015925390048537276 0.0
431 -0.01599084679172596 0.0
432 -0.01605625482402211 0.0
433 -0.01612161394618152 0.0
434 -0.016186923959108958 0.0
435 -0.01625218466385881 0.0
436 -0.016317395861635647 0.0
437 -0.016382557353794847 0.0
438 -0.016447668941843217 0.0
439 -0.016512730427439552 0.0
440 -0.016577741612395294 0.0
441 -0.0166427022986751 0.0
442 -0.016707612288397452 0.0
443 -0.016772471383835256 0.0
444 -0.016837279387416467 0.0
445 -0.016902036101724662 0.0
446 -0.016966741329499668 0.0
447 -0.017031394873638132 0.0
448 -0.01709599653719415 0.0
449 -0.017160546123379847 0.0
450 -0.017225043435565992 0.0
451 -0.017289488277282588 0.0
452 -0.01735388045221947 0.0
453 -0.017418219764226896 0.0
454 -0.017482506017316175 0.0
455 -0.017546739015660232 0.0
456 -0.017610918563594213 0.0
457 -0.01767504446561608 0.0
458 -0.017739116526387218 0.0
459 -0.017803134550733016 0.0
460 -0.017867098343643473 0.0
461 -0.017931007710273776 0.0
462 -0.01799486245594492 0.0
463 -0.018058662386144272 0.0
464 -0.018122407306526176 0.0
465 -0.018186097022912556 0.0
466 -0.018249731341293488 0.0
467 -0.0183133100678278 0.0
468 -0.018376833008843664 0.0
469 -0.018440299970839194 0.0
470 -0.01850371076048301 0.0
471 -0.01856706518461485 0.0
472 -0.01863036305024615 0.0
473 -0.01869360416456064 0.0
474 -0.018756788334914908 0.0
475 -0.01881991536883902 0.0
476 -0.018882985074037083 0.0
477 -0.018945997258387838 0.0
478 -0.019008951729945243 0.0
479 -0.01907184829693906 0.0
480 -0.019134686767775435 0.0
481 -0.019197466951037488 0.0
482 -0.019260188655485896 0.0
483 -0.019322851690059466 0.0
484 -0.019385455863875734 0.0
485 -0.019448000986231524 0.0
486 -0.01951048686660355 0.0
487 -0.01957291331464898 0.0
488 -0.019635280140206032 0.0
489 -0.019697587153294532 0.0
490 -0.01975983416411652 0.0
491 -0.0198220209830568 0.0
492 -0.019884147420683538 0.0
493 -0.019946213287748836 0.0
494 -0.020008218395189292 0.0
495 -0.0200701625541266 0.0
496 -0.02013204557586812 0.0
497 -0.02019386727190741 0.0
498 -0.02025562745392488 0.0
499 -0.020317325933788297 0.0
500 -0.0203789625235534 0.0
501 -0.020440537035464442 0.0
502 -0.020502049281954784 0.0
503 -0.020563499075647453 0.0
504 -0.020624886229355717 0.0
505 -0.020686210556083665 0.0
506 -0.020747471869026767 0.0
507 -0.020808669981572426 0.0
508 -0.020869804707300592 0.0
509 -0.020930875859984276 0.0
510 -0.020991883253590166 0.0
511 -0.02105282670227916 0.0
512 -0.021113706020406933 0.0
513 -0.02117452102252454 0.0
514 -0.021235271523378924 0.0
515 -0.021295957337913524 0.0
516 -0.02135657828126884 0.0
517 -0.02141713416878295 0.0
518 -0.021477624815992125 0.0
519 -0.02153805003863136 0.0
520 -0.021598409652634952 0.0
521 -0.021658703474137047 0.0
522 -0.0217189313194722 0.0
523 -0.02177909300517597 0.0
524 -0.02183918834798541 0.0
525 -0.02189921716483969 0.0
526 -0.02195917927288062 0.0
527 -0.022019074489453224 0.0
528 -0.02207890263210628 0.0
529 -0.0221386635185929 0.0
530 -0.022198356966871047 0.0
531 -0.022257982795104138 0.0
532 -0.02231754082166155 0.0
533 -0.022377030865119215 0.0
534 -0.022436452744260132 0.0
535 -0.022495806278074956 0.0
536 -0.022555091285762534 0.0
537 -0.022614307586730446 0.0
538 -0.022673455000595567 0.0
539 -0.022732533347184624 0.0
540 -0.022791542446534727 0.0
541 -0.02285048211889392 0.0
542 -0.022909352184721753 0.0
543 -0.022968152464689782 0.0
544 -0.023026882779682158 0.0
545 -0.023085542950796154 0.0
546 -0.023144132799342725 0.0
547 -0.023202652146847032 0.0
548 -0.02326110081504898 0.0
549 -0.023319478625903802 0.0
550 -0.02337778540158256 0.0
551 -0.023436020964472705 0.0
552 -0.023494185137178603 0.0
553 -0.02355227774252211 0.0
554 -0.023610298603543065 0.0
555 -0.023668247543499867 0.0
556 -0.023726124385869993 0.0
557 -0.023783928954350546 0.0
558 -0.02384166107285879 0.0
559 -0.02389932056553267 0.0
560 -0.023956907256731382 0.0
561 -0.02401442097103587 0.0
562 -0.024071861533249393 0.0
563 -0.02412922876839803 0.0
564 -0.024186522501731235 0.0
565 -0.024243742558722362 0.0
566 -0.024300888765069195 0.0
567 -0.02435796094669448 0.0
568 -0.024414958929746447 0.0
569 -0.024471882540599354 0.0
570 -0.024528731605854028 0.0
571 -0.024585505952338344 0.0
572 -0.024642205407107792 0.0
573 -0.024698829797446007 0.0
574 -0.024755378950865273 0.0
575 -0.024811852695107068 0.0
576 -0.024868250858142562 0.0
577 -0.024924573268173177 0.0
578 -0.02498081975363108 0.0
579 -0.02503699014317973 0.0
580 -0.025093084265714376 0.0
581 -0.025149101950362587 0.0
582 -0.025205043026484786 0.0
583 -0.02526090732367475 0.0
584 -0.02531669467176014 0.0
585 -0.025372404900803024 0.0
586 -0.02542803784110038 0.0
587 -0.025483593323184627 0.0
588 -0.02553907117782413 0.0
589 -0.02559447123602372 0.0
590 -0.02564979332902522 0.0
591 -0.02570503728830793 0.0
592 -0.02576020294558917 0.0
593 -0.02581529013282479 0.0
594 -0.02587029868220966 0.0
595 -0.025925228426178195 0.0
596 -0.02598007919740487 0.0
597 -0.026034850828804725 0.0
598 -0.026089543153533876 0.0
599 -0.02614415600499001 0.0
600 -0.026198689216812912 0.0
601 -0.026253142622884966 0.0
602 -0.026307516057331646 0.0
603 -0.026361809354522047 0.0
604 -0.026416022349069368 0.0
605 -0.026470154875831424 0.0
606 -0.02652420676991115 0.0
607 -0.02657817786665711 0.0
608 -0.026632068001663973 0.0
609 -0.026685877010773053 0.0
610 -0.026739604730072766 0.0
611 -0.02679325099589917 0.0
612 -0.026846815644836427 0.0
613 -0.026900298513717332 0.0
614 -0.02695369943962379 0.0
615 -0.027007018259887328 0.0
616 -0.027060254812089554 0.0
617 -0.027113408934062718 0.0
618 -0.02716648046389013 0.0
619 -0.027219469239906716 0.0
620 -0.02727237510069947 0.0
621 -0.027325197885107972 0.0
622 -0.027377937432224844 0.0
623 -0.027430593581396295 0.0
624 -0.027483166172222556 0.0
625 -0.0275356550445584 0.0
626 -0.02758806003851362 0.0
627 -0.02764038099445352 0.0
628 -0.027692617752999377 0.0
629 -0.027744770155028985 0.0
630 -0.027796838041677072 0.0
631 -0.02784882125433583 0.0
632 -0.027900719634655374 0.0
633 -0.02795253302454424 0.0
634 -0.02800426126616986 0.0
635 -0.02805590420195903 0.0
636 -0.02810746167459842 0.0
637 -0.028158933527035027 0.0
638 -0.028210319602476653 0.0
639 -0.02826161974439241 0.0
640 -0.028312833796513164 0.0
641 -0.02836396160283203 0.0
642 -0.028415003007604845 0.0
643 -0.02846595785535064 0.0
644 -0.028516825990852115 0.0
645 -0.028567607259156098 0.0
646 -0.02861830150557404 0.0
647 -0.028668908575682484 0.0
648 -0.02871942831532351 0.0
649 -0.028769860570605234 0.0
650 -0.028820205187902254 0.0
651 -0.02887046201385614 0.0
652 -0.02892063089537589 0.0
653 -0.028970711679638373 0.0
654 -0.02902070421408886 0.0
655 -0.029070608346441394 0.0
656 -0.029120423924679353 0.0
657 -0.029170150797055837 0.0
658 -0.029219788812094166 0.0
659 -0.029269337818588353 0.0
660 -0.029318797665603514 0.0
661 -0.02936816820247639 0.0
662 -0.029417449278815757 0.0
663 -0.02946664074450291 0.0
664 -0.029515742449692114 0.0
665 -0.029564754244811062 0.0
666 -0.029613675980561326 0.0
667 -0.029662507507918805 0.0
668 -0.029711248678134218 0.0
669 -0.029759899342733487 0.0
670 -0.029808459353518266 0.0
671 -0.029856928562566325 0.0
672 -0.029905306822232067 0.0
673 -0.029953593985146906 0.0
674 -0.03000178990421978 0.0
675 -0.030049894432637555 0.0
676 -0.0300979074238655 0.0
677 -0.030145828731647707 0.0
678 -0.030193658210007572 0.0
679 -0.03024139571324821 0.0
680 -0.030289041095952898 0.0
681 -0.03033659421298555 0.0
682 -0.030384054919491112 0.0
683 -0.03043142307089605 0.0
684 -0.030478698522908756 0.0
685 -0.030525881131519998 0.0
686 -0.030572970753003387 0.0
687 -0.030619967243915743 0.0
688 -0.030666870461097628 0.0
689 -0.030713680261673697 0.0
690 -0.030760396503053178 0.0
691 -0.030807019042930307 0.0
692 -0.030853547739284733 0.0
693 -0.03089998245038198 0.0
694 -0.030946323034773866 0.0
695 -0.030992569351298942 0.0
696 -0.031038721259082885 0.0
697 -0.031084778617539 0.0
698 -0.03113074128636859 0.0
699 -0.031176609125561375 0.0
700 -0.031222381995395978 0.0
701 -0.03126805975644029 0.0
702 -0.03131364226955194 0.0
703 -0.03135912939587868 0.0
704 -0.03140452099685883 0.0
705 -0.031449816934221705 0.0
706 -0.03149501706998803 0.0
707 -0.03154012126647035 0.0
708 -0.031585129386273454 0.0
709 -0.03163004129229482 0.0
710 -0.03167485684772497 0.0
711 -0.03171957591604797 0.0
712 -0.03176419836104177 0.0
713 -0.031808724046778675 0.0
714 -0.031853152837625714 0.0
715 -0.03189748459824509 0.0
716 -0.03194171919359458 0.0
717 -0.03198585648892791 0.0
718 -0.03202989634979525 0.0
719 -0.03207383864204353 0.0
720 -0.03211768323181692 0.0
721 -0.03216142998555719 0.0
722 -0.032205078770004135 0.0
723 -0.032248629452196 0.0
724 -0.032292081899469846 0.0
725 -0.03233543597946198 0.0
726 -0.032378691560108364 0.0
727 -0.032421848509644996 0.0
728 -0.03246490669660832 0.0
729 -0.03250786598983563 0.0
730 -0.03255072625846547 0.0
731 -0.03259348737193803 0.0
732 -0.03263614919999555 0.0
733 -0.032678711612682695 0.0
734 -0.032721174480346976 0.0
735 -0.032763537673639126 0.0
736 -0.032805801063513516 0.0
737 -0.03284796452122854 0.0
738 -0.03289002791834699 0.0
739 -0.032931991126736455 0.0
740 -0.03297385401856973 0.0
741 -0.0330156164663252 0.0
742 -0.033057278342787176 0.0
743 -0.033098839521046385 0.0
744 -0.033140299874500255 0.0
745 -0.03318165927685336 0.0
746 -0.0332229176021178 0.0
747 -0.03326407472461355 0.0
748 -0.03330513051896888 0.0
749 -0.033346084860120716 0.0
750 -0.033386937623315044 0.0
751 -0.03342768868410725 0.0
752 -0.03346833791836253 0.0
753 -0.0335088852022563 0.0
754 -0.03354933041227447 0.0
755 -0.03358967342521392 0.0
756 -0.03362991411818284 0.0
757 -0.03367005236860111 0.0
758 -0.03371008805420064 0.0
759 -0.033750021053025804 0.0
760 -0.03378985124343376 0.0
761 -0.03382957850409483 0.0
762 -0.0338692027139929 0.0
763 -0.03390872375242575 0.0
764 -0.03394814149900544 0.0
765 -0.03398745583365868 0.0
766 -0.03402666663662719 0.0
767 -0.03406577378846807 0.0
768 -0.03410477717005414 0.0
769 -0.034143676662574354 0.0
770 -0.03418247214753408 0.0
771 -0.03422116350675558 0.0
772 -0.034259750622378245 0.0
773 -0.03429823337685903 0.0
774 -0.03433661165297278 0.0
775 -0.03437488533381264 0.0
776 -0.03441305430279031 0.0
777 -0.034451118443636505 0.0
778 -0.03448907764040125 0.0
779 -0.03452693177745425 0.0
780 -0.03456468073948523 0.0
781 -0.03460232441150432 0.0
782 -0.03463986267884235 0.0
783 -0.03467729542715126 0.0
784 -0.03471462254240441 0.0
785 -0.03475184391089692 0.0
786 -0.03478895941924605 0.0
787 -0.03482596895439153 0.0
788 -0.034862872403595896 0.0
789 -0.03489966965444484 0.0
790 -0.03493636059484755 0.0
791 -0.03497294511303707 0.0
792 -0.03500942309757061 0.0
793 -0.035045794437329886 0.0
794 -0.03508205902152152 0.0
795 -0.03511821673967727 0.0
796 -0.03515426748165447 0.0
797 -0.03519021113763631 0.0
798 -0.03522604759813217 0.0
799 -0.03526177675397799 0.0
800 -0.035297398496336556 0.0
801 -0.03533291271669786 0.0
802 -0.03536831930687944 0.0
803 -0.03540361815902667 0.0
804 -0.03543880916561313 0.0
805 -0.03547389221944091 0.0
806 -0.035508867213640945 0.0
807 -0.03554373404167333 0.0
808 -0.03557849259732768 0.0
809 -0.03561314277472338 0.0
810 -0.035647684468309994 0.0
811 -0.03568211757286754 0.0
812 -0.0357164419835068 0.0
813 -0.03575065759566966 0.0
814 -0.035784764305129446 0.0
815 -0.0358187620079912 0.0
816 -0.035852650600692024 0.0
817 -0.03588642998000139 0.0
818 -0.03592010004302144 0.0
819 -0.035953660687187326 0.0
820 -0.035987111810267515 0.0
821 -0.03602045331036408 0.0
822 -0.036053685085913036 0.0
823 -0.036086807035684614 0.0
824 -0.03611981905878363 0.0
825 -0.036152721054649714 0.0
826 -0.03618551292305771 0.0
827 -0.03621819456411787 0.0
828 -0.03625076587827627 0.0
829 -0.03628322676631503 0.0
830 -0.03631557712935265 0.0
831 -0.03634781686884433 0.0
832 -0.036379945886582214 0.0
833 -0.03641196408469575 0.0
834 -0.03644387136565195 0.0
835 -0.036475667632255716 0.0
836 -0.03650735278765009 0.0
837 -0.0365389267353166 0.0
838 -0.03657038937907552 0.0
839 -0.036601740623086194 0.0
840 -0.03663298037184729 0.0
841 -0.03666410853019711 0.0
842 -0.036695125003313886 0.0
843 -0.03672602969671607 0.0
844 -0.03675682251626259 0.0
845 -0.036787503368153195 0.0
846 -0.03681807215892869 0.0
847 -0.036848528795471215 0.0
848 -0.0368788731850046 0.0
849 -0.03690910523509455 0.0
850 -0.03693922485364901 0.0
851 -0.0369692319489184 0.0
852 -0.0369991264294959 0.0
853 -0.03702890820431773 0.0
854 -0.03705857718266345 0.0
855 -0.0370881332741562 0.0
856 -0.03711757638876301 0.0
857 -0.037146906436795024 0.0
858 -0.03717612332890786 0.0
859 -0.03720522697610177 0.0
860 -0.03723421728972201 0.0
861 -0.03726309418145906 0.0
862 -0.03729185756334889 0.0
863 -0.037320507347773264 0.0
864 -0.03734904344745996 0.0
865 -0.03737746577548308 0.0
866 -0.037405774245263264 0.0
867 -0.03743396877056802 0.0
868 -0.03746204926551193 0.0
869 -0.03749001564455693 0.0
870 -0.037517867822512596 0.0
871 -0.03754560571453635 0.0
872 -0.037573229236133765 0.0
873 -0.037600738303158805 0.0
874 -0.03762813283181408 0.0
875 -0.0376554127386511 0.0
876 -0.03768257794057055 0.0
877 -0.03770962835482251 0.0
878 -0.03773656389900671 0.0
879 -0.03776338449107283 0.0
880 -0.03779009004932069 0.0
881 -0.03781668049240054 0.0
882 -0.03784315573931326 0.0
883 -0.03786951570941066 0.0
884 -0.03789576032239571 0.0
885 -0.03792188949832276 0.0
886 -0.0379479031575978 0.0
887 -0.03797380122097873 0.0
888 -0.03799958360957555 0.0
889 -0.03802525024485063 0.0
890 -0.03805080104861895 0.0
891 -0.038076235943048334 0.0
892 -0.03810155485065968 0.0
893 -0.038126757694327204 0.0
894 -0.038151844397278666 0.0
895 -0.03817681488309563 0.0
896 -0.03820166907571366 0.0
897 -0.038226406899422576 0.0
898 -0.03825102827886668 0.0
899 -0.03827553313904498 0.0
900 -0.03829992140531141 0.0
901 -0.0383241930033751 0.0
902 -0.03834834785930054 0.0
903 -0.03837238589950785 0.0
904 -0.038396307050772994 0.0
905 -0.038420111240228004 0.0
906 -0.03844379839536118 0.0
907 -0.038467368444017346 0.0
908 -0.03849082131439804 0.0
909 -0.03851415693506176 0.0
910 -0.03853737523492414 0.0
911 -0.038560476143258235 0.0
912 -0.03858345958969467 0.0
913 -0.03860632550422186 0.0
914 -0.038629073817186284 0.0
915 -0.03865170445929263 0.0
916 -0.038674217361604035 0.0
917 -0.03869661245554229 0.0
918 -0.03871888967288807 0.0
919 -0.03874104894578109 0.0
920 -0.03876309020672038 0.0
921 -0.038785013388564424 0.0
922 -0.03880681842453141 0.0
923 -0.03882850524819941 0.0
924 -0.03885007379350662 0.0
925 -0.03887152399475149 0.0
926 -0.03889285578659298 0.0
927 -0.038914069104050784 0.0
928 -0.03893516388250543 0.0
929 -0.03895614005769858 0.0
930 -0.03897699756573316 0.0
931 -0.03899773634307359 0.0
932 -0.03901835632654595 0.0
933 -0.03903885745333819 0.0
934 -0.03905923966100033 0.0
935 -0.039079502887444634 0.0
936 -0.03909964707094579 0.0
937 -0.03911967215014113 0.0
938 -0.03913957806403078 0.0
939 -0.03915936475197789 0.0
940 -0.03917903215370877 0.0
941 -0.0391985802093131 0.0
942 -0.03921800885924411 0.0
943 -0.03923731804431877 0.0
944 -0.03925650770571795 0.0
945 -0.039275577784986616 0.0
946 -0.039294528224033995 0.0
947 -0.03931335896513377 0.0
948 -0.039332069950924226 0.0
949 -0.03935066112440847 0.0
950 -0.039369132428954554 0.0
951 -0.03938748380829568 0.0
952 -0.03940571520653037 0.0
953 -0.03942382656812262 0.0
954 -0.03944181783790208 0.0
955 -0.03945968896106423 0.0
956 -0.03947743988317052 0.0
957 -0.039495070550148566 0.0
958 -0.0395125809082923 0.0
959 -0.039529970904262135 0.0
960 -0.03954724048508512 0.0
961 -0.039564389598155135 0.0
962 -0.03958141819123299 0.0
963 -0.03959832621244664 0.0
964 -0.039615113610291325 0.0
965 -0.03963178033362971 0.0
966 -0.03964832633169208 0.0
967 -0.03966475155407645 0.0
968 -0.03968105595074874 0.0
969 -0.039697239472042935 0.0
970 -0.03971330206866122 0.0
971 -0.03972924369167414 0.0
972 -0.03974506429252074 0.0
973 -0.03976076382300874 0.0
974 -0.03977634223531464 0.0
975 -0.03979179948198389 0.0
976 -0.03980713551593105 0.0
977 -0.03982235029043989 0.0
978 -0.039837443759163566 0.0
979 -0.03985241587612476 0.0
980 -0.03986726659571581 0.0
981 -0.03988199587269883 0.0
982 -0.03989660366220592 0.0
983 -0.03991108991973919 0.0
984 -0.03992545460117101 0.0
985 -0.03993969766274405 0.0
986 -0.03995381906107148 0.0
987 -0.03996781875313708 0.0
988 -0.03998169669629536 0.0
989 -0.03999545284827169 0.0
990 -0.04000908716716245 0.0
991 -0.04002259961143514 0.0
992 -0.0400359901399285 0.0
993 -0.04004925871185268 0.0
994 -0.04006240528678929 0.0
995 -0.04007542982469159 0.0
996 -0.040088332285884584 0.0
997 -0.040101112631065125 0.0
998 -0.040113770821302075 0.0
999 -0.04012630681803639 0.0
1000 -0.040138720583081246 0.0
1001 -0.04015101207862217 0.0
1002 -0.04016318126721712 0.0
1003 -0.04017522811179665 0.0
1004 -0.04018715257566398 0.0
1005 -0.04019895462249513 0.0
1006 -0.040210634216339 0.0
1007 -0.04022219132161754 0.0
1008 -0.0402336259031258 0.0
1009 -0.04024493792603205 0.0
1010 -0.04025612735587792 0.0
1011 -0.04026719415857846 0.0
1012 -0.04027813830042227 0.0
1013 -0.040288959748071604 0.0
1014 -0.04029965846856244 0.0
1015 -0.040310234429304634 0.0
1016 -0.04032068759808197 0.0
1017 -0.04033101794305228 0.0
1018 -0.04034122543274754 0.0
1019 -0.04035131003607397 0.0
1020 -0.04036127172231213 0.0
1021 -0.04037111046111699 0.0
1022 -0.040380826222518026 0.0
1023 -0.04039041897691937 0.0
1024 -0.04039988869509981 0.0
1025 -0.04040923534821296 0.0
1026 -0.04041845890778728 0.0
1027 -0.04042755934572621 0.0
1028 -0.04043653663430825 0.0
1029 -0.04044539074618699 0.0
1030 -0.04045412165439131 0.0
1031 -0.04046272933232532 0.0
1032 -0.04047121375376856 0.0
1033 -0.04047957489287599 0.0
1034 -0.04048781272417815 0.0
1035 -0.04049592722258117 0.0
1036 -0.04050391836336688 0.0
1037 -0.04051178612219288 0.0
1038 -0.04051953047509261 0.0
1039 -0.04052715139847543 0.0
1040 -0.04053464886912668 0.0
1041 -0.04054202286420777 0.0
1042 -0.04054927336125624 0.0
1043 -0.0405564003381858 0.0
1044 -0.04056340377328646 0.0
1045 -0.040570283645224525 0.0
1046 -0.040577039933042736 0.0
1047 -0.04058367261616024 0.0
1048 -0.040590181674372755 0.0
1049 -0.04059656708785255 0.0
1050 -0.04060282883714856 0.0
1051 -0.04060896690318639 0.0
1052 -0.04061498126726845 0.0
1053 -0.04062087191107393 0.0
1054 -0.04062663881665891 0.0
1055 -0.04063228196645639 0.0
1056 -0.04063780134327637 0.0
1057 -0.04064319693030586 0.0
1058 -0.04064846871110897 0.0
1059 -0.04065361666962694 0.0
1060 -0.040658640790178203 0.0
1061 -0.040663541057458404 0.0
1062 -0.04066831745654049 0.0
1063 -0.040672969972874715 0.0
1064 -0.04067749859228871 0.0
1065 -0.04068190330098751 0.0
1066 -0.04068618408555362 0.0
1067 -0.04069034093294702 0.0
1068 -0.040694373830505226 0.0
1069 -0.04069828276594334 0.0
1070 -0.04070206772735406 0.0
1071 -0.04070572870320775 0.0
1072 -0.04070926568235243 0.0
1073 -0.04071267865401386 0.0
1074 -0.04071596760779553 0.0
1075 -0.04071913253367871 0.0
1076 -0.040722173422022494 0.0
1077 -0.04072509026356381 0.0
1078 -0.04072788304941745 0.0
1079 -0.0407305517710761 0.0
1080 -0.04073309642041039 0.0
1081 -0.04073551698966885 0.0
1082 -0.04073781347147802 0.0
1083 -0.04073998585884241 0.0
1084 -0.04074203414514457 0.0
1085 -0.040743958324145055 0.0
1086 -0.04074575838998247 0.0
1087 -0.04074743433717352 0.0
1088 -0.04074898616061297 0.0
1089 -0.04075041385557369 0.0
1090 -0.04075171741770669 0.0
1091 -0.04075289684304108 0.0
1092 -0.04075395212798413 0.0
1093 -0.040754883269321265 0.0
1094 -0.04075569026421606 0.0
1095 -0.04075637311021028 0.0
1096 -0.040756931805223835 0.0
1097 -0.04075736634755486 0.0
1098 -0.04075767673587966 0.0
1099 -0.040757862969252746 0.0
1100 -0.040757925047106805 0.0
1101 -0.040757862969252746 0.0
1102 -0.04075767673587966 0.0
1103 -0.04075736634755486 0.0
1104 -0.040756931805223835 0.0
1105 -0.04075637311021028 0.0
1106 -0.04075569026421606 0.0
1107 -0.040754883269321265 0.0
1108 -0.04075395212798413 0.0
1109 -0.04075289684304108 0.0
1110 -0.04075171741770669 0.0
1111 -0.04075041385557369 0.0
1112 -0.04074898616061297 0.0
1113 -0.04074743433717352 0.0
1114 -0.04074575838998247 0.0
1115 -0.040743958324145055 0.0
1116 -0.04074203414514457 0.0
1117 -0.04073998585884241 0.0
1118 -0.04073781347147802 0.0
1119 -0.04073551698966885 0.0
1120 -0.04073309642041039 0.0
1121 -0.0407305517710761 0.0
1122 -0.04072788304941745 0.0
1123 -0.04072509026356381 0.0
1124 -0.040722173422022494 0.0
1125 -0.04071913253367871 0.0
1126 -0.04071596760779553 0.0
1127 -0.04071267865401386 0.0
1128 -0.04070926568235243 0.0
1129 -0.04070572870320775 0.0
1130 -0.04070206772735406 0.0
1131 -0.04069828276594334 0.0
1132 -0.040694373830505226 0.0
1133 -0.04069034093294702 0.0
1134 -0.04068618408555362 0.0
1135 -0.04068190330098751 0.0
1136 -0.04067749859228871 0.0
1137 -0.040672969972874715 0.0
1138 -0.04066831745654049 0.0
1139 -0.040663541057458404 0.0
1140 -0.040658640790178203 0.0
1141 -0.04065361666962694 0.0
1142 -0.04064846871110897 0.0
1143 -0.04064319693030586 0.0
1144 -0.04063780134327637 0.0
1145 -0.04063228196645639 0.0
1146 -0.04062663881665891 0.0
1147 -0.04062087191107393 0.0
1148 -0.04061498126726845 0.0
1149 -0.04060896690318639 0.0
1150 -0.04060282883714856 0.0
1151 -0.04059656708785255 0.0
1152 -0.040590181674372755 0.0
1153 -0.04058367261616024 0.0
1154 -0.040577039933042736 0.0
1155 -0.04057028364522453 0.0
1156 -0.04056340377328646 0.0
1157 -0.040556400338185805 0.0
1158 -0.04054927336125624 0.0
1159 -0.04054202286420777 0.0
1160 -0.04053464886912669 0.0
1161 -0.04052715139847543 0.0
1162 -0.04051953047509261 0.0
1163 -0.04051178612219288 0.0
1164 -0.04050391836336688 0.0
1165 -0.04049592722258117 0.0
1166 -0.04048781272417815 0.0
1167 -0.040479574892876 0.0
1168 -0.04047121375376856 0.0
1169 -0.04046272933232532 0.0
1170 -0.04045412165439131 0.0
1171 -0.040445390746187 0.0
1172 -0.04043653663430824 0.0
1173 -0.04042755934572621 0.0
1174 -0.04041845890778728 0.0
1175 -0.04040923534821297 0.0
1176 -0.04039988869509981 0.0
1177 -0.04039041897691937 0.0
1178 -0.040380826222518026 0.0
1179 -0.04037111046111699 0.0
1180 -0.04036127172231213 0.0
1181 -0.04035131003607397 0.0
1182 -0.04034122543274754 0.0
1183 -0.04033101794305228 0.0
1184 -0.04032068759808197 0.0
1185 -0.040310234429304634 0.0
1186 -0.04029965846856244 0.0
1187 -0.040288959748071604 0.0
1188 -0.04027813830042227 0.0
1189 -0.04026719415857846 0.0
1190 -0.04025612735587792 0.0
1191 -0.04024493792603205 0.0
1192 -0.0402336259031258 0.0
1193 -0.04022219132161754 0.0
1194 -0.040210634216339004 0.0
1195 -0.04019895462249513 0.0
1196 -0.040187152575663986 0.0
1197 -0.04017522811179665 0.0
1198 -0.04016318126721712 0.0
1199 -0.040151012078622164 0.0
1200 -0.040138720583081246 0.0
1201 -0.04012630681803639 0.0
1202 -0.040113770821302075 0.0
1203 -0.040101112631065125 0.0
1204 -0.040088332285884584 0.0
1205 -0.040075429824691595 0.0
1206 -0.04006240528678929 0.0
1207 -0.04004925871185268 0.0
1208 -0.0400359901399285 0.0
1209 -0.04002259961143514 0.0
1210 -0.04000908716716245 0.0
1211 -0.0399954528482717 0.0
1212 -0.039981696696295366 0.0
1213 -0.03996781875313708 0.0
1214 -0.03995381906107148 0.0
1215 -0.03993969766274405 0.0
1216 -0.03992545460117101 0.0
1217 -0.03991108991973919 0.0
1218 -0.03989660366220592 0.0
1219 -0.03988199587269883 0.0
1220 -0.03986726659571581 0.0
1221 -0.03985241587612476 0.0
1222 -0.039837443759163566 0.0
1223 -0.03982235029043989 0.0
1224 -0.03980713551593105 0.0
1225 -0.03979179948198389 0.0
1226 -0.03977634223531464 0.0
1227 -0.03976076382300874 0.0
1228 -0.03974506429252075 0.0
1229 -0.03972924369167414 0.0
1230 -0.03971330206866122 0.0
1231 -0.039697239472042935 0.0
1232 -0.03968105595074874 0.0
1233 -0.03966475155407645 0.0
1234 -0.03964832633169208 0.0
1235 -0.03963178033362972 0.0
1236 -0.03961511361029132 0.0
1237 -0.03959832621244664 0.0
1238 -0.03958141819123299 0.0
1239 -0.039564389598155135 0.0
1240 -0.03954724048508512 0.0
1241 -0.039529970904262135 0.0
1242 -0.0395125809082923 0.0
1243 -0.039495070550148566 0.0
1244 -0.039477439883170526 0.0
1245 -0.03945968896106423 0.0
1246 -0.039441817837902085 0.0
1247 -0.03942382656812262 0.0
1248 -0.03940571520653037 0.0
1249 -0.03938748380829568 0.0
1250 -0.039369132428954554 0.0
1251 -0.03935066112440847 0.0
1252 -0.03933206995092423 0.0
1253 -0.03931335896513377 0.0
1254 -0.039294528224033995 0.0
1255 -0.039275577784986616 0.0
1256 -0.03925650770571795 0.0
1257 -0.03923731804431877 0.0
1258 -0.03921800885924411 0.0
1259 -0.0391985802093131 0.0
1260 -0.03917903215370877 0.0
1261 -0.03915936475197789 0.0
1262 -0.03913957806403079 0.0
1263 -0.03911967215014113 0.0
1264 -0.03909964707094579 0.0
1265 -0.039079502887444634 0.0
1266 -0.03905923966100033 0.0
1267 -0.0390388574533382 0.0
1268 -0.03901835632654595 0.0
1269 -0.03899773634307359 0.0
1270 -0.03897699756573317 0.0
1271 -0.03895614005769859 0.0
1272 -0.03893516388250544 0.0
1273 -0.038914069104050784 0.0
1274 -0.03889285578659299 0.0
1275 -0.03887152399475149 0.0
1276 -0.03885007379350662 0.0
1277 -0.03882850524819941 0.0
1278 -0.03880681842453141 0.0
1279 -0.038785013388564424 0.0
1280 -0.038763090206720384 0.0
1281 -0.0387410489457811 0.0
1282 -0.03871888967288807 0.0
1283 -0.0386966124555423 0.0
1284 -0.038674217361604035 0.0
1285 -0.038651704459292634 0.0
1286 -0.038629073817186284 0.0
1287 -0.03860632550422186 0.0
1288 -0.03858345958969467 0.0
1289 -0.03856047614325824 0.0
1290 -0.03853737523492415 0.0
1291 -0.03851415693506176 0.0
1292 -0.038490821314398044 0.0
1293 -0.038467368444017346 0.0
1294 -0.03844379839536118 0.0
1295 -0.038420111240228004 0.0
1296 -0.038396307050772994 0.0
1297 -0.03837238589950785 0.0
1298 -0.03834834785930054 0.0
1299 -0.0383241930033751 0.0
1300 -0.03829992140531142 0.0
1301 -0.03827553313904498 0.0
1302 -0.03825102827886668 0.0
1303 -0.03822640689942258 0.0
1304 -0.038201669075713665 0.0
1305 -0.03817681488309563 0.0
1306 -0.038151844397278666 0.0
1307 -0.038126757694327204 0.0
1308 -0.038101554850659684 0.0
1309 -0.038076235943048334 0.0
1310 -0.03805080104861895 0.0
1311 -0.038025250244850636 0.0
1312 -0.03799958360957555 0.0
1313 -0.03797380122097874 0.0
1314 -0.0379479031575978 0.0
1315 -0.03792188949832276 0.0
1316 -0.03789576032239571 0.0
1317 -0.03786951570941066 0.0
1318 -0.03784315573931326 0.0
1319 -0.037816680492400535 0.0
1320 -0.0377900900493207 0.0
1321 -0.03776338449107283 0.0
1322 -0.03773656389900672 0.0
1323 -0.0377096283548225 0.0
1324 -0.03768257794057055 0.0
1325 -0.0376554127386511 0.0
1326 -0.03762813283181408 0.0
1327 -0.037600738303158805 0.0
1328 -0.037573229236133765 0.0
1329 -0.03754560571453635 0.0
1330 -0.037517867822512596 0.0
1331 -0.037490015644556944 0.0
1332 -0.03746204926551193 0.0
1333 -0.037433968770568024 0.0
1334 -0.03740577424526327 0.0
1335 -0.03737746577548308 0.0
1336 -0.03734904344745996 0.0
1337 -0.03732050734777327 0.0
1338 -0.03729185756334889 0.0
1339 -0.03726309418145907 0.0
1340 -0.03723421728972202 0.0
1341 -0.03720522697610178 0.0
1342 -0.03717612332890785 0.0
1343 -0.03714690643679503 0.0
1344 -0.03711757638876301 0.0
1345 -0.03708813327415621 0.0
1346 -0.037058577182663456 0.0
1347 -0.03702890820431773 0.0
1348 -0.0369991264294959 0.0
1349 -0.0369692319489184 0.0
1350 -0.03693922485364902 0.0
1351 -0.03690910523509455 0.0
1352 -0.036878873185004594 0.0
1353 -0.03684852879547122 0.0
1354 -0.03681807215892869 0.0
1355 -0.036787503368153195 0.0
1356 -0.03675682251626259 0.0
1357 -0.03672602969671607 0.0
1358 -0.036695125003313886 0.0
1359 -0.036664108530197116 0.0
1360 -0.03663298037184729 0.0
1361 -0.0366017406230862 0.0
1362 -0.03657038937907553 0.0
1363 -0.036538926735316606 0.0
1364 -0.0365073527876501 0.0
1365 -0.036475667632255716 0.0
1366 -0.036443871365651956 0.0
1367 -0.03641196408469575 0.0
1368 -0.036379945886582214 0.0
1369 -0.03634781686884433 0.0
1370 -0.036315577129352655 0.0
1371 -0.036283226766315034 0.0
1372 -0.036250765878276275 0.0
1373 -0.03621819456411788 0.0
1374 -0.03618551292305771 0.0
1375 -0.03615272105464972 0.0
1376 -0.03611981905878363 0.0
1377 -0.03608680703568462 0.0
1378 -0.036053685085913036 0.0
1379 -0.03602045331036409 0.0
1380 -0.03598711181026753 0.0
1381 -0.035953660687187326 0.0
1382 -0.03592010004302144 0.0
1383 -0.03588642998000139 0.0
1384 -0.035852650600692024 0.0
1385 -0.0358187620079912 0.0
1386 -0.035784764305129446 0.0
1387 -0.03575065759566966 0.0
1388 -0.03571644198350679 0.0
1389 -0.03568211757286754 0.0
1390 -0.03564768446831 0.0
1391 -0.03561314277472338 0.0
1392 -0.03557849259732767 0.0
1393 -0.03554373404167333 0.0
1394 -0.035508867213640945 0.0
1395 -0.03547389221944091 0.0
1396 -0.035438809165613136 0.0
1397 -0.03540361815902667 0.0
1398 -0.03536831930687944 0.0
1399 -0.03533291271669787 0.0
1400 -0.035297398496336556 0.0
1401 -0.035261776753977986 0.0
1402 -0.03522604759813217 0.0
1403 -0.03519021113763631 0.0
1404 -0.035154267481654476 0.0
1405 -0.03511821673967728 0.0
1406 -0.03508205902152152 0.0
1407 -0.03504579443732989 0.0
1408 -0.03500942309757061 0.0
1409 -0.03497294511303708 0.0
1410 -0.03493636059484755 0.0
1411 -0.03489966965444484 0.0
1412 -0.034862872403595896 0.0
1413 -0.03482596895439154 0.0
1414 -0.03478895941924606 0.0
1415 -0.03475184391089692 0.0
1416 -0.034714622542404414 0.0
1417 -0.03467729542715127 0.0
1418 -0.03463986267884235 0.0
1419 -0.03460232441150432 0.0
1420 -0.03456468073948524 0.0
1421 -0.034526931777454244 0.0
1422 -0.03448907764040125 0.0
1423 -0.034451118443636505 0.0
1424 -0.034413054302790305 0.0
1425 -0.03437488533381263 0.0
1426 -0.03433661165297278 0.0
1427 -0.03429823337685903 0.0
1428 -0.034259750622378245 0.0
1429 -0.034221163506755574 0.0
1430 -0.03418247214753408 0.0
1431 -0.034143676662574354 0.0
1432 -0.03410477717005415 0.0
1433 -0.03406577378846807 0.0
1434 -0.03402666663662719 0.0
1435 -0.033987455833658684 0.0
1436 -0.03394814149900544 0.0
1437 -0.033908723752425755 0.0
1438 -0.0338692027139929 0.0
1439 -0.033829578504094834 0.0
1440 -0.03378985124343376 0.0
1441 -0.03375002105302581 0.0
1442 -0.03371008805420065 0.0
1443 -0.03367005236860111 0.0
1444 -0.03362991411818284 0.0
1445 -0.03358967342521393 0.0
1446 -0.033549330412274474 0.0
1447 -0.0335088852022563 0.0
1448 -0.033468337918362547 0.0
1449 -0.033427688684107254 0.0
1450 -0.03338693762331505 0.0
1451 -0.03334608486012073 0.0
1452 -0.033305130518968884 0.0
1453 -0.033264074724613554 0.0
1454 -0.033222917602117805 0.0
1455 -0.03318165927685336 0.0
1456 -0.033140299874500255 0.0
1457 -0.03309883952104639 0.0
1458 -0.033057278342787176 0.0
1459 -0.03301561646632519 0.0
1460 -0.03297385401856973 0.0
1461 -0.032931991126736455 0.0
1462 -0.032890027918346984 0.0
1463 -0.03284796452122854 0.0
1464 -0.03280580106351352 0.0
1465 -0.032763537673639126 0.0
1466 -0.03272117448034697 0.0
1467 -0.032678711612682695 0.0
1468 -0.03263614919999555 0.0
1469 -0.03259348737193805 0.0
1470 -0.03255072625846547 0.0
1471 -0.03250786598983563 0.0
1472 -0.03246490669660832 0.0
1473 -0.032421848509645 0.0
1474 -0.03237869156010838 0.0
1475 -0.03233543597946198 0.0
1476 -0.032292081899469846 0.0
1477 -0.032248629452196004 0.0
1478 -0.03220507877000414 0.0
1479 -0.03216142998555719 0.0
1480 -0.03211768323181692 0.0
1481 -0.03207383864204354 0.0
1482 -0.03202989634979526 0.0
1483 -0.03198585648892792 0.0
1484 -0.03194171919359458 0.0
1485 -0.031897484598245096 0.0
1486 -0.03185315283762572 0.0
1487 -0.03180872404677868 0.0
1488 -0.03176419836104179 0.0
1489 -0.03171957591604797 0.0
1490 -0.03167485684772498 0.0
1491 -0.031630041292294825 0.0
1492 -0.03158512938627346 0.0
1493 -0.03154012126647035 0.0
1494 -0.031495017069988036 0.0
1495 -0.0314498169342217 0.0
1496 -0.03140452099685883 0.0
1497 -0.03135912939587868 0.0
1498 -0.03131364226955193 0.0
1499 -0.03126805975644029 0.0
1500 -0.031222381995395978 0.0
1501 -0.03117660912556138 0.0
1502 -0.03113074128636858 0.0
1503 -0.031084778617539 0.0
1504 -0.031038721259082885 0.0
1505 -0.030992569351298942 0.0
1506 -0.030946323034773873 0.0
1507 -0.030899982450381978 0.0
1508 -0.030853547739284733 0.0
1509 -0.03080701904293031 0.0
1510 -0.030760396503053188 0.0
1511 -0.030713680261673697 0.0
1512 -0.030666870461097628 0.0
1513 -0.03061996724391575 0.0
1514 -0.03057297075300339 0.0
1515 -0.030525881131520008 0.0
1516 -0.030478698522908753 0.0
1517 -0.03043142307089605 0.0
1518 -0.030384054919491116 0.0
1519 -0.030336594212985558 0.0
1520 -0.03028904109595291 0.0
1521 -0.03024139571324821 0.0
1522 -0.030193658210007582 0.0
1523 -0.030145828731647718 0.0
1524 -0.030097907423865505 0.0
1525 -0.030049894432637555 0.0
1526 -0.030001789904219783 0.0
1527 -0.029953593985146913 0.0
1528 -0.029905306822232077 0.0
1529 -0.02985692856256633 0.0
1530 -0.02980845935351827 0.0
1531 -0.029759899342733497 0.0
1532 -0.029711248678134215 0.0
1533 -0.029662507507918812 0.0
1534 -0.029613675980561326 0.0
1535 -0.02956475424481106 0.0
1536 -0.029515742449692114 0.0
1537 -0.02946664074450291 0.0
1538 -0.02941744927881576 0.0
1539 -0.029368168202476386 0.0
1540 -0.029318797665603514 0.0
1541 -0.029269337818588353 0.0
1542 -0.029219788812094177 0.0
1543 -0.02917015079705584 0.0
1544 -0.029120423924679346 0.0
1545 -0.029070608346441394 0.0
1546 -0.02902070421408886 0.0
1547 -0.028970711679638383 0.0
1548 -0.028920630895375884 0.0
1549 -0.02887046201385614 0.0
1550 -0.028820205187902258 0.0
1551 -0.028769860570605238 0.0
1552 -0.028719428315323522 0.0
1553 -0.028668908575682484 0.0
1554 -0.028618301505574047 0.0
1555 -0.0285676072591561 0.0
1556 -0.02851682599085212 0.0
1557 -0.02846595785535064 0.0
1558 -0.02841500300760485 0.0
1559 -0.028363961602832034 0.0
1560 -0.02831283379651317 0.0
1561 -0.028261619744392424 0.0
1562 -0.028210319602476653 0.0
1563 -0.028158933527035027 0.0
1564 -0.028107461674598433 0.0
1565 -0.028055904201959043 0.0
1566 -0.028004261266169863 0.0
1567 -0.027952533024544247 0.0
1568 -0.02790071963465538 0.0
1569 -0.02784882125433583 0.0
1570 -0.027796838041677076 0.0
1571 -0.02774477015502899 0.0
1572 -0.027692617752999374 0.0
1573 -0.027640380994453515 0.0
1574 -0.027588060038513624 0.0
1575 -0.027535655044558408 0.0
1576 -0.027483166172222556 0.0
1577 -0.027430593581396295 0.0
1578 -0.027377937432224844 0.0
1579 -0.027325197885107972 0.0
1580 -0.027272375100699464 0.0
1581 -0.027219469239906716 0.0
1582 -0.02716648046389013 0.0
1583 -0.02711340893406272 0.0
1584 -0.02706025481208956 0.0
1585 -0.02700701825988732 0.0
1586 -0.02695369943962379 0.0
1587 -0.026900298513717336 0.0
1588 -0.026846815644836434 0.0
1589 -0.026793250995899177 0.0
1590 -0.026739604730072766 0.0
1591 -0.026685877010773056 0.0
1592 -0.026632068001663983 0.0
1593 -0.02657817786665712 0.0
1594 -0.02652420676991115 0.0
1595 -0.026470154875831427 0.0
1596 -0.02641602234906937 0.0
1597 -0.026361809354522057 0.0
1598 -0.02630751605733166 0.0
1599 -0.02625314262288497 0.0
1600 -0.02619868921681292 0.0
1601 -0.02614415600499002 0.0
1602 -0.02608954315353389 0.0
1603 -0.02603485082880473 0.0
1604 -0.025980079197404877 0.0
1605 -0.025925228426178205 0.0
1606 -0.02587029868220966 0.0
1607 -0.02581529013282479 0.0
1608 -0.02576020294558918 0.0
1609 -0.025705037288307926 0.0
1610 -0.025649793329025217 0.0
1611 -0.025594471236023725 0.0
1612 -0.025539071177824123 0.0
1613 -0.025483593323184627 0.0
1614 -0.02542803784110038 0.0
1615 -0.025372404900803027 0.0
1616 -0.025316694671760148 0.0
1617 -0.025260907323674742 0.0
1618 -0.025205043026484783 0.0
1619 -0.025149101950362587 0.0
1620 -0.02509308426571438 0.0
1621 -0.02503699014317974 0.0
1622 -0.02498081975363108 0.0
1623 -0.024924573268173177 0.0
1624 -0.024868250858142565 0.0
1625 -0.024811852695107075 0.0
1626 -0.02475537895086527 0.0
1627 -0.024698829797446007 0.0
1628 -0.024642205407107796 0.0
1629 -0.024585505952338348 0.0
1630 -0.024528731605854042 0.0
1631 -0.02447188254059936 0.0
1632 -0.02441495892974645 0.0
1633 -0.024357960946694485 0.0
1634 -0.024300888765069206 0.0
1635 -0.024243742558722362 0.0
1636 -0.024186522501731235 0.0
1637 -0.024129228768398035 0.0
1638 -0.024071861533249403 0.0
1639 -0.024014420971035885 0.0
1640 -0.02395690725673139 0.0
1641 -0.02389932056553268 0.0
1642 -0.023841661072858802 0.0
1643 -0.023783928954350546 0.0
1644 -0.023726124385869997 0.0
1645 -0.02366824754349987 0.0
1646 -0.023610298603543058 0.0
1647 -0.023552277742522106 0.0
1648 -0.023494185137178606 0.0
1649 -0.023436020964472695 0.0
1650 -0.023377785401582557 0.0
1651 -0.023319478625903802 0.0
1652 -0.023261100815048983 0.0
1653 -0.023202652146847035 0.0
1654 -0.02314413279934272 0.0
1655 -0.023085542950796154 0.0
1656 -0.023026882779682158 0.0
1657 -0.022968152464689785 0.0
1658 -0.022909352184721746 0.0
1659 -0.022850482118893928 0.0
1660 -0.022791542446534734 0.0
1661 -0.022732533347184634 0.0
1662 -0.022673455000595578 0.0
1663 -0.022614307586730442 0.0
1664 -0.022555091285762534 0.0
1665 -0.02249580627807496 0.0
1666 -0.022436452744260142 0.0
1667 -0.022377030865119225 0.0
1668 -0.022317540821661555 0.0
1669 -0.022257982795104148 0.0
1670 -0.02219835696687106 0.0
1671 -0.022138663518592915 0.0
1672 -0.02207890263210628 0.0
1673 -0.022019074489453228 0.0
1674 -0.021959179272880627 0.0
1675 -0.0218992171648397 0.0
1676 -0.021839188347985424 0.0
1677 -0.021779093005175974 0.0
1678 -0.021718931319472213 0.0
1679 -0.021658703474137057 0.0
1680 -0.021598409652634952 0.0
1681 -0.021538050038631365 0.0
1682 -0.021477624815992132 0.0
1683 -0.021417134168782947 0.0
1684 -0.02135657828126884 0.0
1685 -0.02129595733791353 0.0
1686 -0.021235271523378913 0.0
1687 -0.021174521022524533 0.0
1688 -0.021113706020406933 0.0
1689 -0.021052826702279162 0.0
1690 -0.020991883253590176 0.0
1691 -0.020930875859984276 0.0
1692 -0.020869804707300592 0.0
1693 -0.02080866998157243 0.0
1694 -0.02074747186902677 0.0
1695 -0.020686210556083665 0.0
1696 -0.020624886229355717 0.0
1697 -0.020563499075647456 0.0
1698 -0.02050204928195479 0.0
1699 -0.020440537035464456 0.0
1700 -0.0203789625235534 0.0
1701 -0.0203173259337883 0.0
1702 -0.020255627453924886 0.0
1703 -0.020193867271907417 0.0
1704 -0.020132045575868115 0.0
1705 -0.020070162554126608 0.0
1706 -0.020008218395189303 0.0
1707 -0.019946213287748846 0.0
1708 -0.019884147420683555 0.0
1709 -0.019822020983056802 0.0
1710 -0.019759834164116523 0.0
1711 -0.019697587153294543 0.0
1712 -0.019635280140206043 0.0
1713 -0.019572913314648995 0.0
1714 -0.019510486866603557 0.0
1715 -0.019448000986231534 0.0
1716 -0.019385455863875748 0.0
1717 -0.019322851690059466 0.0
1718 -0.0192601886554859 0.0
1719 -0.019197466951037495 0.0
1720 -0.019134686767775428 0.0
1721 -0.01907184829693906 0.0
1722 -0.01900895172994525 0.0
1723 -0.018945997258387835 0.0
1724 -0.01888298507403708 0.0
1725 -0.01881991536883902 0.0
1726 -0.01875678833491491 0.0
1727 -0.01869360416456063 0.0
1728 -0.018630363050246145 0.0
1729 -0.01856706518461485 0.0
1730 -0.018503710760483013 0.0
1731 -0.018440299970839204 0.0
1732 -0.018376833008843664 0.0
1733 -0.018313310067827798 0.0
1734 -0.01824973134129349 0.0
1735 -0.018186097022912566 0.0
1736 -0.018122407306526173 0.0
1737 -0.018058662386144272 0.0
1738 -0.017994862455944925 0.0
1739 -0.017931007710273787 0.0
1740 -0.017867098343643483 0.0
1741 -0.017803134550733016 0.0
1742 -0.01773911652638722 0.0
1743 -0.017675044465616088 0.0
1744 -0.017610918563594227 0.0
1745 -0.01754673901566025 0.0
1746 -0.01748250601731618 0.0
1747 -0.017418219764226903 0.0
1748 -0.017353880452219476 0.0
1749 -0.017289488277282602 0.0
1750 -0.017225043435565995 0.0
1751 -0.017160546123379854 0.0
1752 -0.017095996537194163 0.0
1753 -0.01703139487363815 0.0
1754 -0.01696674132949967 0.0
1755 -0.016902036101724673 0.0
1756 -0.016837279387416474 0.0
1757 -0.016772471383835252 0.0
1758 -0.016707612288397452 0.0
1759 -0.016642702298675108 0.0
1760 -0.01657774161239529 0.0
1761 -0.016512730427439552 0.0
1762 -0.016447668941843217 0.0
1763 -0.016382557353794854 0.0
1764 -0.01631739586163564 0.0
1765 -0.016252184663858808 0.0
1766 -0.016186923959108958 0.0
1767 -0.016121613946181522 0.0
1768 -0.01605625482402212 0.0
1769 -0.01599084679172596 0.0
1770 -0.01592539004853728 0.0
1771 -0.015859884793848655 0.0
1772 -0.015794331227200458 0.0
1773 -0.0157287295482802 0.0
1774 -0.015663079956922007 0.0
1775 -0.015597382653105901 0.0
1776 -0.015531637836957261 0.0
1777 -0.015465845708746205 0.0
1778 -0.015400006468886944 0.0
1779 -0.015334120317937254 0.0
1780 -0.015268187456597764 0.0
1781 -0.015202208085711402 0.0
1782 -0.015136182406262756 0.0
1783 -0.015070110619377531 0.0
1784 -0.015003992926321832 0.0
1785 -0.014937829528501619 0.0
1786 -0.014871620627462072 0.0
1787 -0.014805366424886973 0.0
1788 -0.014739067122598147 0.0
1789 -0.014672722922554749 0.0
1790 -0.014606334026852717 0.0
1791 -0.014539900637724123 0.0
1792 -0.014473422957536631 0.0
1793 -0.01440690118879276 0.0
1794 -0.01434033553412934 0.0
1795 -0.014273726196316934 0.0
1796 -0.014207073378259116 0.0
1797 -0.014140377282991919 0.0
1798 -0.014073638113683243 0.0
1799 -0.01400685607363216 0.0
1800 -0.013940031366268339 0.0
1801 -0.013873164195151416 0.0
1802 -0.013806254763970426 0.0
1803 -0.01373930327654308 0.0
1804 -0.01367230993681522 0.0
1805 -0.01360527494886016 0.0
1806 -0.013538198516878134 0.0
1807 -0.01347108084519557 0.0
1808 -0.013403922138264534 0.0
1809 -0.013336722600662093 0.0
1810 -0.01326948243708968 0.0
1811 -0.013202201852372525 0.0
1812 -0.01313488105145894 0.0
1813 -0.013067520239419763 0.0
1814 -0.013000119621447707 0.0
1815 -0.012932679402856724 0.0
1816 -0.012865199789081452 0.0
1817 -0.012797680985676484 0.0
1818 -0.012730123198315797 0.0
1819 -0.012662526632792118 0.0
1820 -0.012594891495016336 0.0
1821 -0.012527217991016798 0.0
1822 -0.01245950632693873 0.0
1823 -0.012391756709043607 0.0
1824 -0.012323969343708495 0.0
1825 -0.012256144437425499 0.0
1826 -0.01218828219680103 0.0
1827 -0.01212038282855524 0.0
1828 -0.012052446539521366 0.0
1829 -0.011984473536645161 0.0
1830 -0.01191646402698416 0.0
1831 -0.011848418217707105 0.0
1832 -0.01178033631609337 0.0
1833 -0.011712218529532217 0.0
1834 -0.011644065065522218 0.0
1835 -0.01157587613167068 0.0
1836 -0.011507651935692902 0.0
1837 -0.011439392685411602 0.0
1838 -0.011371098588756326 0.0
1839 -0.011302769853762723 0.0
1840 -0.011234406688571962 0.0
1841 -0.01116600930143011 0.0
1842 -0.011097577900687447 0.0
1843 -0.011029112694797921 0.0
1844 -0.01096061389231841 0.0
1845 -0.010892081701908139 0.0
1846 -0.010823516332328052 0.0
1847 -0.010754917992440135 0.0
1848 -0.010686286891206863 0.0
1849 -0.010617623237690456 0.0
1850 -0.010548927241052308 0.0
1851 -0.010480199110552322 0.0
1852 -0.01041143905554834 0.0
1853 -0.010342647285495396 0.0
1854 -0.01027382400994515 0.0
1855 -0.010204969438545236 0.0
1856 -0.0101360837810386 0.0
1857 -0.010067167247262941 0.0
1858 -0.009998220047149951 0.0
1859 -0.00992924239072476 0.0
1860 -0.009860234488105255 0.0
1861 -0.009791196549501509 0.0
1862 -0.009722128785215039 0.0
1863 -0.009653031405638232 0.0
1864 -0.009583904621253693 0.0
1865 -0.009514748642633573 0.0
1866 -0.009445563680439015 0.0
1867 -0.009376349945419391 0.0
1868 -0.009307107648411729 0.0
1869 -0.009237837000340103 0.0
1870 -0.009168538212214907 0.0
1871 -0.009099211495132249 0.0
1872 -0.009029857060273368 0.0
1873 -0.00896047511890388 0.0
1874 -0.008891065882373199 0.0
1875 -0.008821629562113924 0.0
1876 -0.008752166369641119 0.0
1877 -0.00868267651655171 0.0
1878 -0.00861316021452384 0.0
1879 -0.008543617675316206 0.0
1880 -0.008474049110767478 0.0
1881 -0.008404454732795549 0.0
1882 -0.008334834753396966 0.0
1883 -0.00826518938464624 0.0
1884 -0.008195518838695279 0.0
1885 -0.008125823327772631 0.0
1886 -0.008056103064182907 0.0
1887 -0.007986358260306126 0.0
1888 -0.007916589128597034 0.0
1889 -0.007846795881584543 0.0
1890 -0.007776978731870969 0.0
1891 -0.007707137892131458 0.0
1892 -0.0076372735751133215 0.0
1893 -0.007567385993635364 0.0
1894 -0.007497475360587319 0.0
1895 -0.007427541888929078 0.0
1896 -0.007357585791690125 0.0
1897 -0.007287607281968846 0.0
1898 -0.007217606572931954 0.0
1899 -0.0071475838778137304 0.0
1900 -0.007077539409915447 0.0
1901 -0.007007473382604703 0.0
1902 -0.006937386009314749 0.0
1903 -0.006867277503543915 0.0
1904 -0.00679714807885485 0.0
1905 -0.006726997948873926 0.0
1906 -0.006656827327290641 0.0
1907 -0.00658663642785686 0.0
1908 -0.006516425464386216 0.0
1909 -0.006446194650753518 0.0
1910 -0.006375944200893984 0.0
1911 -0.006305674328802651 0.0
1912 -0.006235385248533771 0.0
1913 -0.006165077174200056 0.0
1914 -0.006094750319972092 0.0
1915 -0.006024404900077673 0.0
1916 -0.00595404112880113 0.0
1917 -0.00588365922048275 0.0
1918 -0.005813259389518013 0.0
1919 -0.005742841850357013 0.0
1920 -0.005672406817503771 0.0
1921 -0.005601954505515643 0.0
1922 -0.005531485129002576 0.0
1923 -0.00546099890262651 0.0
1924 -0.0053904960411007155 0.0
1925 -0.0053199767591891175 0.0
1926 -0.005249441271705713 0.0
1927 -0.005178889793513813 0.0
1928 -0.005108322539525455 0.0
1929 -0.0050377397247007155 0.0
1930 -0.004967141564047124 0.0
1931 -0.004896528272618904 0.0
1932 -0.004825900065516387 0.0
1933 -0.004755257157885341 0.0
1934 -0.004684599764916295 0.0
1935 -0.004613928101843958 0.0
1936 -0.004543242383946454 0.0
1937 -0.004472542826544739 0.0
1938 -0.004401829645001926 0.0
1939 -0.00433110305472261 0.0
1940 -0.004260363271152288 0.0
1941 -0.00418961050977659 0.0
1942 -0.004118844986120679 0.0
1943 -0.00404806691574865 0.0
1944 -0.003977276514262762 0.0
1945 -0.003906473997302835 0.0
1946 -0.003835659580545651 0.0
1947 -0.0037648334797041874 0.0
1948 -0.0036939959105270117 0.0
1949 -0.003623147088797681 0.0
1950 -0.0035522872303339753 0.0
1951 -0.0034814165509873115 0.0
1952 -0.0034105352666420523 0.0
1953 -0.0033396435932149184 0.0
1954 -0.0032687417466542227 0.0
1955 -0.003197829942939287 0.0
1956 -0.003126908398079762 0.0
1957 -0.0030559773281149567 0.0
1958 -0.0029850369491132454 0.0
1959 -0.002914087477171308 0.0
1960 -0.0028431291284135417 0.0
1961 -0.002772162118991363 0.0
1962 -0.002701186665082627 0.0
1963 -0.0026302029828908567 0.0
1964 -0.002559211288644659 0.0
1965 -0.002488211798597046 0.0
1966 -0.0024172047290247586 0.0
1967 -0.0023461902962276823 0.0
1968 -0.0022751687165280766 0.0
1969 -0.00220414020626999 0.0
1970 -0.0021331049818185833 0.0
1971 -0.0020620632595594506 0.0
1972 -0.001991015255898035 0.0
1973 -0.0019199611872588588 0.0
1974 -0.0018489012700849377 0.0
1975 -0.001777835720837085 0.0
1976 -0.0017067647559933245 0.0
1977 -0.001635688592048122 0.0
1978 -0.0015646074455117993 0.0
1979 -0.0014935215329098383 0.0
1980 -0.0014224310707822926 0.0
1981 -0.0013513362756830208 0.0
1982 -0.0012802373641790804 0.0
1983 -0.001209134552850122 0.0
1984 -0.0011380280582876218 0.0
1985 -0.0010669180970942762 0.0
1986 -0.000995804885883395 0.0
1987 -0.0009246886412781341 0.0
1988 -0.0008535695799109083 0.0
1989 -0.000782447918422694 0.0
1990 -0.0007113238734624427 0.0
1991 -0.0006401976616863117 0.0
1992 -0.000569069499757077 0.0
1993 -0.0004979396043434555 0.0
1994 -0.0004268081921194262 0.0
1995 -0.00035567547976364267 0.0
1996 -0.00028454168395866485 0.0
1997 -0.00021340702139037123 0.0
1998 -0.00014227170874726232 0.0
1999 -7.113596271987324e-05 0.0
2000 0.0 0.0
2001 0.0 0.0
2002 0.0 0.0
2003 0.0 0.0
2004 0.0 0.0
2005 0.0 0.0
2006 0.0 0.0
2007 0.0 0.0
2008 0.0 0.0
2009 0.0 0.0
2010 0.0 0.0
2011 0.0 0.0
2012 0.0 0.0
2013 0.0 0.0
2014 0.0 0.0
2015 0.0 0.0
2016 0.0 0.0
2017 0.0 0.0
2018 0.0 0.0
2019 0.0 0.0
2020 0.0 0.0
2021 0.0 0.0
2022 0.0 0.0
2023 0.0 0.0
2024 0.0 0.0
2025 0.0 0.0
2026 0.0 0.0
2027 0.0 0.0
2028 0.0 0.0
2029 0.0 0.0
2030 0.0 0.0
2031 0.0 0.0
2032 0.0 0.0
2033 0.0 0.0
2034 0.0 0.0
2035 0.0 0.0
2036 0.0 0.0
2037 0.0 0.0
2038 0.0 0.0
2039 0.0 0.0
2040 0.0 0.0
2041 0.0 0.0
2042 0.0 0.0
2043 0.0 0.0
2044 0.0 0.0
2045 0.0 0.0
2046 0.0 0.0
2047 0.0 0.0
2048 0.0 0.0
2049 0.0 0.0
2050 0.0 0.0
2051 0.0 0.0
2052 0.0 0.0
2053 0.0 0.0
2054 0.0 0.0
2055 0.0 0.0
2056 0.0 0.0
2057 0.0 0.0
2058 0.0 0.0
2059 0.0 0.0
2060 0.0 0.0
2061 0.0 0.0
2062 0.0 0.0
2063 0.0 0.0
2064 0.0 0.0
2065 0.0 0.0
2066 0.0 0.0
2067 0.0 0.0
2068 0.0 0.0
2069 0.0 0.0
2070 0.0 0.0
2071 0.0 0.0
2072 0.0 0.0
2073 0.0 0.0
2074 0.0 0.0
2075 0.0 0.0
2076 0.0 0.0
2077 0.0 0.0
2078 0.0 0.0
2079 0.0 0.0
2080 0.0 0.0
2081 0.0 0.0
2082 0.0 0.0
2083 0.0 0.0
2084 0.0 0.0
2085 0.0 0.0
2086 0.0 0.0
2087 0.0 0.0
2088 0.0 0.0
2089 0.0 0.0
2090 0.0 0.0
2091 0.0 0.0
2092 0.0 0.0
2093 0.0 0.0
2094 0.0 0.0
2095 0.0 0.0
2096 0.0 0.0
2097 0.0 0.0
2098 0.0 0.0
2099 0.0 0.0
2100 0.0 0.0
2101 0.0 0.0
2102 0.0 0.0
2103 0.0 0.0
2104 0.0 0.0
2105 0.0 0.0
2106 0.0 0.0
2107 0.0 0.0
2108 0.0 0.0
2109 0.0 0.0
2110 0.0 0.0
2111 0.0 0.0
2112 0.0 0.0
2113 0.0 0.0
2114 0.0 0.0
2115 0.0 0.0
2116 0.0 0.0
2117 0.0 0.0
2118 0.0 0.0
2119 0.0 0.0
2120 0.0 0.0
2121 0.0 0.0
2122 0.0 0.0
2123 0.0 0.0
2124 0.0 0.0
2125 0.0 0.0
2126 0.0 0.0
2127 0.0 0.0
2128 0.0 0.0
2129 0.0 0.0
2130 0.0 0.0
2131 0.0 0.0
2132 0.0 0.0
2133 0.0 0.0
2134 0.0 0.0
2135 0.0 0.0
2136 0.0 0.0
2137 0.0 0.0
2138 0.0 0.0
2139 0.0 0.0
2140 0.0 0.0
2141 0.0 0.0
2142 0.0 0.0
2143 0.0 0.0
2144 0.0 0.0
2145 0.0 0.0
2146 0.0 0.0
2147 0.0 0.0
2148 0.0 0.0
2149 0.0 0.0
2150 0.0 0.0
2151 0.0 0.0
2152 0.0 0.0
2153 0.0 0.0
2154 0.0 0.0
2155 0.0 0.0
2156 0.0 0.0
2157 0.0 0.0
2158 0.0 0.0
2159 0.0 0.0
2160 0.0 0.0
2161 0.0 0.0
2162 0.0 0.0
2163 0.0 0.0
2164 0.0 0.0
2165 0.0 0.0
2166 0.0 0.0
2167 0.0 0.0
2168 0.0 0.0
2169 0.0 0.0
2170 0.0 0.0
2171 0.0 0.0
2172 0.0 0.0
2173 0.0 0.0
2174 0.0 0.0
2175 0.0 0.0
2176 0.0 0.0
2177 0.0 0.0
2178 0.0 0.0
2179 0.0 0.0
2180 0.0 0.0
2181 0.0 0.0
2182 0.0 0.0
2183 0.0 0.0
2184 0.0 0.0
2185 0.0 0.0
2186 0.0 0.0
2187 0.0 0.0
2188 0.0 0.0
2189 0.0 0.0
2190 0.0 0.0
2191 0.0 0.0
2192 0.0 0.0
2193 0.0 0.0
2194 0.0 0.0
2195 0.0 0.0
2196 0.0 0.0
2197 0.0 0.0
2198 0.0 0.0
2199 0.0 0.0