2200 0.000002100546602 1.0
2
0 0.0 0.0
1 0.0 0.0
2 0.0 0.0
3 0.0 0.0
4 0.0 0.0
5 0.0 0.0
6 0.0 0.0
7 0.0 0.0
8 0.0 0.0
9 0.0 0.0
10 0.0 0.0
11 0.0 0.0
12 0.0 0.0
13 0.0 0.0
14 0.0 0.0
15 0.0 0.0
16 0.0 0.0
17 0.0 0.0
18 0.0 0.0
19 0.0 0.0
20 0.0 0.0
21 0.0 0.0
22 0.0 0.0
23 0.0 0.0
24 0.0 0.0
25 0.0 0.0
26 0.0 0.0
27 0.0 0.0
28 0.0 0.0
29 0.0 0.0
30 0.0 0.0
31 0.0 0.0
32 0.0 0.0
33 0.0 0.0
34 0.0 0.0
35 0.0 0.0
36 0.0 0.0
37 0.0 0.0
38 0.0 0.0
39 0.0 0.0
40 0.0 0.0
41 0.0 0.0
42 0.0 0.0
43 0.0 0.0
44 0.0 0.0
45 0.0 0.0
46 0.0 0.0
47 0.0 0.0
48 0.0 0.0
49 0.0 0.0
50 0.0 0.0
51 0.0 0.0
52 0.0 0.0
53 0.0 0.0
54 0.0 0.0
55 0.0 0.0
56 0.0 0.0
57 0.0 0.0
58 0.0 0.0
59 0.0 0.0
60 0.0 0.0
61 0.0 0.0
62 0.0 0.0
63 0.0 0.0
64 0.0 0.0
65 0.0 0.0
66 0.0 0.0
67 0.0 0.0
68 0.0 0.0
69 0.0 0.0
70 0.0 0.0
71 0.0 0.0
72 0.0 0.0
73 0.0 0.0
74 0.0 0.0
75 0.0 0.0
76 0.0 0.0
77 0.0 0.0
78 0.0 0.0
79 0.0 0.0
80 0.0 0.0
81 0.0 0.0
82 0.0 0.0
83 0.0 0.0
84 0.0 0.0
85 0.0 0.0
86 0.0 0.0
87 0.0 0.0
88 0.0 0.0
89 0.0 0.0
90 0.0 0.0
91 0.0 0.0
92 0.0 0.0
93 0.0 0.0
94 0.0 0.0
95 0.0 0.0
96 0.0 0.0
97 0.0 0.0
98 0.0 0.0
99 0.0 0.0
100 0.0 0.0
101 0.0 0.0
102 0.0 0.0
103 0.0 0.0
104 0.0 0.0
105 0.0 0.0
106 0.0 0.0
107 0.0 0.0
108 0.0 0.0
109 0.0 0.0
110 0.0 0.0
111 0.0 0.0
112 0.0 0.0
113 0.0 0.0
114 0.0 0.0
115 0.0 0.0
116 0.0 0.0
117 0.0 0.0
118 0.0 0.0
119 0.0 0.0
120 0.0 0.0
121 0.0 0.0
122 0.0 0.0
123 0.0 0.0
124 0.0 0.0
125 0.0 0.0
126 0.0 0.0
127 0.0 0.0
128 0.0 0.0
129 0.0 0.0
130 0.0 0.0
131 0.0 0.0
132 0.0 0.0
133 0.0 0.0
134 0.0 0.0
135 0.0 0.0
136 0.0 0.0
137 0.0 0.0
138 0.0 0.0
139 0.0 0.0
140 0.0 0.0
141 0.0 0.0
142 0.0 0.0
143 0.0 0.0
144 0.0 0.0
145 0.0 0.0
146 0.0 0.0
147 0.0 0.0
148 0.0 0.0
149 0.0 0.0
150 0.0 0.0
151 0.0 0.0
152 0.0 0.0
153 0.0 0.0
154 0.0 0.0
155 0.0 0.0
156 0.0 0.0
157 0.0 0.0
158 0.0 0.0
159 0.0 0.0
160 0.0 0.0
161 0.0 0.0
162 0.0 0.0
163 0.0 0.0
164 0.0 0.0
165 0.0 0.0
166 0.0 0.0
167 0.0 0.0
168 0.0 0.0
169 0.0 0.0
170 0.0 0.0
171 0.0 0.0
172 0.0 0.0
173 0.0 0.0
174 0.0 0.0
175 0.0 0.0
176 0.0 0.0
177 0.0 0.0
178 0.0 0.0
179 0.0 0.0
180 0.0 0.0
181 0.0 0.0
182 0.0 0.0
183 0.0 0.0
184 0.0 0.0
185 0.0 0.0
186 0.0 0.0
187 0.0 0.0
188 0.0 0.0
189 0.0 0.0
190 0.0 0.0
191 0.0 0.0
192 0.0 0.0
193 0.0 0.0
194 0.0 0.0
195 0.0 0.0
196 0.0 0.0
197 0.0 0.0
198 0.0 0.0
199 0.0 0.0
200 0.0 0.0
201 -7.734030903598862e-06 0.0
202 -1.546803824799832e-05 0.0
203 -2.320199847407074e-05 0.0
204 -3.093588802283201e-05 0.0
205 -3.8669683335513315e-05 0.0
206 -4.640336085363291e-05 0.0
207 -5.413689701906785e-05 0.0
208 -6.187026827412582e-05 0.0
209 -6.960345106161677e-05 0.0
210 -7.733642182492485e-05 0.0
211 -8.506915700808002e-05 0.0
212 -9.280163305582987e-05 0.0
213 -0.0001005338264137113 0.0
214 -0.00010826571352812249 0.0
215 -0.0001159972708463943 0.0
216 -0.00012372847481686235 0.0
217 -0.00013145930188893855 0.0
218 -0.0001391897285131829 0.0
219 -0.00014691973114137525 0.0
220 -0.00015464928622658709 0.0
221 -0.0001623783702232531 0.0
222 -0.00017010695958724297 0.0
223 -0.00017783503077593326 0.0
224 -0.0001855625602482788 0.0
225 -0.0001932895244648847 0.0
226 -0.0002010158998880779 0.0
227 -0.000208741662981979 0.0
228 -0.00021646679021257366 0.0
229 -0.00022419125804778471 0.0
230 -0.00023191504295754344 0.0
231 -0.00023963812141386157 0.0
232 -0.00024736046989090273 0.0
233 -0.00025508206486505415 0.0
234 -0.00026280288281499854 0.0
235 -0.0002705229002217854 0.0
236 -0.00027824209356890284 0.0
237 -0.0002859604393423493 0.0
238 -0.00029367791403070486 0.0
239 -0.00030139449412520334 0.0
240 -0.00030911015611980347 0.0
241 -0.0003168248765112608 0.0
242 -0.00032453863179919903 0.0
243 -0.0003322513984861818 0.0
244 -0.00033996315307778416 0.0
245 -0.0003476738720826644 0.0
246 -0.000355383532012635 0.0
247 -0.0003630921093827349 0.0
248 -0.00037079958071130044 0.0
249 -0.0003785059225200373 0.0
250 -0.00038621111133409203 0.0
251 -0.00039391512368212314 0.0
252 -0.0004016179360963729 0.0
253 -0.0004093195251127389 0.0
254 -0.00041701986727084534 0.0
255 -0.0004247189391141145 0.0
256 -0.0004324167171898385 0.0
257 -0.0004401131780492502 0.0
258 -0.00044780829824759514 0.0
259 -0.00045550205434420263 0.0
260 -0.0004631944229025572 0.0
261 -0.0004708853804903705 0.0
262 -0.00047857490367965157 0.0
263 -0.0004862629690467795 0.0
264 -0.0004939495531725736 0.0
265 -0.0005016346326423657 0.0
266 -0.0005093181840460712 0.0
267 -0.0005170001839782596 0.0
268 -0.0005246806090382272 0.0
269 -0.0005323594358300671 0.0
270 -0.0005400366409627412 0.0
271 -0.0005477122010501512 0.0
272 -0.0005553860927112103 0.0
273 -0.0005630582925699131 0.0
274 -0.0005707287772554087 0.0
275 -0.0005783975234020704 0.0
276 -0.0005860645076495674 0.0
277 -0.0005937297066429361 0.0
278 -0.0006013930970326511 0.0
279 -0.000609054655474696 0.0
280 -0.0006167143586306355 0.0
281 -0.0006243721831676851 0.0
282 -0.0006320281057587832 0.0
283 -0.0006396821030826618 0.0
284 -0.0006473341518239182 0.0
285 -0.0006549842286730841 0.0
286 -0.0006626323103266994 0.0
287 -0.0006702783734873804 0.0
288 -0.0006779223948638931 0.0
289 -0.0006855643511712226 0.0
290 -0.0006932042191306447 0.0
291 -0.0007008419754697967 0.0
292 -0.0007084775969227482 0.0
293 -0.0007161110602300721 0.0
294 -0.0007237423421389152 0.0
295 -0.0007313714194030693 0.0
296 -0.0007389982687830423 0.0
297 -0.0007466228670461278 0.0
298 -0.0007542451909664777 0.0
299 -0.0007618652173251712 0.0
300 -0.0007694829229102866 0.0
301 -0.0007770982845169718 0.0
302 -0.0007847112789475141 0.0
303 -0.0007923218830114125 0.0
304 -0.000799930073525447 0.0
305 -0.0008075358273137503 0.0
306 -0.0008151391212078768 0.0
307 -0.0008227399320468752 0.0
308 -0.0008303382366773568 0.0
309 -0.0008379340119535687 0.0
310 -0.0008455272347374618 0.0
311 -0.0008531178818987626 0.0
312 -0.0008607059303150436 0.0
313 -0.0008682913568717932 0.0
314 -0.0008758741384624867 0.0
315 -0.0008834542519886563 0.0
316 -0.0008910316743599618 0.0
317 -0.0008986063824942602 0.0
318 -0.0009061783533176771 0.0
319 -0.0009137475637646761 0.0
320 -0.0009213139907781296 0.0
321 -0.0009288776113093889 0.0
322 -0.0009364384023183537 0.0
323 -0.0009439963407735435 0.0
324 -0.0009515514036521673 0.0
325 -0.000959103567940193 0.0
326 -0.0009666528106324189 0.0
327 -0.0009741991087325418 0.0
328 -0.0009817424392532298 0.0
329 -0.0009892827792161894 0.0
330 -0.0009968201056522372 0.0
331 -0.0010043543956013705 0.0
332 -0.0010118856261128349 0.0
333 -0.0010194137742451964 0.0
334 -0.0010269388170664098 0.0
335 -0.0010344607316538903 0.0
336 -0.0010419794950945812 0.0
337 -0.001049495084485025 0.0
338 -0.0010570074769314331 0.0
339 -0.0010645166495497557 0.0
340 -0.0010720225794657503 0.0
341 -0.0010795252438150526 0.0
342 -0.001087024619743246 0.0
343 -0.0010945206844059309 0.0
344 -0.0011020134149687946 0.0
345 -0.0011095027886076799 0.0
346 -0.0011169887825086555 0.0
347 -0.0011244713738680868 0.0
348 -0.0011319505398927022 0.0
349 -0.001139426257799665 0.0
350 -0.001146898504816642 0.0
351 -0.001154367258181873 0.0
352 -0.0011618324951442396 0.0
353 -0.001169294192963336 0.0
354 -0.001176752328909536 0.0
355 -0.0011842068802640643 0.0
356 -0.0011916578243190649 0.0
357 -0.0011991051383776698 0.0
358 -0.0012065487997540687 0.0
359 -0.0012139887857735784 0.0
360 -0.0012214250737727112 0.0
361 -0.0012288576410992439 0.0
362 -0.0012362864651122882 0.0
363 -0.0012437115231823568 0.0
364 -0.0012511327926914358 0.0
365 -0.0012585502510330507 0.0
366 -0.0012659638756123376 0.0
367 -0.0012733736438461105 0.0
368 -0.0012807795331629297 0.0
369 -0.0012881815210031718 0.0
370 -0.0012955795848190988 0.0
371 -0.0013029737020749251 0.0
372 -0.0013103638502468874 0.0
373 -0.0013177500068233122 0.0
374 -0.0013251321493046862 0.0
375 -0.0013325102552037228 0.0
376 -0.0013398843020454316 0.0
377 -0.001347254267367188 0.0
378 -0.0013546201287187988 0.0
379 -0.001361981863662573 0.0
380 -0.0013693394497733893 0.0
381 -0.0013766928646387648 0.0
382 -0.001384042085858922 0.0
383 -0.0013913870910468584 0.0
384 -0.0013987278578284149 0.0
385 -0.0014060643638423428 0.0
386 -0.0014133965867403724 0.0
387 -0.0014207245041872806 0.0
388 -0.0014280480938609606 0.0
389 -0.0014353673334524882 0.0
390 -0.00144268220066619 0.0
391 -0.001449992673219712 0.0
392 -0.001457298728844087 0.0
393 -0.0014646003452838023 0.0
394 -0.0014718975002968682 0.0
395 -0.0014791901716548854 0.0
396 -0.001486478337143111 0.0
397 -0.0014937619745605303 0.0
398 -0.0015010410617199198 0.0
399 -0.001508315576447918 0.0
400 -0.0015155854965850913 0.0
401 -0.0015228507999860022 0.0
402 -0.0015301114645192764 0.0
403 -0.0015373674680676705 0.0
404 -0.00154461878852814 0.0
405 -0.0015518654038119044 0.0
406 -0.0015591072918445174 0.0
407 -0.0015663444305659318 0.0
408 -0.0015735767979305677 0.0
409 -0.0015808043719073806 0.0
410 -0.0015880271304799262 0.0
411 -0.0015952450516464294 0.0
412 -0.0016024581134198503 0.0
413 -0.0016096662938279523 0.0
414 -0.0016168695709133677 0.0
415 -0.0016240679227336652 0.0
416 -0.0016312613273614161 0.0
417 -0.0016384497628842635 0.0
418 -0.0016456332074049856 0.0
419 -0.0016528116390415648 0.0
420 -0.0016599850359272528 0.0
421 -0.0016671533762106395 0.0
422 -0.001674316638055717 0.0
423 -0.001681474799641947 0.0
424 -0.001688627839164328 0.0
425 -0.0016957757348334617 0.0
426 -0.0017029184648756175 0.0
427 -0.0017100560075328018 0.0
428 -0.0017171883410628211 0.0
429 -0.0017243154437393505 0.0
430 -0.001731437293852 0.0
431 -0.0017385538697063782 0.0
432 -0.0017456651496241618 0.0
433 -0.0017527711119431583 0.0
434 -0.0017598717350173739 0.0
435 -0.0017669669972170796 0.0
436 -0.0017740568769288763 0.0
437 -0.0017811413525557604 0.0
438 -0.0017882204025171913 0.0
439 -0.0017952940052491546 0.0
440 -0.0018023621392042298 0.0
441 -0.0018094247828516553 0.0
442 -0.0018164819146773935 0.0
443 -0.0018235335131841968 0.0
444 -0.0018305795568916731 0.0
445 -0.0018376200243363512 0.0
446 -0.0018446548940717475 0.0
447 -0.0018516841446684273 0.0
448 -0.0018587077547140753 0.0
449 -0.0018657257028135566 0.0
450 -0.0018727379675889844 0.0
451 -0.0018797445276797842 0.0
452 -0.0018867453617427588 0.0
453 -0.001893740448452153 0.0
454 -0.0019007297664997201 0.0
455 -0.0019077132945947853 0.0
456 -0.0019146910114643113 0.0
457 -0.0019216628958529612 0.0
458 -0.001928628926523167 0.0
459 -0.0019355890822551907 0.0
460 -0.001942543341847191 0.0
461 -0.0019494916841152872 0.0
462 -0.001956434087893624 0.0
463 -0.0019633705320344355 0.0
464 -0.001970300995408109 0.0
465 -0.0019772254569032526 0.0
466 -0.0019841438954267547 0.0
467 -0.001991056289903852 0.0
468 -0.0019979626192781915 0.0
469 -0.0020048628625118975 0.0
470 -0.0020117569985856312 0.0
471 -0.0020186450064986596 0.0
472 -0.0020255268652689153 0.0
473 -0.002032402553933063 0.0
474 -0.002039272051546563 0.0
475 -0.0020461353371837338 0.0
476 -0.0020529923899378173 0.0
477 -0.0020598431889210416 0.0
478 -0.0020666877132646854 0.0
479 -0.00207352594211914 0.0
480 -0.002080357854653975 0.0
481 -0.0020871834300579986 0.0
482 -0.0020940026475393257 0.0
483 -0.0021008154863254368 0.0
484 -0.002107621925663243 0.0
485 -0.0021144219448191504 0.0
486 -0.0021212155230791213 0.0
487 -0.002128002639748738 0.0
488 -0.002134783274153266 0.0
489 -0.0021415574056377167 0.0
490 -0.0021483250135669115 0.0
491 -0.002155086077325542 0.0
492 -0.002161840576318236 0.0
493 -0.0021685884899696186 0.0
494 -0.002175329797724374 0.0
495 -0.00218206447904731 0.0
496 -0.0021887925134234194 0.0
497 -0.0021955138803579424 0.0
498 -0.0022022285593764294 0.0
499 -0.0022089365300248034 0.0
500 -0.0022156377718694233 0.0
501 -0.0022223322644971443 0.0
502 -0.0022290199875153807 0.0
503 -0.002235700920552168 0.0
504 -0.0022423750432562254 0.0
505 -0.0022490423352970186 0.0
506 -0.0022557027763648193 0.0
507 -0.0022623563461707684 0.0
508 -0.0022690030244469387 0.0
509 -0.002275642790946396 0.0
510 -0.0022822756254432595 0.0
511 -0.002288901507732765 0.0
512 -0.0022955204176313263 0.0
513 -0.002302132334976596 0.0
514 -0.002308737239627527 0.0
515 -0.0023153351114644336 0.0
516 -0.0023219259303890547 0.0
517 -0.0023285096763246134 0.0
518 -0.002335086329215877 0.0
519 -0.00234165586902922 0.0
520 -0.002348218275752685 0.0
521 -0.002354773529396044 0.0
522 -0.0023613216099908556 0.0
523 -0.0023678624975905335 0.0
524 -0.0023743961722703976 0.0
525 -0.002380922614127742 0.0
526 -0.0023874418032818925 0.0
527 -0.00239395371987427 0.0
528 -0.002400458344068446 0.0
529 -0.0024069556560502073 0.0
530 -0.002413445636027615 0.0
531 -0.0024199282642310646 0.0
532 -0.0024264035209133465 0.0
533 -0.0024328713863497058 0.0
534 -0.0024393318408379022 0.0
535 -0.0024457848646982708 0.0
536 -0.002452230438273783 0.0
537 -0.0024586685419301026 0.0
538 -0.0024650991560556494 0.0
539 -0.002471522261061659 0.0
540 -0.0024779378373822386 0.0
541 -0.0024843458654744293 0.0
542 -0.002490746325818268 0.0
543 -0.0024971391989168415 0.0
544 -0.0025035244652963492 0.0
545 -0.002509902105506163 0.0
546 -0.0025162721001188845 0.0
547 -0.002522634429730406 0.0
548 -0.002528989074959967 0.0
549 -0.0025353360164502175 0.0
550 -0.002541675234867272 0.0
551 -0.0025480067109007725 0.0
552 -0.0025543304252639435 0.0
553 -0.0025606463586936566 0.0
554 -0.0025669544919504814 0.0
555 -0.0025732548058187503 0.0
556 -0.0025795472811066156 0.0
557 -0.0025858318986461053 0.0
558 -0.002592108639293185 0.0
559 -0.002598377483927814 0.0
560 -0.0026046384134540044 0.0
561 -0.002610891408799879 0.0
562 -0.0026171364509177297 0.0
563 -0.002623373520784075 0.0
564 -0.0026296025993997186 0.0
565 -0.0026358236677898063 0.0
566 -0.0026420367070038855 0.0
567 -0.0026482416981159613 0.0
568 -0.002654438622224554 0.0
569 -0.0026606274604527576 0.0
570 -0.0026668081939483 0.0
571 -0.0026729808038835927 0.0
572 -0.0026791452714557957 0.0
573 -0.0026853015778868727 0.0
574 -0.0026914497044236464 0.0
575 -0.0026975896323378564 0.0
576 -0.002703721342926218 0.0
577 -0.002709844817510477 0.0
578 -0.002715960037437468 0.0
579 -0.002722066984079171 0.0
580 -0.0027281656388327673 0.0
581 -0.0027342559831206965 0.0
582 -0.002740337998390714 0.0
583 -0.002746411666115946 0.0
584 -0.002752476967794948 0.0
585 -0.0027585338849517587 0.0
586 -0.0027645823991359576 0.0
587 -0.002770622491922723 0.0
588 -0.0027766541449128837 0.0
589 -0.0027826773397329786 0.0
590 -0.002788692058035313 0.0
591 -0.0027946982814980098 0.0
592 -0.0028006959918250715 0.0
593 -0.0028066851707464332 0.0
594 -0.002812665800018016 0.0
595 -0.002818637861421787 0.0
596 -0.00282460133676581 0.0
597 -0.0028305562078843067 0.0
598 -0.0028365024566377062 0.0
599 -0.002842440064912703 0.0
600 -0.0028483690146223132 0.0
601 -0.002854289287705928 0.0
602 -0.002860200866129368 0.0
603 -0.002866103731884941 0.0
604 -0.002871997866991493 0.0
605 -0.002877883253494468 0.0
606 -0.0028837598734659563 0.0
607 -0.0028896277090047556 0.0
608 -0.0028954867422364204 0.0
609 -0.0029013369553133202 0.0
610 -0.0029071783304146902 0.0
611 -0.0029130108497466903 0.0
612 -0.002918834495542454 0.0
613 -0.002924649250062146 0.0
614 -0.002930455095593017 0.0
615 -0.0029362520144494537 0.0
616 -0.002942039988973035 0.0
617 -0.002947819001532589 0.0
618 -0.0029535890345242398 0.0
619 -0.002959350070371466 0.0
620 -0.002965102091525154 0.0
621 -0.00297084508046365 0.0
622 -0.0029765790196928125 0.0
623 -0.0029823038917460693 0.0
624 -0.0029880196791844667 0.0
625 -0.002993726364596725 0.0
626 -0.0029994239305992914 0.0
627 -0.003005112359836392 0.0
628 -0.0030107916349800833 0.0
629 -0.0030164617387303094 0.0
630 -0.0030221226538149504 0.0
631 -0.0030277743629898773 0.0
632 -0.003033416849039004 0.0
633 -0.0030390500947743396 0.0
634 -0.0030446740830360405 0.0
635 -0.003050288796692463 0.0
636 -0.0030558942186402157 0.0
637 -0.0030614903318042118 0.0
638 -0.0030670771191377184 0.0
639 -0.003072654563622414 0.0
640 -0.003078222648268435 0.0
641 -0.0030837813561144295 0.0
642 -0.0030893306702276095 0.0
643 -0.0030948705737038028 0.0
644 -0.003100401049667502 0.0
645 -0.0031059220812719173 0.0
646 -0.00311143365169903 0.0
647 -0.0031169357441596405 0.0
648 -0.0031224283418934207 0.0
649 -0.0031279114281689666 0.0
650 -0.0031333849862838444 0.0
651 -0.003138848999564648 0.0
652 -0.0031443034513670464 0.0
653 -0.003149748325075831 0.0
654 -0.0031551836041049746 0.0
655 -0.003160609271897673 0.0
656 -0.003166025311926402 0.0
657 -0.0031714317076929643 0.0
658 -0.00317682844272854 0.0
659 -0.00318221550059374 0.0
660 -0.00318759286487865 0.0
661 -0.003192960519202887 0.0
662 -0.003198318447215644 0.0
663 -0.003203666632595745 0.0
664 -0.003209005059051687 0.0
665 -0.0032143337103216992 0.0
666 -0.0032196525701737857 0.0
667 -0.0032249616224057755 0.0
668 -0.0032302608508453768 0.0
669 -0.0032355502393502187 0.0
670 -0.0032408297718079086 0.0
671 -0.0032460994321360727 0.0
672 -0.0032513592042824144 0.0
673 -0.0032566090722247532 0.0
674 -0.0032618490199710823 0.0
675 -0.003267079031559612 0.0
676 -0.003272299091058819 0.0
677 -0.0032775091825674976 0.0
678 -0.0032827092902148053 0.0
679 -0.0032878993981603133 0.0
680 -0.0032930794905940506 0.0
681 -0.0032982495517365597 0.0
682 -0.003303409565838936 0.0
683 -0.0033085595171828824 0.0
684 -0.003313699390080754 0.0
685 -0.0033188291688756055 0.0
686 -0.0033239488379412435 0.0
687 -0.003329058381682265 0.0
688 -0.0033341577845341164 0.0
689 -0.0033392470309631305 0.0
690 -0.003344326105466581 0.0
691 -0.003349394992572726 0.0
692 -0.003354453676840856 0.0
693 -0.0033595021428613416 0.0
694 -0.0033645403752556795 0.0
695 -0.003369568358676541 0.0
696 -0.0033745860778078146 0.0
697 -0.0033795935173646595 0.0
698 -0.003384590662093546 0.0
699 -0.0033895774967723047 0.0
700 -0.003394554006210172 0.0
701 -0.003399520175247837 0.0
702 -0.003404475988757488 0.0
703 -0.003409421431642857 0.0
704 -0.003414356488839268 0.0
705 -0.0034192811453136805 0.0
706 -0.0034241953860647363 0.0
707 -0.0034290991961228074 0.0
708 -0.0034339925605500364 0.0
709 -0.0034388754644403873 0.0
710 -0.0034437478929196874 0.0
711 -0.003448609831145676 0.0
712 -0.0034534612643080448 0.0
713 -0.0034583021776284873 0.0
714 -0.003463132556360742 0.0
715 -0.003467952385790637 0.0
716 -0.0034727616512361384 0.0
717 -0.0034775603380473863 0.0
718 -0.0034823484316067505 0.0
719 -0.0034871259173288667 0.0
720 -0.0034918927806606857 0.0
721 -0.003496649007081515 0.0
722 -0.003501394582103063 0.0
723 -0.0035061294912694862 0.0
724 -0.00351085372015743 0.0
725 -0.003515567254376074 0.0
726 -0.003520270079567175 0.0
727 -0.0035249621814051123 0.0
728 -0.00352964354559693 0.0
729 -0.0035343141578823806 0.0
730 -0.003538974004033969 0.0
731 -0.0035436230698569966 0.0
732 -0.0035482613411896018 0.0
733 -0.0035528888039028056 0.0
734 -0.003557505443900555 0.0
735 -0.0035621112471197623 0.0
736 -0.003566706199530354 0.0
737 -0.003571290287135307 0.0
738 -0.003575863495970696 0.0
739 -0.0035804258121057333 0.0
740 -0.0035849772216428135 0.0
741 -0.003589517710717553 0.0
742 -0.0035940472654988347 0.0
743 -0.00359856587218885 0.0
744 -0.0036030735170231383 0.0
745 -0.0036075701862706318 0.0
746 -0.003612055866233697 0.0
747 -0.0036165305432481745 0.0
748 -0.003620994203683422 0.0
749 -0.003625446833942355 0.0
750 -0.0036298884204614907 0.0
751 -0.0036343189497109853 0.0
752 -0.0036387384081946784 0.0
753 -0.0036431467824501345 0.0
754 -0.003647544059048679 0.0
755 -0.0036519302245954467 0.0
756 -0.0036563052657294145 0.0
757 -0.0036606691691234506 0.0
758 -0.0036650219214843472 0.0
759 -0.0036693635095528658 0.0
760 -0.0036736939201037766 0.0
761 -0.0036780131399458973 0.0
762 -0.003682321155922137 0.0
763 -0.003686617954909529 0.0
764 -0.003690903523819282 0.0
765 -0.003695177849596806 0.0
766 -0.003699440919221767 0.0
767 -0.0037036927197081127 0.0
768 -0.0037079332381041237 0.0
769 -0.0037121624614924447 0.0
770 -0.0037163803769901266 0.0
771 -0.003720586971748669 0.0
772 -0.0037247822329540543 0.0
773 -0.0037289661478267892 0.0
774 -0.0037331387036219433 0.0
775 -0.003737299887629188 0.0
776 -0.003741449687172835 0.0
777 -0.0037455880896118754 0.0
778 -0.0037497150823400183 0.0
779 -0.003753830652785727 0.0
780 -0.003757934788412261 0.0
781 -0.0037620274767177107 0.0
782 -0.0037661087052350386 0.0
783 -0.003770178461532114 0.0
784 -0.0037742367332117546 0.0
785 -0.0037782835079117603 0.0
786 -0.003782318773304953 0.0
787 -0.0037863425170992157 0.0
788 -0.003790354727037526 0.0
789 -0.003794355390897997 0.0
790 -0.0037983444964939123 0.0
791 -0.003802322031673766 0.0
792 -0.0038062879843212944 0.0
793 -0.003810242342355518 0.0
794 -0.0038141850937307782 0.0
795 -0.0038181162264367685 0.0
796 -0.0038220357284985784 0.0
797 -0.003825943587976724 0.0
798 -0.0038298397929671874 0.0
799 -0.0038337243316014535 0.0
800 -0.003837597192046543 0.0
801 -0.0038414583625050523 0.0
802 -0.0038453078312151857 0.0
803 -0.003849145586450794 0.0
804 -0.00385297161652141 0.0
805 -0.003856785909772282 0.0
806 -0.0038605884545844108 0.0
807 -0.003864379239374586 0.0
808 -0.00386815825259542 0.0
809 -0.0038719254827353825 0.0
810 -0.0038756809183188375 0.0
811 -0.003879424547906077 0.0
812 -0.003883156360093356 0.0
813 -0.003886876343512927 0.0
814 -0.0038905844868330755 0.0
815 -0.0038942807787581547 0.0
816 -0.003897965208028617 0.0
817 -0.0039016377634210533 0.0
818 -0.0039052984337482216 0.0
819 -0.003908947207859086 0.0
820 -0.003912584074638847 0.0
821 -0.00391620902300898 0.0
822 -0.003919822041927261 0.0
823 -0.003923423120387809 0.0
824 -0.003927012247421114 0.0
825 -0.003930589412094072 0.0
826 -0.003934154603510021 0.0
827 -0.003937707810808768 0.0
828 -0.003941249023166628 0.0
829 -0.003944778229796454 0.0
830 -0.00394829541994767 0.0
831 -0.003951800582906306 0.0
832 -0.003955293707995027 0.0
833 -0.003958774784573168 0.0
834 -0.003962243802036765 0.0
835 -0.003965700749818593 0.0
836 -0.003969145617388184 0.0
837 -0.003972578394251879 0.0
838 -0.003975999069952841 0.0
839 -0.003979407634071101 0.0
840 -0.00398280407622358 0.0
841 -0.003986188386064127 0.0
842 -0.003989560553283546 0.0
843 -0.0039929205676096325 0.0
844 -0.003996268418807199 0.0
845 -0.00399960409667811 0.0
846 -0.004002927591061314 0.0
847 -0.0040062388918328685 0.0
848 -0.004009537988905979 0.0
849 -0.0040128248722310226 0.0
850 -0.004016099531795583 0.0
851 -0.004019361957624479 0.0
852 -0.004022612139779795 0.0
853 -0.004025850068360913 0.0
854 -0.004029075733504543 0.0
855 -0.0040322891253847465 0.0
856 -0.004035490234212976 0.0
857 -0.004038679050238099 0.0
858 -0.00404185556374643 0.0
859 -0.004045019765061756 0.0
860 -0.004048171644545371 0.0
861 -0.004051311192596103 0.0
862 -0.004054438399650347 0.0
863 -0.004057553256182086 0.0
864 -0.004060655752702928 0.0
865 -0.004063745879762128 0.0
866 -0.004066823627946626 0.0
867 -0.004069888987881065 0.0
868 -0.00407294195022783 0.0
869 -0.004075982505687063 0.0
870 -0.004079010644996711 0.0
871 -0.004082026358932532 0.0
872 -0.00408502963830814 0.0
873 -0.004088020473975025 0.0
874 -0.004090998856822584 0.0
875 -0.004093964777778144 0.0
876 -0.004096918227806998 0.0
877 -0.0040998591979124225 0.0
878 -0.004102787679135714 0.0
879 -0.004105703662556211 0.0
880 -0.004108607139291321 0.0
881 -0.004111498100496552 0.0
882 -0.0041143765373655335 0.0
883 -0.004117242441130048 0.0
884 -0.004120095803060056 0.0
885 -0.004122936614463722 0.0
886 -0.004125764866687441 0.0
887 -0.004128580551115867 0.0
888 -0.004131383659171938 0.0
889 -0.0041341741823168986 0.0
890 -0.004136952112050333 0.0
891 -0.004139717439910184 0.0
892 -0.0041424701574727845 0.0
893 -0.00414521025635288 0.0
894 -0.004147937728203652 0.0
895 -0.004150652564716749 0.0
896 -0.00415335475762231 0.0
897 -0.004156044298688985 0.0
898 -0.0041587211797239655 0.0
899 -0.004161385392573008 0.0
900 -0.004164036929120459 0.0
901 -0.004166675781289276 0.0
902 -0.0041693019410410604 0.0
903 -0.004171915400376073 0.0
904 -0.0041745161513332615 0.0
905 -0.004177104185990291 0.0
906 -0.004179679496463557 0.0
907 -0.004182242074908217 0.0
908 -0.004184791913518213 0.0
909 -0.004187329004526295 0.0
910 -0.004189853340204043 0.0
911 -0.004192364912861893 0.0
912 -0.00419486371484916 0.0
913 -0.004197349738554059 0.0
914 -0.004199822976403729 0.0
915 -0.004202283420864262 0.0
916 -0.0042047310644407155 0.0
917 -0.004207165899677142 0.0
918 -0.004209587919156613 0.0
919 -0.004211997115501236 0.0
920 -0.00421439348137218 0.0
921 -0.004216777009469702 0.0
922 -0.00421914769253316 0.0
923 -0.004221505523341042 0.0
924 -0.004223850494710987 0.0
925 -0.004226182599499805 0.0
926 -0.004228501830603501 0.0
927 -0.004230808180957296 0.0
928 -0.004233101643535644 0.0
929 -0.004235382211352262 0.0
930 -0.004237649877460146 0.0
931 -0.00423990463495159 0.0
932 -0.004242146476958211 0.0
933 -0.004244375396650972 0.0
934 -0.004246591387240196 0.0
935 -0.00424879444197559 0.0
936 -0.004250984554146268 0.0
937 -0.004253161717080769 0.0
938 -0.004255325924147077 0.0
939 -0.004257477168752643 0.0
940 -0.004259615444344401 0.0
941 -0.004261740744408792 0.0
942 -0.004263853062471787 0.0
943 -0.004265952392098896 0.0
944 -0.004268038726895197 0.0
945 -0.004270112060505353 0.0
946 -0.00427217238661363 0.0
947 -0.0042742196989439185 0.0
948 -0.004276253991259749 0.0
949 -0.004278275257364314 0.0
950 -0.004280283491100487 0.0
951 -0.0042822786863508395 0.0
952 -0.004284260837037661 0.0
953 -0.004286229937122976 0.0
954 -0.004288185980608566 0.0
955 -0.004290128961535982 0.0
956 -0.004292058873986567 0.0
957 -0.004293975712081472 0.0
958 -0.004295879469981678 0.0
959 -0.004297770141888008 0.0
960 -0.004299647722041146 0.0
961 -0.004301512204721658 0.0
962 -0.004303363584250007 0.0
963 -0.004305201854986568 0.0
964 -0.004307027011331652 0.0
965 -0.004308839047725514 0.0
966 -0.0043106379586483785 0.0
967 -0.0043124237386204505 0.0
968 -0.004314196382201934 0.0
969 -0.0043159558839930496 0.0
970 -0.00431770223863405 0.0
971 -0.004319435440805234 0.0
972 -0.004321155485226971 0.0
973 -0.004322862366659705 0.0
974 -0.004324556079903978 0.0
975 -0.004326236619800449 0.0
976 -0.004327903981229899 0.0
977 -0.004329558159113257 0.0
978 -0.004331199148411611 0.0
979 -0.004332826944126222 0.0
980 -0.004334441541298544 0.0
981 -0.004336042935010231 0.0
982 -0.0043376311203831616 0.0
983 -0.0043392060925794475 0.0
984 -0.004340767846801451 0.0
985 -0.004342316378291796 0.0
986 -0.00434385168233339 0.0
987 -0.004345373754249426 0.0
988 -0.004346882589403414 0.0
989 -0.004348378183199178 0.0
990 -0.00434986053108088 0.0
991 -0.004351329628533032 0.0
992 -0.004352785471080508 0.0
993 -0.004354228054288558 0.0
994 -0.004355657373762825 0.0
995 -0.004357073425149353 0.0
996 -0.004358476204134605 0.0
997 -0.004359865706445472 0.0
998 -0.004361241927849288 0.0
999 -0.004362604864153846 0.0
1000 -0.004363954511207405 0.0
1001 -0.004365290864898706 0.0
1002 -0.004366613921156982 0.0
1003 -0.004367923675951978 0.0
1004 -0.004369220125293951 0.0
1005 -0.004370503265233691 0.0
1006 -0.004371773091862533 0.0
1007 -0.004373029601312365 0.0
1008 -0.00437427278975564 0.0
1009 -0.00437550265340539 0.0
1010 -0.004376719188515239 0.0
1011 -0.004377922391379408 0.0
1012 -0.004379112258332735 0.0
1013 -0.004380288785750676 0.0
1014 -0.004381451970049325 0.0
1015 -0.004382601807685424 0.0
1016 -0.0043837382951563645 0.0
1017 -0.00438486142900021 0.0
1018 -0.0043859712057957 0.0
1019 -0.0043870676221622615 0.0
1020 -0.004388150674760021 0.0
1021 -0.004389220360289811 0.0
1022 -0.004390276675493185 0.0
1023 -0.004391319617152424 0.0
1024 -0.004392349182090546 0.0
1025 -0.004393365367171318 0.0
1026 -0.004394368169299264 0.0
1027 -0.0043953575854196745 0.0
1028 -0.004396333612518617 0.0
1029 -0.004397296247622943 0.0
1030 -0.0043982454878002996 0.0
1031 -0.004399181330159136 0.0
1032 -0.004400103771848716 0.0
1033 -0.004401012810059119 0.0
1034 -0.004401908442021259 0.0
1035 -0.004402790665006886 0.0
1036 -0.0044036594763285945 0.0
1037 -0.004404514873339836 0.0
1038 -0.004405356853434921 0.0
1039 -0.004406185414049034 0.0
1040 -0.004407000552658235 0.0
1041 -0.00440780226677947 0.0
1042 -0.004408590553970578 0.0
1043 -0.004409365411830302 0.0
1044 -0.004410126837998288 0.0
1045 -0.004410874830155101 0.0
1046 -0.0044116093860222284 0.0
1047 -0.004412330503362084 0.0
1048 -0.004413038179978019 0.0
1049 -0.0044137324137143285 0.0
1050 -0.0044144132024562565 0.0
1051 -0.0044150805441300015 0.0
1052 -0.004415734436702726 0.0
1053 -0.0044163748781825595 0.0
1054 -0.004417001866618605 0.0
1055 -0.004417615400100949 0.0
1056 -0.00441821547676066 0.0
1057 -0.004418802094769803 0.0
1058 -0.004419375252341435 0.0
1059 -0.004419934947729621 0.0
1060 -0.0044204811792294295 0.0
1061 -0.004421013945176947 0.0
1062 -0.004421533243949274 0.0
1063 -0.0044220390739645385 0.0
1064 -0.004422531433681892 0.0
1065 -0.004423010321601523 0.0
1066 -0.0044234757362646565 0.0
1067 -0.004423927676253557 0.0
1068 -0.004424366140191538 0.0
1069 -0.0044247911267429624 0.0
1070 -0.004425202634613246 0.0
1071 -0.004425600662548867 0.0
1072 -0.004425985209337361 0.0
1073 -0.004426356273807333 0.0
1074 -0.004426713854828456 0.0
1075 -0.004427057951311476 0.0
1076 -0.004427388562208215 0.0
1077 -0.0044277056865115755 0.0
1078 -0.004428009323255541 0.0
1079 -0.004428299471515184 0.0
1080 -0.00442857613040666 0.0
1081 -0.004428839299087219 0.0
1082 -0.004429088976755202 0.0
1083 -0.00442932516265005 0.0
1084 -0.004429547856052298 0.0
1085 -0.004429757056283584 0.0
1086 -0.004429952762706648 0.0
1087 -0.004430134974725334 0.0
1088 -0.004430303691784592 0.0
1089 -0.004430458913370482 0.0
1090 -0.004430600639010171 0.0
1091 -0.004430728868271938 0.0
1092 -0.004430843600765176 0.0
1093 -0.004430944836140387 0.0
1094 -0.004431032574089193 0.0
1095 -0.00443110681434433 0.0
1096 -0.004431167556679645 0.0
1097 -0.00443121480091011 0.0
1098 -0.00443124854689181 0.0
1099 -0.004431268794521949 0.0
1100 -0.0044312755437388475 0.0
1101 -0.004431268794521949 0.0
1102 -0.00443124854689181 0.0
1103 -0.00443121480091011 0.0
1104 -0.004431167556679645 0.0
1105 -0.00443110681434433 0.0
1106 -0.004431032574089193 0.0
1107 -0.004430944836140387 0.0
1108 -0.004430843600765176 0.0
1109 -0.004430728868271938 0.0
1110 -0.004430600639010171 0.0
1111 -0.004430458913370482 0.0
1112 -0.004430303691784592 0.0
1113 -0.004430134974725334 0.0
1114 -0.004429952762706648 0.0
1115 -0.004429757056283584 0.0
1116 -0.004429547856052298 0.0
1117 -0.00442932516265005 0.0
1118 -0.004429088976755202 0.0
1119 -0.004428839299087219 0.0
1120 -0.00442857613040666 0.0
1121 -0.004428299471515184 0.0
1122 -0.004428009323255541 0.0
1123 -0.0044277056865115755 0.0
1124 -0.004427388562208215 0.0
1125 -0.004427057951311476 0.0
1126 -0.004426713854828456 0.0
1127 -0.004426356273807333 0.0
1128 -0.004425985209337361 0.0
1129 -0.004425600662548867 0.0
1130 -0.004425202634613246 0.0
1131 -0.0044247911267429624 0.0
1132 -0.004424366140191538 0.0
1133 -0.004423927676253557 0.0
1134 -0.0044234757362646565 0.0
1135 -0.004423010321601523 0.0
1136 -0.004422531433681892 0.0
1137 -0.0044220390739645385 0.0
1138 -0.004421533243949274 0.0
1139 -0.004421013945176947 0.0
1140 -0.0044204811792294295 0.0
1141 -0.004419934947729621 0.0
1142 -0.004419375252341435 0.0
1143 -0.004418802094769803 0.0
1144 -0.00441821547676066 0.0
1145 -0.004417615400100949 0.0
1146 -0.004417001866618605 0.0
1147 -0.0044163748781825595 0.0
1148 -0.004415734436702726 0.0
1149 -0.0044150805441300015 0.0
1150 -0.0044144132024562565 0.0
1151 -0.0044137324137143285 0.0
1152 -0.004413038179978019 0.0
1153 -0.004412330503362084 0.0
1154 -0.0044116093860222284 0.0
1155 -0.004410874830155102 0.0
1156 -0.004410126837998288 0.0
1157 -0.004409365411830302 0.0
1158 -0.004408590553970578 0.0
1159 -0.00440780226677947 0.0
1160 -0.004407000552658235 0.0
1161 -0.004406185414049034 0.0
1162 -0.004405356853434921 0.0
1163 -0.004404514873339836 0.0
1164 -0.0044036594763285945 0.0
1165 -0.004402790665006886 0.0
1166 -0.004401908442021259 0.0
1167 -0.00440101281005912 0.0
1168 -0.004400103771848716 0.0
1169 -0.004399181330159136 0.0
1170 -0.0043982454878003 0.0
1171 -0.004397296247622943 0.0
1172 -0.004396333612518617 0.0
1173 -0.0043953575854196745 0.0
1174 -0.004394368169299264 0.0
1175 -0.004393365367171318 0.0
1176 -0.004392349182090546 0.0
1177 -0.004391319617152424 0.0
1178 -0.004390276675493185 0.0
1179 -0.004389220360289811 0.0
1180 -0.004388150674760021 0.0
1181 -0.0043870676221622615 0.0
1182 -0.0043859712057957 0.0
1183 -0.00438486142900021 0.0
1184 -0.0043837382951563645 0.0
1185 -0.004382601807685424 0.0
1186 -0.004381451970049326 0.0
1187 -0.004380288785750676 0.0
1188 -0.004379112258332735 0.0
1189 -0.004377922391379408 0.0
1190 -0.004376719188515238 0.0
1191 -0.00437550265340539 0.0
1192 -0.00437427278975564 0.0
1193 -0.004373029601312365 0.0
1194 -0.004371773091862534 0.0
1195 -0.004370503265233691 0.0
1196 -0.004369220125293951 0.0
1197 -0.004367923675951978 0.0
1198 -0.004366613921156983 0.0
1199 -0.004365290864898706 0.0
1200 -0.004363954511207405 0.0
1201 -0.0043626048641538465 0.0
1202 -0.004361241927849289 0.0
1203 -0.004359865706445472 0.0
1204 -0.004358476204134605 0.0
1205 -0.004357073425149354 0.0
1206 -0.004355657373762825 0.0
1207 -0.004354228054288558 0.0
1208 -0.004352785471080508 0.0
1209 -0.004351329628533032 0.0
1210 -0.00434986053108088 0.0
1211 -0.004348378183199179 0.0
1212 -0.004346882589403415 0.0
1213 -0.004345373754249426 0.0
1214 -0.00434385168233339 0.0
1215 -0.004342316378291796 0.0
1216 -0.004340767846801451 0.0
1217 -0.004339206092579448 0.0
1218 -0.0043376311203831616 0.0
1219 -0.004336042935010231 0.0
1220 -0.004334441541298544 0.0
1221 -0.004332826944126223 0.0
1222 -0.004331199148411611 0.0
1223 -0.004329558159113257 0.0
1224 -0.004327903981229899 0.0
1225 -0.004326236619800449 0.0
1226 -0.004324556079903979 0.0
1227 -0.004322862366659705 0.0
1228 -0.004321155485226971 0.0
1229 -0.004319435440805234 0.0
1230 -0.00431770223863405 0.0
1231 -0.0043159558839930496 0.0
1232 -0.004314196382201934 0.0
1233 -0.0043124237386204505 0.0
1234 -0.0043106379586483785 0.0
1235 -0.004308839047725515 0.0
1236 -0.0043070270113316515 0.0
1237 -0.004305201854986568 0.0
1238 -0.004303363584250007 0.0
1239 -0.004301512204721658 0.0
1240 -0.004299647722041146 0.0
1241 -0.004297770141888008 0.0
1242 -0.004295879469981678 0.0
1243 -0.004293975712081472 0.0
1244 -0.004292058873986567 0.0
1245 -0.004290128961535982 0.0
1246 -0.0042881859806085665 0.0
1247 -0.004286229937122976 0.0
1248 -0.004284260837037661 0.0
1249 -0.0042822786863508395 0.0
1250 -0.004280283491100487 0.0
1251 -0.004278275257364314 0.0
1252 -0.004276253991259749 0.0
1253 -0.0042742196989439185 0.0
1254 -0.00427217238661363 0.0
1255 -0.004270112060505353 0.0
1256 -0.004268038726895197 0.0
1257 -0.004265952392098896 0.0
1258 -0.004263853062471787 0.0
1259 -0.004261740744408792 0.0
1260 -0.004259615444344401 0.0
1261 -0.004257477168752643 0.0
1262 -0.004255325924147078 0.0
1263 -0.00425316171708077 0.0
1264 -0.004250984554146268 0.0
1265 -0.00424879444197559 0.0
1266 -0.004246591387240196 0.0
1267 -0.004244375396650972 0.0
1268 -0.004242146476958211 0.0
1269 -0.00423990463495159 0.0
1270 -0.004237649877460146 0.0
1271 -0.004235382211352263 0.0
1272 -0.0042331016435356444 0.0
1273 -0.004230808180957296 0.0
1274 -0.004228501830603502 0.0
1275 -0.004226182599499805 0.0
1276 -0.004223850494710987 0.0
1277 -0.004221505523341042 0.0
1278 -0.00421914769253316 0.0
1279 -0.004216777009469702 0.0
1280 -0.004214393481372181 0.0
1281 -0.0042119971155012365 0.0
1282 -0.004209587919156613 0.0
1283 -0.004207165899677142 0.0
1284 -0.0042047310644407155 0.0
1285 -0.004202283420864263 0.0
1286 -0.004199822976403729 0.0
1287 -0.004197349738554059 0.0
1288 -0.00419486371484916 0.0
1289 -0.004192364912861894 0.0
1290 -0.004189853340204043 0.0
1291 -0.004187329004526295 0.0
1292 -0.0041847919135182135 0.0
1293 -0.004182242074908217 0.0
1294 -0.004179679496463557 0.0
1295 -0.004177104185990291 0.0
1296 -0.0041745161513332615 0.0
1297 -0.004171915400376073 0.0
1298 -0.0041693019410410604 0.0
1299 -0.004166675781289277 0.0
1300 -0.004164036929120459 0.0
1301 -0.004161385392573008 0.0
1302 -0.0041587211797239655 0.0
1303 -0.004156044298688985 0.0
1304 -0.004153354757622311 0.0
1305 -0.004150652564716749 0.0
1306 -0.004147937728203652 0.0
1307 -0.00414521025635288 0.0
1308 -0.004142470157472785 0.0
1309 -0.004139717439910184 0.0
1310 -0.004136952112050333 0.0
1311 -0.004134174182316899 0.0
1312 -0.004131383659171938 0.0
1313 -0.004128580551115868 0.0
1314 -0.004125764866687441 0.0
1315 -0.004122936614463722 0.0
1316 -0.004120095803060056 0.0
1317 -0.004117242441130048 0.0
1318 -0.004114376537365534 0.0
1319 -0.004111498100496552 0.0
1320 -0.004108607139291322 0.0
1321 -0.004105703662556211 0.0
1322 -0.004102787679135715 0.0
1323 -0.0040998591979124225 0.0
1324 -0.004096918227806998 0.0
1325 -0.004093964777778144 0.0
1326 -0.0040909988568225844 0.0
1327 -0.004088020473975026 0.0
1328 -0.00408502963830814 0.0
1329 -0.004082026358932532 0.0
1330 -0.004079010644996711 0.0
1331 -0.004075982505687065 0.0
1332 -0.004072941950227829 0.0
1333 -0.004069888987881066 0.0
1334 -0.004066823627946627 0.0
1335 -0.004063745879762128 0.0
1336 -0.004060655752702928 0.0
1337 -0.004057553256182087 0.0
1338 -0.004054438399650347 0.0
1339 -0.004051311192596104 0.0
1340 -0.004048171644545371 0.0
1341 -0.004045019765061756 0.0
1342 -0.004041855563746429 0.0
1343 -0.0040386790502381 0.0
1344 -0.004035490234212976 0.0
1345 -0.004032289125384747 0.0
1346 -0.004029075733504543 0.0
1347 -0.004025850068360913 0.0
1348 -0.004022612139779795 0.0
1349 -0.004019361957624479 0.0
1350 -0.004016099531795583 0.0
1351 -0.0040128248722310226 0.0
1352 -0.004009537988905979 0.0
1353 -0.004006238891832869 0.0
1354 -0.004002927591061314 0.0
1355 -0.00399960409667811 0.0
1356 -0.003996268418807199 0.0
1357 -0.0039929205676096325 0.0
1358 -0.003989560553283546 0.0
1359 -0.003986188386064127 0.0
1360 -0.00398280407622358 0.0
1361 -0.003979407634071101 0.0
1362 -0.003975999069952842 0.0
1363 -0.003972578394251879 0.0
1364 -0.003969145617388185 0.0
1365 -0.003965700749818592 0.0
1366 -0.003962243802036766 0.0
1367 -0.003958774784573168 0.0
1368 -0.003955293707995027 0.0
1369 -0.003951800582906306 0.0
1370 -0.0039482954199476705 0.0
1371 -0.003944778229796455 0.0
1372 -0.003941249023166628 0.0
1373 -0.003937707810808769 0.0
1374 -0.003934154603510021 0.0
1375 -0.003930589412094073 0.0
1376 -0.0039270122474211145 0.0
1377 -0.00392342312038781 0.0
1378 -0.003919822041927261 0.0
1379 -0.0039162090230089805 0.0
1380 -0.003912584074638849 0.0
1381 -0.003908947207859086 0.0
1382 -0.003905298433748222 0.0
1383 -0.0039016377634210533 0.0
1384 -0.003897965208028617 0.0
1385 -0.0038942807787581547 0.0
1386 -0.0038905844868330755 0.0
1387 -0.0038868763435129265 0.0
1388 -0.0038831563600933553 0.0
1389 -0.003879424547906077 0.0
1390 -0.003875680918318838 0.0
1391 -0.003871925482735383 0.0
1392 -0.0038681582525954194 0.0
1393 -0.003864379239374586 0.0
1394 -0.003860588454584411 0.0
1395 -0.003856785909772282 0.0
1396 -0.003852971616521411 0.0
1397 -0.003849145586450794 0.0
1398 -0.0038453078312151857 0.0
1399 -0.0038414583625050527 0.0
1400 -0.0038375971920465435 0.0
1401 -0.003833724331601453 0.0
1402 -0.0038298397929671874 0.0
1403 -0.0038259435879767242 0.0
1404 -0.003822035728498579 0.0
1405 -0.0038181162264367694 0.0
1406 -0.0038141850937307782 0.0
1407 -0.0038102423423555186 0.0
1408 -0.003806287984321295 0.0
1409 -0.0038023220316737664 0.0
1410 -0.003798344496493913 0.0
1411 -0.003794355390897997 0.0
1412 -0.0037903547270375262 0.0
1413 -0.003786342517099216 0.0
1414 -0.0037823187733049546 0.0
1415 -0.0037782835079117607 0.0
1416 -0.003774236733211755 0.0
1417 -0.0037701784615321154 0.0
1418 -0.0037661087052350386 0.0
1419 -0.003762027476717711 0.0
1420 -0.0037579347884122614 0.0
1421 -0.0037538306527857266 0.0
1422 -0.0037497150823400183 0.0
1423 -0.003745588089611876 0.0
1424 -0.0037414496871728347 0.0
1425 -0.0037372998876291875 0.0
1426 -0.003733138703621943 0.0
1427 -0.0037289661478267892 0.0
1428 -0.0037247822329540548 0.0
1429 -0.0037205869717486686 0.0
1430 -0.0037163803769901266 0.0
1431 -0.0037121624614924447 0.0
1432 -0.003707933238104124 0.0
1433 -0.0037036927197081127 0.0
1434 -0.003699440919221767 0.0
1435 -0.0036951778495968065 0.0
1436 -0.003690903523819282 0.0
1437 -0.0036866179549095305 0.0
1438 -0.0036823211559221364 0.0
1439 -0.003678013139945898 0.0
1440 -0.0036736939201037766 0.0
1441 -0.003669363509552866 0.0
1442 -0.003665021921484348 0.0
1443 -0.0036606691691234506 0.0
1444 -0.003656305265729415 0.0
1445 -0.003651930224595447 0.0
1446 -0.00364754405904868 0.0
1447 -0.0036431467824501345 0.0
1448 -0.0036387384081946793 0.0
1449 -0.0036343189497109857 0.0
1450 -0.0036298884204614915 0.0
1451 -0.0036254468339423566 0.0
1452 -0.0036209942036834223 0.0
1453 -0.0036165305432481754 0.0
1454 -0.0036120558662336984 0.0
1455 -0.003607570186270632 0.0
1456 -0.0036030735170231383 0.0
1457 -0.0035985658721888504 0.0
1458 -0.0035940472654988342 0.0
1459 -0.0035895177107175525 0.0
1460 -0.0035849772216428135 0.0
1461 -0.003580425812105733 0.0
1462 -0.0035758634959706954 0.0
1463 -0.003571290287135307 0.0
1464 -0.0035667061995303543 0.0
1465 -0.0035621112471197628 0.0
1466 -0.0035575054439005546 0.0
1467 -0.003552888803902806 0.0
1468 -0.0035482613411896018 0.0
1469 -0.0035436230698569974 0.0
1470 -0.0035389740040339688 0.0
1471 -0.0035343141578823806 0.0
1472 -0.0035296435455969303 0.0
1473 -0.003524962181405113 0.0
1474 -0.003520270079567176 0.0
1475 -0.003515567254376074 0.0
1476 -0.00351085372015743 0.0
1477 -0.0035061294912694867 0.0
1478 -0.003501394582103064 0.0
1479 -0.0034966490070815143 0.0
1480 -0.003491892780660686 0.0
1481 -0.003487125917328867 0.0
1482 -0.0034823484316067513 0.0
1483 -0.003477560338047387 0.0
1484 -0.0034727616512361384 0.0
1485 -0.0034679523857906384 0.0
1486 -0.003463132556360743 0.0
1487 -0.003458302177628488 0.0
1488 -0.0034534612643080465 0.0
1489 -0.0034486098311456766 0.0
1490 -0.0034437478929196888 0.0
1491 -0.003438875464440388 0.0
1492 -0.003433992560550037 0.0
1493 -0.003429099196122808 0.0
1494 -0.0034241953860647376 0.0
1495 -0.00341928114531368 0.0
1496 -0.003414356488839268 0.0
1497 -0.003409421431642858 0.0
1498 -0.0034044759887574875 0.0
1499 -0.003399520175247837 0.0
1500 -0.003394554006210172 0.0
1501 -0.003389577496772305 0.0
1502 -0.0033845906620935456 0.0
1503 -0.0033795935173646595 0.0
1504 -0.0033745860778078146 0.0
1505 -0.003369568358676541 0.0
1506 -0.00336454037525568 0.0
1507 -0.003359502142861341 0.0
1508 -0.003354453676840856 0.0
1509 -0.0033493949925727266 0.0
1510 -0.003344326105466582 0.0
1511 -0.0033392470309631305 0.0
1512 -0.0033341577845341164 0.0
1513 -0.0033290583816822654 0.0
1514 -0.003323948837941244 0.0
1515 -0.0033188291688756068 0.0
1516 -0.0033136993900807535 0.0
1517 -0.0033085595171828824 0.0
1518 -0.0033034095658389362 0.0
1519 -0.0032982495517365606 0.0
1520 -0.003293079490594052 0.0
1521 -0.0032878993981603133 0.0
1522 -0.0032827092902148066 0.0
1523 -0.003277509182567499 0.0
1524 -0.00327229909105882 0.0
1525 -0.003267079031559612 0.0
1526 -0.0032618490199710828 0.0
1527 -0.003256609072224754 0.0
1528 -0.0032513592042824153 0.0
1529 -0.0032460994321360736 0.0
1530 -0.003240829771807909 0.0
1531 -0.00323555023935022 0.0
1532 -0.0032302608508453763 0.0
1533 -0.003224961622405776 0.0
1534 -0.0032196525701737857 0.0
1535 -0.003214333710321699 0.0
1536 -0.003209005059051687 0.0
1537 -0.003203666632595745 0.0
1538 -0.0031983184472156446 0.0
1539 -0.0031929605192028863 0.0
1540 -0.00318759286487865 0.0
1541 -0.00318221550059374 0.0
1542 -0.003176828442728541 0.0
1543 -0.0031714317076929647 0.0
1544 -0.0031660253119264016 0.0
1545 -0.003160609271897673 0.0
1546 -0.0031551836041049746 0.0
1547 -0.003149748325075832 0.0
1548 -0.003144303451367046 0.0
1549 -0.003138848999564648 0.0
1550 -0.003133384986283845 0.0
1551 -0.003127911428168967 0.0
1552 -0.0031224283418934224 0.0
1553 -0.0031169357441596405 0.0
1554 -0.0031114336516990305 0.0
1555 -0.0031059220812719177 0.0
1556 -0.0031004010496675028 0.0
1557 -0.0030948705737038028 0.0
1558 -0.0030893306702276103 0.0
1559 -0.00308378135611443 0.0
1560 -0.0030782226482684357 0.0
1561 -0.0030726545636224154 0.0
1562 -0.0030670771191377184 0.0
1563 -0.0030614903318042118 0.0
1564 -0.003055894218640217 0.0
1565 -0.0030502887966924646 0.0
1566 -0.0030446740830360414 0.0
1567 -0.0030390500947743405 0.0
1568 -0.003033416849039005 0.0
1569 -0.0030277743629898773 0.0
1570 -0.003022122653814951 0.0
1571 -0.00301646173873031 0.0
1572 -0.003010791634980083 0.0
1573 -0.0030051123598363915 0.0
1574 -0.0029994239305992923 0.0
1575 -0.002993726364596726 0.0
1576 -0.0029880196791844667 0.0
1577 -0.0029823038917460693 0.0
1578 -0.0029765790196928125 0.0
1579 -0.00297084508046365 0.0
1580 -0.002965102091525153 0.0
1581 -0.002959350070371466 0.0
1582 -0.0029535890345242398 0.0
1583 -0.00294781900153259 0.0
1584 -0.0029420399889730363 0.0
1585 -0.0029362520144494532 0.0
1586 -0.002930455095593017 0.0
1587 -0.002924649250062147 0.0
1588 -0.0029188344955424547 0.0
1589 -0.002913010849746691 0.0
1590 -0.0029071783304146902 0.0
1591 -0.0029013369553133207 0.0
1592 -0.0028954867422364213 0.0
1593 -0.002889627709004757 0.0
1594 -0.0028837598734659563 0.0
1595 -0.0028778832534944684 0.0
1596 -0.002871997866991494 0.0
1597 -0.002866103731884942 0.0
1598 -0.0028602008661293694 0.0
1599 -0.0028542892877059284 0.0
1600 -0.002848369014622314 0.0
1601 -0.0028424400649127044 0.0
1602 -0.0028365024566377075 0.0
1603 -0.002830556207884307 0.0
1604 -0.0028246013367658114 0.0
1605 -0.0028186378614217878 0.0
1606 -0.002812665800018016 0.0
1607 -0.0028066851707464332 0.0
1608 -0.0028006959918250723 0.0
1609 -0.0027946982814980093 0.0
1610 -0.0027886920580353124 0.0
1611 -0.002782677339732979 0.0
1612 -0.0027766541449128833 0.0
1613 -0.002770622491922723 0.0
1614 -0.0027645823991359576 0.0
1615 -0.002758533884951759 0.0
1616 -0.0027524769677949486 0.0
1617 -0.0027464116661159456 0.0
1618 -0.0027403379983907137 0.0
1619 -0.0027342559831206965 0.0
1620 -0.0027281656388327678 0.0
1621 -0.002722066984079172 0.0
1622 -0.002715960037437468 0.0
1623 -0.002709844817510477 0.0
1624 -0.0027037213429262183 0.0
1625 -0.0026975896323378572 0.0
1626 -0.002691449704423646 0.0
1627 -0.0026853015778868727 0.0
1628 -0.0026791452714557966 0.0
1629 -0.002672980803883593 0.0
1630 -0.002666808193948301 0.0
1631 -0.002660627460452758 0.0
1632 -0.0026544386222245543 0.0
1633 -0.0026482416981159617 0.0
1634 -0.002642036707003887 0.0
1635 -0.0026358236677898063 0.0
1636 -0.0026296025993997186 0.0
1637 -0.0026233735207840756 0.0
1638 -0.002617136450917731 0.0
1639 -0.002610891408799881 0.0
1640 -0.0026046384134540052 0.0
1641 -0.0025983774839278147 0.0
1642 -0.0025921086392931866 0.0
1643 -0.0025858318986461053 0.0
1644 -0.002579547281106616 0.0
1645 -0.002573254805818751 0.0
1646 -0.0025669544919504805 0.0
1647 -0.002560646358693656 0.0
1648 -0.002554330425263944 0.0
1649 -0.002548006710900771 0.0
1650 -0.0025416752348672716 0.0
1651 -0.0025353360164502175 0.0
1652 -0.0025289890749599676 0.0
1653 -0.002522634429730407 0.0
1654 -0.002516272100118884 0.0
1655 -0.002509902105506163 0.0
1656 -0.0025035244652963492 0.0
1657 -0.002497139198916842 0.0
1658 -0.0024907463258182676 0.0
1659 -0.0024843458654744298 0.0
1660 -0.002477937837382239 0.0
1661 -0.00247152226106166 0.0
1662 -0.002465099156055651 0.0
1663 -0.002458668541930102 0.0
1664 -0.002452230438273783 0.0
1665 -0.002445784864698271 0.0
1666 -0.002439331840837903 0.0
1667 -0.0024328713863497066 0.0
1668 -0.002426403520913347 0.0
1669 -0.002419928264231066 0.0
1670 -0.002413445636027616 0.0
1671 -0.002406955656050209 0.0
1672 -0.002400458344068446 0.0
1673 -0.0023939537198742703 0.0
1674 -0.002387441803281894 0.0
1675 -0.0023809226141277427 0.0
1676 -0.002374396172270399 0.0
1677 -0.002367862497590534 0.0
1678 -0.0023613216099908573 0.0
1679 -0.002354773529396045 0.0
1680 -0.002348218275752685 0.0
1681 -0.0023416558690292203 0.0
1682 -0.0023350863292158773 0.0
1683 -0.002328509676324613 0.0
1684 -0.0023219259303890547 0.0
1685 -0.002315335111464434 0.0
1686 -0.0023087372396275257 0.0
1687 -0.0023021323349765956 0.0
1688 -0.0022955204176313263 0.0
1689 -0.002288901507732766 0.0
1690 -0.0022822756254432604 0.0
1691 -0.002275642790946396 0.0
1692 -0.0022690030244469387 0.0
1693 -0.002262356346170769 0.0
1694 -0.0022557027763648197 0.0
1695 -0.0022490423352970186 0.0
1696 -0.0022423750432562254 0.0
1697 -0.0022357009205521685 0.0
1698 -0.0022290199875153816 0.0
1699 -0.0022223322644971456 0.0
1700 -0.0022156377718694233 0.0
1701 -0.002208936530024804 0.0
1702 -0.00220222855937643 0.0
1703 -0.0021955138803579433 0.0
1704 -0.0021887925134234194 0.0
1705 -0.0021820644790473106 0.0
1706 -0.002175329797724375 0.0
1707 -0.00216858848996962 0.0
1708 -0.002161840576318238 0.0
1709 -0.0021550860773255423 0.0
1710 -0.002148325013566912 0.0
1711 -0.002141557405637718 0.0
1712 -0.0021347832741532673 0.0
1713 -0.0021280026397487396 0.0
1714 -0.002121215523079122 0.0
1715 -0.0021144219448191517 0.0
1716 -0.0021076219256632445 0.0
1717 -0.0021008154863254368 0.0
1718 -0.002094002647539326 0.0
1719 -0.0020871834300579995 0.0
1720 -0.0020803578546539745 0.0
1721 -0.00207352594211914 0.0
1722 -0.0020666877132646862 0.0
1723 -0.002059843188921041 0.0
1724 -0.002052992389937817 0.0
1725 -0.0020461353371837338 0.0
1726 -0.0020392720515465634 0.0
1727 -0.002032402553933062 0.0
1728 -0.0020255268652689144 0.0
1729 -0.0020186450064986596 0.0
1730 -0.0020117569985856317 0.0
1731 -0.0020048628625118983 0.0
1732 -0.001997962619278191 0.0
1733 -0.0019910562899038515 0.0
1734 -0.0019841438954267547 0.0
1735 -0.0019772254569032535 0.0
1736 -0.0019703009954081087 0.0
1737 -0.0019633705320344355 0.0
1738 -0.0019564340878936246 0.0
1739 -0.0019494916841152883 0.0
1740 -0.0019425433418471924 0.0
1741 -0.0019355890822551907 0.0
1742 -0.0019286289265231672 0.0
1743 -0.001921662895852962 0.0
1744 -0.0019146910114643124 0.0
1745 -0.0019077132945947873 0.0
1746 -0.0019007297664997206 0.0
1747 -0.0018937404484521538 0.0
1748 -0.0018867453617427597 0.0
1749 -0.0018797445276797855 0.0
1750 -0.0018727379675889848 0.0
1751 -0.0018657257028135575 0.0
1752 -0.0018587077547140766 0.0
1753 -0.001851684144668429 0.0
1754 -0.0018446548940717477 0.0
1755 -0.0018376200243363523 0.0
1756 -0.0018305795568916738 0.0
1757 -0.001823533513184196 0.0
1758 -0.0018164819146773935 0.0
1759 -0.001809424782851656 0.0
1760 -0.0018023621392042294 0.0
1761 -0.0017952940052491544 0.0
1762 -0.0017882204025171915 0.0
1763 -0.0017811413525557613 0.0
1764 -0.0017740568769288754 0.0
1765 -0.0017669669972170793 0.0
1766 -0.0017598717350173739 0.0
1767 -0.0017527711119431587 0.0
1768 -0.0017456651496241626 0.0
1769 -0.0017385538697063782 0.0
1770 -0.0017314372938520002 0.0
1771 -0.001724315443739351 0.0
1772 -0.0017171883410628218 0.0
1773 -0.0017100560075328012 0.0
1774 -0.0017029184648756177 0.0
1775 -0.0016957757348334622 0.0
1776 -0.001688627839164329 0.0
1777 -0.0016814747996419482 0.0
1778 -0.001674316638055717 0.0
1779 -0.00166715337621064 0.0
1780 -0.001659985035927254 0.0
1781 -0.001652811639041566 0.0
1782 -0.0016456332074049856 0.0
1783 -0.001638449762884264 0.0
1784 -0.0016312613273614172 0.0
1785 -0.0016240679227336665 0.0
1786 -0.0016168695709133695 0.0
1787 -0.001609666293827953 0.0
1788 -0.0016024581134198514 0.0
1789 -0.0015952450516464305 0.0
1790 -0.001588027130479928 0.0
1791 -0.0015808043719073809 0.0
1792 -0.0015735767979305688 0.0
1793 -0.001566344430565933 0.0
1794 -0.0015591072918445172 0.0
1795 -0.0015518654038119048 0.0
1796 -0.0015446187885281406 0.0
1797 -0.0015373674680676701 0.0
1798 -0.0015301114645192761 0.0
1799 -0.0015228507999860024 0.0
1800 -0.001515585496585092 0.0
1801 -0.0015083155764479173 0.0
1802 -0.0015010410617199196 0.0
1803 -0.0014937619745605305 0.0
1804 -0.0014864783371431117 0.0
1805 -0.0014791901716548843 0.0
1806 -0.001471897500296868 0.0
1807 -0.0014646003452838026 0.0
1808 -0.0014572987288440876 0.0
1809 -0.001449992673219713 0.0
1810 -0.0014426822006661896 0.0
1811 -0.0014353673334524884 0.0
1812 -0.0014280480938609612 0.0
1813 -0.0014207245041872815 0.0
1814 -0.0014133965867403739 0.0
1815 -0.0014060643638423428 0.0
1816 -0.0013987278578284155 0.0
1817 -0.0013913870910468595 0.0
1818 -0.001384042085858923 0.0
1819 -0.0013766928646387648 0.0
1820 -0.00136933944977339 0.0
1821 -0.0013619818636625741 0.0
1822 -0.0013546201287188003 0.0
1823 -0.00134725426736719 0.0
1824 -0.0013398843020454325 0.0
1825 -0.0013325102552037237 0.0
1826 -0.0013251321493046877 0.0
1827 -0.001317750006823314 0.0
1828 -0.0013103638502468876 0.0
1829 -0.0013029737020749262 0.0
1830 -0.0012955795848191003 0.0
1831 -0.0012881815210031718 0.0
1832 -0.00128077953316293 0.0
1833 -0.0012733736438461111 0.0
1834 -0.0012659638756123374 0.0
1835 -0.0012585502510330507 0.0
1836 -0.001251132792691436 0.0
1837 -0.0012437115231823557 0.0
1838 -0.0012362864651122875 0.0
1839 -0.0012288576410992439 0.0
1840 -0.0012214250737727114 0.0
1841 -0.001213988785773579 0.0
1842 -0.001206548799754068 0.0
1843 -0.0011991051383776696 0.0
1844 -0.001191657824319065 0.0
1845 -0.001184206880264065 0.0
1846 -0.001176752328909537 0.0
1847 -0.0011692941929633354 0.0
1848 -0.0011618324951442399 0.0
1849 -0.0011543672581818736 0.0
1850 -0.001146898504816643 0.0
1851 -0.0011394262577996647 0.0
1852 -0.0011319505398927022 0.0
1853 -0.0011244713738680875 0.0
1854 -0.0011169887825086568 0.0
1855 -0.0011095027886076814 0.0
1856 -0.0011020134149687948 0.0
1857 -0.0010945206844059318 0.0
1858 -0.0010870246197432472 0.0
1859 -0.001079525243815054 0.0
1860 -0.0010720225794657503 0.0
1861 -0.0010645166495497564 0.0
1862 -0.0010570074769314342 0.0
1863 -0.0010494950844850265 0.0
1864 -0.0010419794950945831 0.0
1865 -0.001034460731653891 0.0
1866 -0.0010269388170664109 0.0
1867 -0.0010194137742451977 0.0
1868 -0.0010118856261128349 0.0
1869 -0.001004354395601371 0.0
1870 -0.0009968201056522383 0.0
1871 -0.0009892827792161887 0.0
1872 -0.0009817424392532298 0.0
1873 -0.0009741991087325423 0.0
1874 -0.0009666528106324177 0.0
1875 -0.0009591035679401925 0.0
1876 -0.0009515514036521672 0.0
1877 -0.0009439963407735439 0.0
1878 -0.0009364384023183545 0.0
1879 -0.0009288776113093881 0.0
1880 -0.0009213139907781296 0.0
1881 -0.0009137475637646765 0.0
1882 -0.0009061783533176777 0.0
1883 -0.0008986063824942594 0.0
1884 -0.0008910316743599615 0.0
1885 -0.0008834542519886566 0.0
1886 -0.0008758741384624875 0.0
1887 -0.0008682913568717945 0.0
1888 -0.0008607059303150433 0.0
1889 -0.0008531178818987629 0.0
1890 -0.0008455272347374625 0.0
1891 -0.00083793401195357 0.0
1892 -0.0008303382366773586 0.0
1893 -0.0008227399320468753 0.0
1894 -0.0008151391212078775 0.0
1895 -0.0008075358273137515 0.0
1896 -0.0007999300735254488 0.0
1897 -0.0007923218830114126 0.0
1898 -0.0007847112789475147 0.0
1899 -0.0007770982845169729 0.0
1900 -0.0007694829229102883 0.0
1901 -0.0007618652173251735 0.0
1902 -0.0007542451909664785 0.0
1903 -0.0007466228670461291 0.0
1904 -0.0007389982687830437 0.0
1905 -0.0007313714194030693 0.0
1906 -0.0007237423421389157 0.0
1907 -0.0007161110602300732 0.0
1908 -0.0007084775969227478 0.0
1909 -0.0007008419754697969 0.0
1910 -0.0006932042191306453 0.0
1911 -0.0006855643511712216 0.0
1912 -0.0006779223948638925 0.0
1913 -0.0006702783734873804 0.0
1914 -0.0006626323103266997 0.0
1915 -0.0006549842286730851 0.0
1916 -0.0006473341518239175 0.0
1917 -0.0006396821030826619 0.0
1918 -0.0006320281057587835 0.0
1919 -0.000624372183167686 0.0
1920 -0.000616714358630635 0.0
1921 -0.000609054655474696 0.0
1922 -0.0006013930970326514 0.0
1923 -0.000593729706642937 0.0
1924 -0.0005860645076495688 0.0
1925 -0.0005783975234020704 0.0
1926 -0.0005707287772554092 0.0
1927 -0.000563058292569914 0.0
1928 -0.0005553860927112116 0.0
1929 -0.0005477122010501511 0.0
1930 -0.0005400366409627415 0.0
1931 -0.0005323594358300679 0.0
1932 -0.0005246806090382285 0.0
1933 -0.0005170001839782614 0.0
1934 -0.0005093181840460715 0.0
1935 -0.0005016346326423666 0.0
1936 -0.0004939495531725748 0.0
1937 -0.00048626296904678113 0.0
1938 -0.0004785749036796538 0.0
1939 -0.0004708853804903712 0.0
1940 -0.00046319442290255846 0.0
1941 -0.00045550205434420426 0.0
1942 -0.0004478082982475953 0.0
1943 -0.0004401131780492509 0.0
1944 -0.00043241671718983966 0.0
1945 -0.00042471893911411425 0.0
1946 -0.0004170198672708455 0.0
1947 -0.00040931952511273953 0.0
1948 -0.000401617936096372 0.0
1949 -0.00039391512368212276 0.0
1950 -0.0003862111113340922 0.0
1951 -0.0003785059225200379 0.0
1952 -0.0003707995807112995 0.0
1953 -0.00036309210938273445 0.0
1954 -0.00035538353201263503 0.0
1955 -0.00034767387208266493 0.0
1956 -0.00033996315307778524 0.0
1957 -0.0003322513984861813 0.0
1958 -0.00032453863179919903 0.0
1959 -0.00031682487651126125 0.0
1960 -0.00030911015611980445 0.0
1961 -0.0003013944941252028 0.0
1962 -0.0002936779140307048 0.0
1963 -0.0002859604393423497 0.0
1964 -0.00027824209356890376 0.0
1965 -0.00027052290022178685 0.0
1966 -0.0002628028828149985 0.0
1967 -0.0002550820648650546 0.0
1968 -0.0002473604698909036 0.0
1969 -0.00023963812141386293 0.0
1970 -0.0002319150429575453 0.0
1971 -0.00022419125804778507 0.0
1972 -0.00021646679021257453 0.0
1973 -0.00020874166298198032 0.0
1974 -0.00020101589988807971 0.0
1975 -0.000193289524464885 0.0
1976 -0.00018556256024827958 0.0
1977 -0.00017783503077593453 0.0
1978 -0.00017010695958724473 0.0
1979 -0.0001623783702232534 0.0
1980 -0.00015464928622658787 0.0
1981 -0.00014691973114137652 0.0
1982 -0.00013918972851318265 0.0
1983 -0.00013145930188893876 0.0
1984 -0.00012372847481686305 0.0
1985 -0.00011599727084639354 0.0
1986 -0.0001082657135281222 0.0
1987 -0.0001005338264137115 0.0
1988 -9.280163305583053e-05 0.0
1989 -8.506915700807921e-05 0.0
1990 -7.733642182492454e-05 0.0
1991 -6.960345106161694e-05 0.0
1992 -6.187026827412644e-05 0.0
1993 -5.413689701906896e-05 0.0
1994 -4.640336085363253e-05 0.0
1995 -3.866968333551342e-05 0.0
1996 -3.093588802283259e-05 0.0
1997 -2.3201998474071805e-05 0.0
1998 -1.5468038247997903e-05 0.0
1999 -7.734030903598923e-06 0.0
2000 0.0 0.0
2001 0.0 0.0
2002 0.0 0.0
2003 0.0 0.0
2004 0.0 0.0
2005 0.0 0.0
2006 0.0 0.0
2007 0.0 0.0
2008 0.0 0.0
2009 0.0 0.0
2010 0.0 0.0
2011 0.0 0.0
2012 0.0 0.0
2013 0.0 0.0
2014 0.0 0.0
2015 0.0 0.0
2016 0.0 0.0
2017 0.0 0.0
2018 0.0 0.0
2019 0.0 0.0
2020 0.0 0.0
2021 0.0 0.0
2022 0.0 0.0
2023 0.0 0.0
2024 0.0 0.0
2025 0.0 0.0
2026 0.0 0.0
2027 0.0 0.0
2028 0.0 0.0
2029 0.0 0.0
2030 0.0 0.0
2031 0.0 0.0
2032 0.0 0.0
2033 0.0 0.0
2034 0.0 0.0
2035 0.0 0.0
2036 0.0 0.0
2037 0.0 0.0
2038 0.0 0.0
2039 0.0 0.0
2040 0.0 0.0
2041 0.0 0.0
2042 0.0 0.0
2043 0.0 0.0
2044 0.0 0.0
2045 0.0 0.0
2046 0.0 0.0
2047 0.0 0.0
2048 0.0 0.0
2049 0.0 0.0
2050 0.0 0.0
2051 0.0 0.0
2052 0.0 0.0
2053 0.0 0.0
2054 0.0 0.0
2055 0.0 0.0
2056 0.0 0.0
2057 0.0 0.0
2058 0.0 0.0
2059 0.0 0.0
2060 0.0 0.0
2061 0.0 0.0
2062 0.0 0.0
2063 0.0 0.0
2064 0.0 0.0
2065 0.0 0.0
2066 0.0 0.0
2067 0.0 0.0
2068 0.0 0.0
2069 0.0 0.0
2070 0.0 0.0
2071 0.0 0.0
2072 0.0 0.0
2073 0.0 0.0
2074 0.0 0.0
2075 0.0 0.0
2076 0.0 0.0
2077 0.0 0.0
2078 0.0 0.0
2079 0.0 0.0
2080 0.0 0.0
2081 0.0 0.0
2082 0.0 0.0
2083 0.0 0.0
2084 0.0 0.0
2085 0.0 0.0
2086 0.0 0.0
2087 0.0 0.0
2088 0.0 0.0
2089 0.0 0.0
2090 0.0 0.0
2091 0.0 0.0
2092 0.0 0.0
2093 0.0 0.0
2094 0.0 0.0
2095 0.0 0.0
2096 0.0 0.0
2097 0.0 0.0
2098 0.0 0.0
2099 0.0 0.0
2100 0.0 0.0
2101 0.0 0.0
2102 0.0 0.0
2103 0.0 0.0
2104 0.0 0.0
2105 0.0 0.0
2106 0.0 0.0
2107 0.0 0.0
2108 0.0 0.0
2109 0.0 0.0
2110 0.0 0.0
2111 0.0 0.0
2112 0.0 0.0
2113 0.0 0.0
2114 0.0 0.0
2115 0.0 0.0
2116 0.0 0.0
2117 0.0 0.0
2118 0.0 0.0
2119 0.0 0.0
2120 0.0 0.0
2121 0.0 0.0
2122 0.0 0.0
2123 0.0 0.0
2124 0.0 0.0
2125 0.0 0.0
2126 0.0 0.0
2127 0.0 0.0
2128 0.0 0.0
2129 0.0 0.0
2130 0.0 0.0
2131 0.0 0.0
2132 0.0 0.0
2133 0.0 0.0
2134 0.0 0.0
2135 0.0 0.0
2136 0.0 0.0
2137 0.0 0.0
2138 0.0 0.0
2139 0.0 0.0
2140 0.0 0.0
2141 0.0 0.0
2142 0.0 0.0
2143 0.0 0.0
2144 0.0 0.0
2145 0.0 0.0
2146 0.0 0.0
2147 0.0 0.0
2148 0.0 0.0
2149 0.0 0.0
2150 0.0 0.0
2151 0.0 0.0
2152 0.0 0.0
2153 0.0 0.0
2154 0.0 0.0
2155 0.0 0.0
2156 0.0 0.0
2157 0.0 0.0
2158 0.0 0.0
2159 0.0 0.0
2160 0.0 0.0
2161 0.0 0.0
2162 0.0 0.0
2163 0.0 0.0
2164 0.0 0.0
2165 0.0 0.0
2166 0.0 0.0
2167 0.0 0.0
2168 0.0 0.0
2169 0.0 0.0
2170 0.0 0.0
2171 0.0 0.0
2172 0.0 0.0
2173 0.0 0.0
2174 0.0 0.0
2175 0.0 0.0
2176 0.0 0.0
2177 0.0 0.0
2178 0.0 0.0
2179 0.0 0.0
2180 0.0 0.0
2181 0.0 0.0
2182 0.0 0.0
2183 0.0 0.0
2184 0.0 0.0
2185 0.0 0.0
2186 0.0 0.0
2187 0.0 0.0
2188 0.0 0.0
2189 0.0 0.0
2190 0.0 0.0
2191 0.0 0.0
2192 0.0 0.0
2193 0.0 0.0
2194 0.0 0.0
2195 0.0 0.0
2196 0.0 0.0
2197 0.0 0.0
2198 0.0 0.0
2199 0.0 0.0