2200 0.000002100546602 1.0
2
0 0.0 0.0
1 0.0 0.0
2 0.0 0.0
3 0.0 0.0
4 0.0 0.0
5 0.0 0.0
6 0.0 0.0
7 0.0 0.0
8 0.0 0.0
9 0.0 0.0
10 0.0 0.0
11 0.0 0.0
12 0.0 0.0
13 0.0 0.0
14 0.0 0.0
15 0.0 0.0
16 0.0 0.0
17 0.0 0.0
18 0.0 0.0
19 0.0 0.0
20 0.0 0.0
21 0.0 0.0
22 0.0 0.0
23 0.0 0.0
24 0.0 0.0
25 0.0 0.0
26 0.0 0.0
27 0.0 0.0
28 0.0 0.0
29 0.0 0.0
30 0.0 0.0
31 0.0 0.0
32 0.0 0.0
33 0.0 0.0
34 0.0 0.0
35 0.0 0.0
36 0.0 0.0
37 0.0 0.0
38 0.0 0.0
39 0.0 0.0
40 0.0 0.0
41 0.0 0.0
42 0.0 0.0
43 0.0 0.0
44 0.0 0.0
45 0.0 0.0
46 0.0 0.0
47 0.0 0.0
48 0.0 0.0
49 0.0 0.0
50 0.0 0.0
51 0.0 0.0
52 0.0 0.0
53 0.0 0.0
54 0.0 0.0
55 0.0 0.0
56 0.0 0.0
57 0.0 0.0
58 0.0 0.0
59 0.0 0.0
60 0.0 0.0
61 0.0 0.0
62 0.0 0.0
63 0.0 0.0
64 0.0 0.0
65 0.0 0.0
66 0.0 0.0
67 0.0 0.0
68 0.0 0.0
69 0.0 0.0
70 0.0 0.0
71 0.0 0.0
72 0.0 0.0
73 0.0 0.0
74 0.0 0.0
75 0.0 0.0
76 0.0 0.0
77 0.0 0.0
78 0.0 0.0
79 0.0 0.0
80 0.0 0.0
81 0.0 0.0
82 0.0 0.0
83 0.0 0.0
84 0.0 0.0
85 0.0 0.0
86 0.0 0.0
87 0.0 0.0
88 0.0 0.0
89 0.0 0.0
90 0.0 0.0
91 0.0 0.0
92 0.0 0.0
93 0.0 0.0
94 0.0 0.0
95 0.0 0.0
96 0.0 0.0
97 0.0 0.0
98 0.0 0.0
99 0.0 0.0
100 0.0 0.0
101 0.0 0.0
102 0.0 0.0
103 0.0 0.0
104 0.0 0.0
105 0.0 0.0
106 0.0 0.0
107 0.0 0.0
108 0.0 0.0
109 0.0 0.0
110 0.0 0.0
111 0.0 0.0
112 0.0 0.0
113 0.0 0.0
114 0.0 0.0
115 0.0 0.0
116 0.0 0.0
117 0.0 0.0
118 0.0 0.0
119 0.0 0.0
120 0.0 0.0
121 0.0 0.0
122 0.0 0.0
123 0.0 0.0
124 0.0 0.0
125 0.0 0.0
126 0.0 0.0
127 0.0 0.0
128 0.0 0.0
129 0.0 0.0
130 0.0 0.0
131 0.0 0.0
132 0.0 0.0
133 0.0 0.0
134 0.0 0.0
135 0.0 0.0
136 0.0 0.0
137 0.0 0.0
138 0.0 0.0
139 0.0 0.0
140 0.0 0.0
141 0.0 0.0
142 0.0 0.0
143 0.0 0.0
144 0.0 0.0
145 0.0 0.0
146 0.0 0.0
147 0.0 0.0
148 0.0 0.0
149 0.0 0.0
150 0.0 0.0
151 0.0 0.0
152 0.0 0.0
153 0.0 0.0
154 0.0 0.0
155 0.0 0.0
156 0.0 0.0
157 0.0 0.0
158 0.0 0.0
159 0.0 0.0
160 0.0 0.0
161 0.0 0.0
162 0.0 0.0
163 0.0 0.0
164 0.0 0.0
165 0.0 0.0
166 0.0 0.0
167 0.0 0.0
168 0.0 0.0
169 0.0 0.0
170 0.0 0.0
171 0.0 0.0
172 0.0 0.0
173 0.0 0.0
174 0.0 0.0
175 0.0 0.0
176 0.0 0.0
177 0.0 0.0
178 0.0 0.0
179 0.0 0.0
180 0.0 0.0
181 0.0 0.0
182 0.0 0.0
183 0.0 0.0
184 0.0 0.0
185 0.0 0.0
186 0.0 0.0
187 0.0 0.0
188 0.0 0.0
189 0.0 0.0
190 0.0 0.0
191 0.0 0.0
192 0.0 0.0
193 0.0 0.0
194 0.0 0.0
195 0.0 0.0
196 0.0 0.0
197 0.0 0.0
198 0.0 0.0
199 0.0 0.0
200 0.0 0.0
201 7.003911576477224e-06 0.0
202 1.4007801817825136e-05 0.0
203 2.1011649388979415e-05 0.0
204 2.8015432955005715e-05 0.0
205 3.501913118116467e-05 0.0
206 4.202272273297687e-05 0.0
207 4.9026186276287846e-05 0.0
208 5.602950047733309e-05 0.0
209 6.303264400280296e-05 0.0
210 7.003559551990782e-05 0.0
211 7.703833369644281e-05 0.0
212 8.404083720085302e-05 0.0
213 9.104308470229836e-05 0.0
214 9.804505487071862e-05 0.0
215 0.00010504672637689827 0.0
216 0.00011204807789253173 0.0
217 0.00011904908809028803 0.0
218 0.00012604973564387593 0.0
219 0.00013304999922810897 0.0
220 0.00014004985751897022 0.0
221 0.00014704928919367737 0.0
222 0.00015404827293074766 0.0
223 0.00016104678741006286 0.0
224 0.0001680448113129341 0.0
225 0.000175042323322167 0.0
226 0.0001820393021221264 0.0
227 0.00018903572639880148 0.0
228 0.00019603157483987047 0.0
229 0.00020302682613476583 0.0
230 0.0002100214589747389 0.0
231 0.00021701545205292508 0.0
232 0.00022400878406440847 0.0
233 0.00023100143370628694 0.0
234 0.00023799337967773704 0.0
235 0.00024498460068007877 0.0
236 0.0002519750754168404 0.0
237 0.0002589647825938237 0.0
238 0.0002659537009191683 0.0
239 0.000272941809103417 0.0
240 0.00027992908585958035 0.0
241 0.0002869155099032016 0.0
242 0.00029390105995242145 0.0
243 0.00030088571472804306 0.0
244 0.00030786945295359645 0.0
245 0.0003148522533554042 0.0
246 0.00032183409466264503 0.0
247 0.0003288149556074196 0.0
248 0.0003357948149248148 0.0
249 0.0003427736513529685 0.0
250 0.000349751443633135 0.0
251 0.0003567281705097486 0.0
252 0.00036370381073048936 0.0
253 0.00037067834304634745 0.0
254 0.00037765174621168793 0.0
255 0.0003846239989843153 0.0
256 0.00039159508012553854 0.0
257 0.0003985649684002355 0.0
258 0.0004055336425769177 0.0
259 0.00041250108142779513 0.0
260 0.0004194672637288406 0.0
261 0.00042643216825985497 0.0
262 0.00043339577380453086 0.0
263 0.00044035805915051843 0.0
264 0.00044731900308948874 0.0
265 0.0004542785844171995 0.0
266 0.0004612367819335591 0.0
267 0.00046819357444269105 0.0
268 0.00047514894075299915 0.0
269 0.000482102859677231 0.0
270 0.000489055310032544 0.0
271 0.0004960062706405682 0.0
272 0.0005029557203274725 0.0
273 0.0005099036379240276 0.0
274 0.0005168500022656719 0.0
275 0.0005237947921925747 0.0
276 0.0005307379865497016 0.0
277 0.0005376795641868785 0.0
278 0.000544619503958856 0.0
279 0.000551557784725374 0.0
280 0.0005584943853512261 0.0
281 0.0005654292847063237 0.0
282 0.0005723624616657608 0.0
283 0.0005792938951098778 0.0
284 0.0005862235639243266 0.0
285 0.0005931514470001339 0.0
286 0.0006000775232337669 0.0
287 0.0006070017715271958 0.0
288 0.0006139241707879595 0.0
289 0.0006208446999292294 0.0
290 0.0006277633378698737 0.0
291 0.0006346800635345212 0.0
292 0.0006415948558536259 0.0
293 0.0006485076937635315 0.0
294 0.0006554185562065348 0.0
295 0.00066232742213095 0.0
296 0.0006692342704911736 0.0
297 0.0006761390802477474 0.0
298 0.0006830418303674238 0.0
299 0.0006899424998232287 0.0
300 0.000696841067594526 0.0
301 0.0007037375126670822 0.0
302 0.0007106318140331293 0.0
303 0.0007175239506914298 0.0
304 0.0007244139016473402 0.0
305 0.0007313016459128751 0.0
306 0.0007381871625067706 0.0
307 0.0007450704304545496 0.0
308 0.0007519514287885836 0.0
309 0.0007588301365481588 0.0
310 0.0007657065327795383 0.0
311 0.0007725805965360264 0.0
312 0.0007794523068780331 0.0
313 0.000786321642873137 0.0
314 0.000793188583596149 0.0
315 0.0008000531081291768 0.0
316 0.0008069151955616888 0.0
317 0.0008137748249905758 0.0
318 0.0008206319755202174 0.0
319 0.0008274866262625438 0.0
320 0.0008343387563370999 0.0
321 0.0008411883448711097 0.0
322 0.0008480353709995381 0.0
323 0.0008548798138651559 0.0
324 0.000861721652618604 0.0
325 0.0008685608664184542 0.0
326 0.0008753974344312755 0.0
327 0.000882231335831696 0.0
328 0.0008890625498024672 0.0
329 0.0008958910555345262 0.0
330 0.0009027168322270604 0.0
331 0.0009095398590875704 0.0
332 0.0009163601153319331 0.0
333 0.0009231775801844652 0.0
334 0.0009299922328779861 0.0
335 0.0009368040526538823 0.0
336 0.0009436130187621692 0.0
337 0.0009504191104615552 0.0
338 0.0009572223070195046 0.0
339 0.0009640225877123012 0.0
340 0.0009708199318251103 0.0
341 0.0009776143186520428 0.0
342 0.0009844057274962185 0.0
343 0.000991194137669828 0.0
344 0.0009979795284941967 0.0
345 0.0010047618792998476 0.0
346 0.0010115411694265632 0.0
347 0.0010183173782234512 0.0
348 0.0010250904850490036 0.0
349 0.0010318604692711626 0.0
350 0.0010386273102673822 0.0
351 0.0010453909874246913 0.0
352 0.0010521514801397562 0.0
353 0.0010589087678189435 0.0
354 0.0010656628298783832 0.0
355 0.0010724136457440309 0.0
356 0.001079161194851731 0.0
357 0.0010859054566472782 0.0
358 0.001092646410586482 0.0
359 0.001099384036135227 0.0
360 0.001106118312769538 0.0
361 0.00111284921997564 0.0
362 0.001119576737250023 0.0
363 0.0011263008440995017 0.0
364 0.0011330215200412812 0.0
365 0.0011397387446030166 0.0
366 0.0011464524973228772 0.0
367 0.0011531627577496082 0.0
368 0.0011598695054425923 0.0
369 0.0011665727199719127 0.0
370 0.0011732723809184157 0.0
371 0.001179968467873772 0.0
372 0.0011866609604405398 0.0
373 0.0011933498382322258 0.0
374 0.0012000350808733483 0.0
375 0.001206716667999499 0.0
376 0.0012133945792574044 0.0
377 0.0012200687943049891 0.0
378 0.0012267392928114363 0.0
379 0.001233406054457251 0.0
380 0.0012400690589343206 0.0
381 0.0012467282859459784 0.0
382 0.0012533837152070638 0.0
383 0.001260035326443985 0.0
384 0.0012666830993947808 0.0
385 0.001273327013809182 0.0
386 0.0012799670494486727 0.0
387 0.001286603186086553 0.0
388 0.001293235403508 0.0
389 0.0012998636815101288 0.0
390 0.0013064879999020557 0.0
391 0.0013131083385049575 0.0
392 0.001319724677152135 0.0
393 0.001326336995689073 0.0
394 0.0013329452739735028 0.0
395 0.0013395494918754629 0.0
396 0.0013461496292773594 0.0
397 0.00135274566607403 0.0
398 0.0013593375821728021 0.0
399 0.0013659253574935565 0.0
400 0.0013725089719687869 0.0
401 0.001379088405543662 0.0
402 0.0013856636381760856 0.0
403 0.0013922346498367593 0.0
404 0.0013988014205092419 0.0
405 0.001405363930190011 0.0
406 0.0014119221588885242 0.0
407 0.0014184760866272795 0.0
408 0.0014250256934418757 0.0
409 0.0014315709593810757 0.0
410 0.0014381118645068636 0.0
411 0.0014446483888945082 0.0
412 0.0014511805126326226 0.0
413 0.0014577082158232252 0.0
414 0.0014642314785818001 0.0
415 0.0014707502810373575 0.0
416 0.0014772646033324943 0.0
417 0.0014837744256234555 0.0
418 0.001490279728080193 0.0
419 0.0014967804908864281 0.0
420 0.001503276694239709 0.0
421 0.0015097683183514742 0.0
422 0.0015162553434471108 0.0
423 0.001522737749766015 0.0
424 0.0015292155175616535 0.0
425 0.001535688627101622 0.0
426 0.0015421570586677058 0.0
427 0.0015486207925559413 0.0
428 0.0015550798090766735 0.0
429 0.0015615340885546181 0.0
430 0.0015679836113289207 0.0
431 0.001574428357753216 0.0
432 0.0015808683081956893 0.0
433 0.0015873034430391344 0.0
434 0.0015937337426810143 0.0
435 0.0016001591875335214 0.0
436 0.0016065797580236364 0.0
437 0.0016129954345931877 0.0
438 0.0016194061976989125 0.0
439 0.0016258120278125141 0.0
440 0.001632212905420723 0.0
441 0.0016386088110253564 0.0
442 0.0016449997251433766 0.0
443 0.0016513856283069503 0.0
444 0.0016577665010635092 0.0
445 0.001664142323975808 0.0
446 0.0016705130776219852 0.0
447 0.00167687874259562 0.0
448 0.0016832392995057926 0.0
449 0.0016895947289771438 0.0
450 0.0016959450116499333 0.0
451 0.0017022901281800987 0.0
452 0.0017086300592393149 0.0
453 0.0017149647855150515 0.0
454 0.0017212942877106348 0.0
455 0.001727618546545303 0.0
456 0.001733937542754267 0.0
457 0.0017402512570887682 0.0
458 0.0017465596703161378 0.0
459 0.0017528627632198554 0.0
460 0.0017591605165996065 0.0
461 0.001765452911271342 0.0
462 0.0017717399280673376 0.0
463 0.0017780215478362484 0.0
464 0.001784297751443172 0.0
465 0.0017905685197697038 0.0
466 0.0017968338337139957 0.0
467 0.0018030936741908147 0.0
468 0.0018093480221316011 0.0
469 0.001815596858484527 0.0
470 0.0018218401642145527 0.0
471 0.0018280779203034864 0.0
472 0.0018343101077500411 0.0
473 0.001840536707569893 0.0
474 0.0018467577007957395 0.0
475 0.001852973068477356 0.0
476 0.0018591827916816545 0.0
477 0.0018653868514927417 0.0
478 0.0018715852290119754 0.0
479 0.0018777779053580229 0.0
480 0.0018839648616669176 0.0
481 0.0018901460790921175 0.0
482 0.0018963215388045629 0.0
483 0.0019024912219927322 0.0
484 0.0019086551098627005 0.0
485 0.0019148131836381965 0.0
486 0.0019209654245606594 0.0
487 0.0019271118138892965 0.0
488 0.00193325233290114 0.0
489 0.0019393869628911036 0.0
490 0.001945515685172041 0.0
491 0.0019516384810748008 0.0
492 0.001957755331948285 0.0
493 0.001963866219159506 0.0
494 0.00196997112409364 0.0
495 0.0019760700281540888 0.0
496 0.001982162912762533 0.0
497 0.001988249759358989 0.0
498 0.0019943305494018663 0.0
499 0.002000405264368024 0.0
500 0.002006473885752827 0.0
501 0.0020125363950702023 0.0
502 0.0020185927738526946 0.0
503 0.002024643003651525 0.0
504 0.002030687066036642 0.0
505 0.0020367249425967855 0.0
506 0.002042756614939536 0.0
507 0.0020487820646913723 0.0
508 0.002054801273497731 0.0
509 0.0020608142230230573 0.0
510 0.0020668208949508643 0.0
511 0.002072821270983788 0.0
512 0.0020788153328436415 0.0
513 0.002084803062271474 0.0
514 0.0020907844410276225 0.0
515 0.00209675945089177 0.0
516 0.0021027280736630005 0.0
517 0.002108690291159854 0.0
518 0.002114646085220382 0.0
519 0.002120595437702202 0.0
520 0.0021265383304825557 0.0
521 0.0021324747454583614 0.0
522 0.0021384046645462674 0.0
523 0.0021443280696827145 0.0
524 0.002150244942823982 0.0
525 0.002156155265946248 0.0
526 0.002162059021045643 0.0
527 0.0021679561901383065 0.0
528 0.0021738467552604376 0.0
529 0.0021797306984683534 0.0
530 0.0021856080018385427 0.0
531 0.0021914786474677207 0.0
532 0.002197342617472882 0.0
533 0.002203199893991358 0.0
534 0.0022090504591808667 0.0
535 0.002214894295219573 0.0
536 0.0022207313843061395 0.0
537 0.00222656170865978 0.0
538 0.0022323852505203145 0.0
539 0.002238201992148226 0.0
540 0.00224401191582471 0.0
541 0.0022498150038517315 0.0
542 0.0022556112385520785 0.0
543 0.0022614006022694142 0.0
544 0.0022671830773683325 0.0
545 0.0022729586462344117 0.0
546 0.0022787272912742676 0.0
547 0.0022844889949156072 0.0
548 0.0022902437396072816 0.0
549 0.0022959915078193402 0.0
550 0.0023017322820430854 0.0
551 0.002307466044791122 0.0
552 0.0023131927785974143 0.0
553 0.0023189124660173395 0.0
554 0.002324625089627736 0.0
555 0.0023303306320269627 0.0
556 0.002336029075834947 0.0
557 0.002341720403693242 0.0
558 0.002347404598265075 0.0
559 0.002353081642235404 0.0
560 0.0023587515183109693 0.0
561 0.0023644142092203433 0.0
562 0.002370069697713989 0.0
563 0.0023757179665643067 0.0
564 0.0023813589985656907 0.0
565 0.002386992776534578 0.0
566 0.0023926192833095055 0.0
567 0.002398238501751157 0.0
568 0.0024038504147424183 0.0
569 0.0024094550051884287 0.0
570 0.0024150522560166363 0.0
571 0.0024206421501768416 0.0
572 0.0024262246706412585 0.0
573 0.0024317998004045618 0.0
574 0.002437367522483939 0.0
575 0.0024429278199191435 0.0
576 0.002448480675772544 0.0
577 0.00245402607312918 0.0
578 0.0024595639950968085 0.0
579 0.002465094424805959 0.0
580 0.002470617345409984 0.0
581 0.002476132740085109 0.0
582 0.002481640592030485 0.0
583 0.00248714088446824 0.0
584 0.00249263360064353 0.0
585 0.0024981187238245876 0.0
586 0.0025035962373027775 0.0
587 0.0025090661243926437 0.0
588 0.002514528368431961 0.0
589 0.002519982952781787 0.0
590 0.0025254298608265125 0.0
591 0.0025308690759739097 0.0
592 0.002536300581655186 0.0
593 0.0025417243613250345 0.0
594 0.00254714039846168 0.0
595 0.0025525486765669357 0.0
596 0.0025579491791662473 0.0
597 0.002563341889808748 0.0
598 0.002568726792067306 0.0
599 0.002574103869538575 0.0
600 0.0025794731058430445 0.0
601 0.0025848344846250895 0.0
602 0.00259018798955302 0.0
603 0.0025955336043191326 0.0
604 0.0026008713126397564 0.0
605 0.0026062010982553074 0.0
606 0.0026115229449303334 0.0
607 0.002616836836453567 0.0
608 0.0026221427566379724 0.0
609 0.0026274406893207975 0.0
610 0.00263273061836362 0.0
611 0.0026380125276523987 0.0
612 0.0026432864010975214 0.0
613 0.002648552222633856 0.0
614 0.002653809976220796 0.0
615 0.0026590596458423133 0.0
616 0.002664301215507002 0.0
617 0.002669534669248134 0.0
618 0.0026747599911236997 0.0
619 0.002679977165216463 0.0
620 0.0026851861756340078 0.0
621 0.0026903870065087838 0.0
622 0.0026955796419981587 0.0
623 0.002700764066284464 0.0
624 0.0027059402635750446 0.0
625 0.002711108218102306 0.0
626 0.002716267914123762 0.0
627 0.0027214193359220845 0.0
628 0.002726562467805148 0.0
629 0.002731697294106082 0.0
630 0.0027368237991833144 0.0
631 0.002741941967420622 0.0
632 0.002747051783227176 0.0
633 0.0027521532310375925 0.0
634 0.002757246295311977 0.0
635 0.00276233096053597 0.0
636 0.002767407211220802 0.0
637 0.0027724750319033328 0.0
638 0.0027775344071460997 0.0
639 0.0027825853215373703 0.0
640 0.0027876277596911823 0.0
641 0.0027926617062473957 0.0
642 0.002797687145871735 0.0
643 0.0028027040632558407 0.0
644 0.002807712443117312 0.0
645 0.0028127122701997547 0.0
646 0.0028177035292728287 0.0
647 0.002822686205132294 0.0
648 0.0028276602826000545 0.0
649 0.0028326257465242093 0.0
650 0.0028375825817790923 0.0
651 0.002842530773265325 0.0
652 0.0028474703059098577 0.0
653 0.0028524011646660166 0.0
654 0.0028573233345135524 0.0
655 0.00286223680045868 0.0
656 0.002867141547534132 0.0
657 0.002872037560799197 0.0
658 0.002876924825339769 0.0
659 0.0028818033262683947 0.0
660 0.0028866730487243125 0.0
661 0.002891533977873504 0.0
662 0.0028963860989087353 0.0
663 0.0029012293970496054 0.0
664 0.002906063857542587 0.0
665 0.0029108894656610755 0.0
666 0.0029157062067054324 0.0
667 0.002920514066003027 0.0
668 0.0029253130289082895 0.0
669 0.0029301030808027433 0.0
670 0.0029348842070950616 0.0
671 0.0029396563932211034 0.0
672 0.0029444196246439635 0.0
673 0.002949173886854012 0.0
674 0.002953919165368942 0.0
675 0.0029586554457338115 0.0
676 0.0029633827135210895 0.0
677 0.002968100954330699 0.0
678 0.0029728101537900595 0.0
679 0.002977510297554134 0.0
680 0.0029822013713054676 0.0
681 0.002986883360754238 0.0
682 0.002991556251638292 0.0
683 0.002996220029723194 0.0
684 0.0030008746808022676 0.0
685 0.003005520190696637 0.0
686 0.0030101565452552758 0.0
687 0.0030147837303550412 0.0
688 0.003019401731900727 0.0
689 0.003024010535825099 0.0
690 0.0030286101280889407 0.0
691 0.003033200494681097 0.0
692 0.0030377816216185147 0.0
693 0.0030423534949462873 0.0
694 0.003046916100737695 0.0
695 0.00305146942509425 0.0
696 0.0030560134541457356 0.0
697 0.003060548174050252 0.0
698 0.0030650735709942564 0.0
699 0.003069589631192604 0.0
700 0.003074096340888593 0.0
701 0.0030785936863540037 0.0
702 0.0030830816538891417 0.0
703 0.00308756022982288 0.0
704 0.003092029400512699 0.0
705 0.00309648915234473 0.0
706 0.0031009394717337957 0.0
707 0.003105380345123451 0.0
708 0.0031098117589860265 0.0
709 0.0031142336998226656 0.0
710 0.0031186461541633705 0.0
711 0.00312304910856704 0.0
712 0.0031274425496215113 0.0
713 0.0031318264639436004 0.0
714 0.003136200838179145 0.0
715 0.003140565659003042 0.0
716 0.003144920913119291 0.0
717 0.003149266587261031 0.0
718 0.0031536026681905863 0.0
719 0.003157929142699502 0.0
720 0.003162245997608586 0.0
721 0.003166553219767951 0.0
722 0.0031708507960570495 0.0
723 0.00317513871338472 0.0
724 0.0031794169586892226 0.0
725 0.0031836855189382794 0.0
726 0.0031879443811291164 0.0
727 0.0031921935322885005 0.0
728 0.0031964329594727802 0.0
729 0.003200662649767925 0.0
730 0.0032048825902895655 0.0
731 0.0032090927681830304 0.0
732 0.0032132931706233877 0.0
733 0.0032174837848154827 0.0
734 0.0032216645979939794 0.0
735 0.003225835597423394 0.0
736 0.003229996770398139 0.0
737 0.0032341481042425617 0.0
738 0.0032382895863109773 0.0
739 0.003242421203987714 0.0
740 0.003246542944687148 0.0
741 0.0032506547958537422 0.0
742 0.0032547567449620843 0.0
743 0.0032588487795169267 0.0
744 0.0032629308870532215 0.0
745 0.003267003055136162 0.0
746 0.0032710652713612183 0.0
747 0.0032751175233541744 0.0
748 0.003279159798771169 0.0
749 0.003283192085298729 0.0
750 0.003287214370653811 0.0
751 0.0032912266425838364 0.0
752 0.003295228888866728 0.0
753 0.0032992210973109516 0.0
754 0.003303203255755546 0.0
755 0.0033071753520701667 0.0
756 0.003311137374155119 0.0
757 0.003315089309941398 0.0
758 0.00331903114739072 0.0
759 0.0033229628744955654 0.0
760 0.0033268844792792122 0.0
761 0.003330795949795771 0.0
762 0.003334697274130225 0.0
763 0.003338588440398463 0.0
764 0.003342469436747319 0.0
765 0.003346340251354603 0.0
766 0.0033502008724291448 0.0
767 0.0033540512882108213 0.0
768 0.0033578914869705993 0.0
769 0.0033617214570105672 0.0
770 0.003365541186663971 0.0
771 0.003369350664295253 0.0
772 0.0033731498783000835 0.0
773 0.003376938817105397 0.0
774 0.00338071746916943 0.0
775 0.0033844858229817518 0.0
776 0.003388243867063304 0.0
777 0.003391991589966432 0.0
778 0.003395728980274922 0.0
779 0.0033994560266040357 0.0
780 0.0034031727176005427 0.0
781 0.003406879041942758 0.0
782 0.003410574988340575 0.0
783 0.0034142605455354997 0.0
784 0.0034179357023006863 0.0
785 0.0034216004474409696 0.0
786 0.0034252547697928995 0.0
787 0.003428898658224778 0.0
788 0.003432532101636688 0.0
789 0.003436155088960531 0.0
790 0.0034397676091600586 0.0
791 0.0034433696512309094 0.0
792 0.0034469612042006366 0.0
793 0.003450542257128748 0.0
794 0.0034541127991067357 0.0
795 0.003457672819258109 0.0
796 0.0034612223067384293 0.0
797 0.003464761250735342 0.0
798 0.0034682896404686103 0.0
799 0.003471807465190147 0.0
800 0.0034753147141840476 0.0
801 0.003478811376766624 0.0
802 0.0034822974422864354 0.0
803 0.0034857729001243213 0.0
804 0.003489237739693435 0.0
805 0.0034926919504392737 0.0
806 0.003496135521839712 0.0
807 0.0034995684434050356 0.0
808 0.0035029907046779697 0.0
809 0.003506402295233712 0.0
810 0.0035098032046799667 0.0
811 0.0035131934226569736 0.0
812 0.0035165729388375415 0.0
813 0.0035199417429270766 0.0
814 0.0035232998246636183 0.0
815 0.003526647173817868 0.0
816 0.003529983780193218 0.0
817 0.0035333096336257882 0.0
818 0.003536624723984451 0.0
819 0.0035399290411708673 0.0
820 0.0035432225751195127 0.0
821 0.0035465053157977128 0.0
822 0.00354977725320567 0.0
823 0.0035530383773764948 0.0
824 0.003556288678376238 0.0
825 0.0035595281463039184 0.0
826 0.0035627567712915565 0.0
827 0.0035659745435041986 0.0
828 0.0035691814531399538 0.0
829 0.003572377490430019 0.0
830 0.0035755626456387096 0.0
831 0.003578736909063492 0.0
832 0.0035819002710350076 0.0
833 0.0035850527219171086 0.0
834 0.0035881942521068817 0.0
835 0.0035913248520346823 0.0
836 0.003594444512164159 0.0
837 0.003597553222992287 0.0
838 0.003600650975049393 0.0
839 0.0036037377588991875 0.0
840 0.0036068135651387925 0.0
841 0.003609878384398767 0.0
842 0.0036129322073431415 0.0
843 0.0036159750246694405 0.0
844 0.0036190068271087154 0.0
845 0.0036220276054255702 0.0
846 0.003625037350418191 0.0
847 0.0036280360529183705 0.0
848 0.0036310237037915434 0.0
849 0.003634000293936805 0.0
850 0.003636965814286946 0.0
851 0.0036399202558084777 0.0
852 0.0036428636095016584 0.0
853 0.003645795866400522 0.0
854 0.003648717017572906 0.0
855 0.0036516270541204774 0.0
856 0.00365452596717876 0.0
857 0.0036574137479171613 0.0
858 0.0036602903875390023 0.0
859 0.003663155877281537 0.0
860 0.003666010208415989 0.0
861 0.003668853372247569 0.0
862 0.003671685360115508 0.0
863 0.00367450616339308 0.0
864 0.003677315773487628 0.0
865 0.0036801141818405933 0.0
866 0.0036829013799275384 0.0
867 0.003685677359258174 0.0
868 0.0036884421113763874 0.0
869 0.003691195627860261 0.0
870 0.00369393790032211 0.0
871 0.0036966689204084935 0.0
872 0.0036993886798002526 0.0
873 0.003702097170212528 0.0
874 0.0037047943833947885 0.0
875 0.003707480311130854 0.0
876 0.0037101549452389243 0.0
877 0.0037128182775715986 0.0
878 0.0037154703000159056 0.0
879 0.003718111004493325 0.0
880 0.003720740382959812 0.0
881 0.003723358427405826 0.0
882 0.003725965129856347 0.0
883 0.003728560482370909 0.0
884 0.003731144477043617 0.0
885 0.0037337171060031764 0.0
886 0.003736278361412912 0.0
887 0.003738828235470796 0.0
888 0.003741366720409471 0.0
889 0.0037438938084962694 0.0
890 0.0037464094920332445 0.0
891 0.003748913763357187 0.0
892 0.0037514066148396524 0.0
893 0.0037538880388869834 0.0
894 0.0037563580279403306 0.0
895 0.00375881657447568 0.0
896 0.003761263671003872 0.0
897 0.0037636993100706273 0.0
898 0.0037661234842565655 0.0
899 0.0037685361861772323 0.0
900 0.003770937408483119 0.0
901 0.0037733271438596862 0.0
902 0.0037757053850273857 0.0
903 0.003778072124741682 0.0
904 0.003780427355793076 0.0
905 0.003782771071007125 0.0
906 0.0037851032632444663 0.0
907 0.003787423925400837 0.0
908 0.0037897330504070986 0.0
909 0.003792030631229256 0.0
910 0.003794316660868479 0.0
911 0.0037965911323611257 0.0
912 0.0037988540387787605 0.0
913 0.0038011053732281788 0.0
914 0.0038033451288514244 0.0
915 0.0038055732988258144 0.0
916 0.003807789876363956 0.0
917 0.0038099948547137695 0.0
918 0.0038121882271585092 0.0
919 0.0038143699870167814 0.0
920 0.0038165401276425677 0.0
921 0.0038186986424252434 0.0
922 0.003820845524789598 0.0
923 0.003822980768195855 0.0
924 0.003825104366139694 0.0
925 0.0038272163121522654 0.0
926 0.003829316599800217 0.0
927 0.0038314052226857084 0.0
928 0.003833482174446431 0.0
929 0.0038355474487556302 0.0
930 0.003837601039322122 0.0
931 0.003839642939890314 0.0
932 0.0038416731442402225 0.0
933 0.003843691646187493 0.0
934 0.003845698439583418 0.0
935 0.003847693518314958 0.0
936 0.003849676876304756 0.0
937 0.0038516485075111603 0.0
938 0.00385360840592824 0.0
939 0.003855556565585805 0.0
940 0.003857492980549423 0.0
941 0.0038594176449204378 0.0
942 0.0038613305528359884 0.0
943 0.003863231698469025 0.0
944 0.003865121076028329 0.0
945 0.0038669986797585276 0.0
946 0.0038688645039401154 0.0
947 0.003870718542889468 0.0
948 0.003872560790958861 0.0
949 0.003874391242536488 0.0
950 0.0038762098920464747 0.0
951 0.0038780167339489 0.0
952 0.003879811762739811 0.0
953 0.0038815949729512373 0.0
954 0.003883366359151212 0.0
955 0.0038851259159437854 0.0
956 0.0038868736379690425 0.0
957 0.0038886095199031187 0.0
958 0.0038903335564582173 0.0
959 0.0038920457423826226 0.0
960 0.0038937460724607206 0.0
961 0.003895434541513011 0.0
962 0.0038971111443961226 0.0
963 0.0038987758760028342 0.0
964 0.0039004287312620835 0.0
965 0.003902069705138987 0.0
966 0.003903698792634854 0.0
967 0.0039053159887872013 0.0
968 0.0039069212886697685 0.0
969 0.0039085146873925345 0.0
970 0.0039100961801017305 0.0
971 0.003911665761979854 0.0
972 0.003913223428245688 0.0
973 0.00391476917415431 0.0
974 0.003916302994997111 0.0
975 0.003917824886101805 0.0
976 0.00391933484283245 0.0
977 0.003920832860589454 0.0
978 0.003922318934809595 0.0
979 0.003923793060966034 0.0
980 0.003925255234568328 0.0
981 0.0039267054511624416 0.0
982 0.003928143706330763 0.0
983 0.003929569995692119 0.0
984 0.003930984314901783 0.0
985 0.003932386659651495 0.0
986 0.0039337770256694694 0.0
987 0.003935155408720409 0.0
988 0.003936521804605521 0.0
989 0.0039378762091625275 0.0
990 0.003939218618265676 0.0
991 0.003940549027825755 0.0
992 0.003941867433790107 0.0
993 0.00394317383214264 0.0
994 0.0039444682189038365 0.0
995 0.003945750590130769 0.0
996 0.003947020941917116 0.0
997 0.003948279270393163 0.0
998 0.003949525571725822 0.0
999 0.0039507598421186455 0.0
1000 0.003951982077811831 0.0
1001 0.003953192275082238 0.0
1002 0.003954390430243392 0.0
1003 0.003955576539645508 0.0
1004 0.003956750599675489 0.0
1005 0.003957912606756947 0.0
1006 0.003959062557350204 0.0
1007 0.003960200447952314 0.0
1008 0.003961326275097062 0.0
1009 0.003962440035354985 0.0
1010 0.003963541725333376 0.0
1011 0.0039646313416762955 0.0
1012 0.003965708881064584 0.0
1013 0.0039667743402158695 0.0
1014 0.003967827715884578 0.0
1015 0.003968869004861945 0.0
1016 0.003969898203976024 0.0
1017 0.003970915310091696 0.0
1018 0.003971920320110678 0.0
1019 0.003972913230971537 0.0
1020 0.003973894039649694 0.0
1021 0.003974862743157433 0.0
1022 0.00397581933854392 0.0
1023 0.003976763822895195 0.0
1024 0.003977696193334198 0.0
1025 0.003978616447020765 0.0
1026 0.003979524581151645 0.0
1027 0.003980420592960503 0.0
1028 0.003981304479717933 0.0
1029 0.0039821762387314595 0.0
1030 0.003983035867345557 0.0
1031 0.003983883362941646 0.0
1032 0.003984718722938108 0.0
1033 0.003985541944790291 0.0
1034 0.00398635302599052 0.0
1035 0.003987151964068099 0.0
1036 0.003987938756589327 0.0
1037 0.003988713401157495 0.0
1038 0.003989475895412901 0.0
1039 0.003990226237032858 0.0
1040 0.003990964423731693 0.0
1041 0.003991690453260761 0.0
1042 0.003992404323408452 0.0
1043 0.003993106032000192 0.0
1044 0.003993795576898457 0.0
1045 0.003994472956002771 0.0
1046 0.0039951381672497215 0.0
1047 0.00399579120861296 0.0
1048 0.003996432078103207 0.0
1049 0.003997060773768266 0.0
1050 0.0039976772936930185 0.0
1051 0.003998281635999439 0.0
1052 0.0039988737988465965 0.0
1053 0.003999453780430659 0.0
1054 0.004000021578984903 0.0
1055 0.004000577192779715 0.0
1056 0.0040011206201225995 0.0
1057 0.004001651859358182 0.0
1058 0.004002170908868216 0.0
1059 0.004002677767071587 0.0
1060 0.004003172432424316 0.0
1061 0.004003654903419568 0.0
1062 0.004004125178587652 0.0
1063 0.004004583256496028 0.0
1064 0.004005029135749311 0.0
1065 0.004005462814989277 0.0
1066 0.0040058842928948615 0.0
1067 0.004006293568182172 0.0
1068 0.004006690639604483 0.0
1069 0.004007075505952248 0.0
1070 0.004007448166053096 0.0
1071 0.00400780861877184 0.0
1072 0.004008156863010479 0.0
1073 0.004008492897708199 0.0
1074 0.004008816721841383 0.0
1075 0.004009128334423604 0.0
1076 0.004009427734505636 0.0
1077 0.004009714921175456 0.0
1078 0.004009989893558243 0.0
1079 0.004010252650816384 0.0
1080 0.004010503192149474 0.0
1081 0.00401074151679432 0.0
1082 0.004010967624024944 0.0
1083 0.004011181513152586 0.0
1084 0.004011383183525701 0.0
1085 0.0040115726345299665 0.0
1086 0.004011749865588282 0.0
1087 0.004011914876160771 0.0
1088 0.004012067665744782 0.0
1089 0.004012208233874891 0.0
1090 0.0040123365801229055 0.0
1091 0.004012452704097859 0.0
1092 0.004012556605446017 0.0
1093 0.004012648283850879 0.0
1094 0.0040127277390331765 0.0
1095 0.004012794970750876 0.0
1096 0.004012849978799175 0.0
1097 0.004012892763010514 0.0
1098 0.004012923323254562 0.0
1099 0.004012941659438227 0.0
1100 0.004012947771505655 0.0
1101 0.004012941659438227 0.0
1102 0.004012923323254562 0.0
1103 0.004012892763010514 0.0
1104 0.004012849978799175 0.0
1105 0.004012794970750876 0.0
1106 0.0040127277390331765 0.0
1107 0.004012648283850879 0.0
1108 0.004012556605446017 0.0
1109 0.004012452704097859 0.0
1110 0.0040123365801229055 0.0
1111 0.004012208233874891 0.0
1112 0.004012067665744782 0.0
1113 0.004011914876160771 0.0
1114 0.004011749865588282 0.0
1115 0.0040115726345299665 0.0
1116 0.004011383183525701 0.0
1117 0.004011181513152586 0.0
1118 0.004010967624024944 0.0
1119 0.00401074151679432 0.0
1120 0.004010503192149474 0.0
1121 0.004010252650816384 0.0
1122 0.004009989893558243 0.0
1123 0.004009714921175456 0.0
1124 0.004009427734505636 0.0
1125 0.004009128334423604 0.0
1126 0.004008816721841383 0.0
1127 0.004008492897708199 0.0
1128 0.004008156863010479 0.0
1129 0.00400780861877184 0.0
1130 0.004007448166053096 0.0
1131 0.004007075505952248 0.0
1132 0.004006690639604483 0.0
1133 0.004006293568182172 0.0
1134 0.004005884292894862 0.0
1135 0.004005462814989277 0.0
1136 0.004005029135749311 0.0
1137 0.004004583256496028 0.0
1138 0.004004125178587652 0.0
1139 0.004003654903419568 0.0
1140 0.004003172432424316 0.0
1141 0.004002677767071587 0.0
1142 0.004002170908868216 0.0
1143 0.004001651859358182 0.0
1144 0.0040011206201225995 0.0
1145 0.004000577192779715 0.0
1146 0.004000021578984903 0.0
1147 0.003999453780430659 0.0
1148 0.0039988737988465965 0.0
1149 0.003998281635999439 0.0
1150 0.0039976772936930185 0.0
1151 0.003997060773768266 0.0
1152 0.003996432078103207 0.0
1153 0.00399579120861296 0.0
1154 0.0039951381672497215 0.0
1155 0.003994472956002771 0.0
1156 0.003993795576898457 0.0
1157 0.003993106032000192 0.0
1158 0.003992404323408452 0.0
1159 0.003991690453260761 0.0
1160 0.003990964423731693 0.0
1161 0.003990226237032858 0.0
1162 0.003989475895412901 0.0
1163 0.003988713401157495 0.0
1164 0.003987938756589327 0.0
1165 0.003987151964068099 0.0
1166 0.00398635302599052 0.0
1167 0.003985541944790292 0.0
1168 0.003984718722938108 0.0
1169 0.003983883362941646 0.0
1170 0.003983035867345557 0.0
1171 0.00398217623873146 0.0
1172 0.003981304479717932 0.0
1173 0.003980420592960503 0.0
1174 0.003979524581151645 0.0
1175 0.003978616447020766 0.0
1176 0.003977696193334198 0.0
1177 0.003976763822895195 0.0
1178 0.00397581933854392 0.0
1179 0.003974862743157434 0.0
1180 0.003973894039649694 0.0
1181 0.003972913230971537 0.0
1182 0.003971920320110678 0.0
1183 0.003970915310091696 0.0
1184 0.003969898203976024 0.0
1185 0.003968869004861945 0.0
1186 0.003967827715884578 0.0
1187 0.0039667743402158695 0.0
1188 0.003965708881064584 0.0
1189 0.0039646313416762955 0.0
1190 0.003963541725333376 0.0
1191 0.003962440035354985 0.0
1192 0.003961326275097062 0.0
1193 0.003960200447952314 0.0
1194 0.003959062557350205 0.0
1195 0.003957912606756947 0.0
1196 0.00395675059967549 0.0
1197 0.003955576539645508 0.0
1198 0.0039543904302433925 0.0
1199 0.003953192275082237 0.0
1200 0.003951982077811831 0.0
1201 0.003950759842118646 0.0
1202 0.003949525571725823 0.0
1203 0.003948279270393163 0.0
1204 0.003947020941917116 0.0
1205 0.00394575059013077 0.0
1206 0.0039444682189038365 0.0
1207 0.00394317383214264 0.0
1208 0.003941867433790107 0.0
1209 0.003940549027825755 0.0
1210 0.003939218618265676 0.0
1211 0.0039378762091625275 0.0
1212 0.003936521804605522 0.0
1213 0.003935155408720409 0.0
1214 0.0039337770256694694 0.0
1215 0.003932386659651495 0.0
1216 0.003930984314901783 0.0
1217 0.003929569995692119 0.0
1218 0.003928143706330763 0.0
1219 0.0039267054511624416 0.0
1220 0.003925255234568328 0.0
1221 0.003923793060966035 0.0
1222 0.003922318934809595 0.0
1223 0.003920832860589454 0.0
1224 0.00391933484283245 0.0
1225 0.003917824886101805 0.0
1226 0.003916302994997111 0.0
1227 0.00391476917415431 0.0
1228 0.0039132234282456884 0.0
1229 0.003911665761979854 0.0
1230 0.0039100961801017305 0.0
1231 0.0039085146873925345 0.0
1232 0.0039069212886697685 0.0
1233 0.0039053159887872013 0.0
1234 0.003903698792634854 0.0
1235 0.0039020697051389873 0.0
1236 0.003900428731262083 0.0
1237 0.0038987758760028342 0.0
1238 0.0038971111443961226 0.0
1239 0.003895434541513011 0.0
1240 0.0038937460724607206 0.0
1241 0.0038920457423826226 0.0
1242 0.0038903335564582173 0.0
1243 0.0038886095199031187 0.0
1244 0.003886873637969043 0.0
1245 0.0038851259159437854 0.0
1246 0.0038833663591512123 0.0
1247 0.0038815949729512377 0.0
1248 0.003879811762739811 0.0
1249 0.0038780167339489005 0.0
1250 0.0038762098920464747 0.0
1251 0.003874391242536488 0.0
1252 0.0038725607909588615 0.0
1253 0.0038707185428894686 0.0
1254 0.0038688645039401154 0.0
1255 0.0038669986797585276 0.0
1256 0.003865121076028329 0.0
1257 0.003863231698469025 0.0
1258 0.0038613305528359884 0.0
1259 0.0038594176449204378 0.0
1260 0.003857492980549423 0.0
1261 0.003855556565585805 0.0
1262 0.0038536084059282404 0.0
1263 0.0038516485075111608 0.0
1264 0.003849676876304756 0.0
1265 0.003847693518314958 0.0
1266 0.003845698439583418 0.0
1267 0.0038436916461874935 0.0
1268 0.0038416731442402225 0.0
1269 0.003839642939890314 0.0
1270 0.0038376010393221223 0.0
1271 0.0038355474487556307 0.0
1272 0.0038334821744464313 0.0
1273 0.0038314052226857084 0.0
1274 0.0038293165998002174 0.0
1275 0.0038272163121522654 0.0
1276 0.003825104366139694 0.0
1277 0.003822980768195855 0.0
1278 0.003820845524789598 0.0
1279 0.0038186986424252434 0.0
1280 0.003816540127642568 0.0
1281 0.003814369987016782 0.0
1282 0.0038121882271585092 0.0
1283 0.00380999485471377 0.0
1284 0.003807789876363956 0.0
1285 0.003805573298825815 0.0
1286 0.0038033451288514244 0.0
1287 0.0038011053732281788 0.0
1288 0.0037988540387787605 0.0
1289 0.003796591132361126 0.0
1290 0.0037943166608684796 0.0
1291 0.003792030631229256 0.0
1292 0.003789733050407099 0.0
1293 0.0037874239254008374 0.0
1294 0.0037851032632444663 0.0
1295 0.003782771071007125 0.0
1296 0.003780427355793076 0.0
1297 0.003778072124741682 0.0
1298 0.0037757053850273857 0.0
1299 0.0037733271438596867 0.0
1300 0.0037709374084831195 0.0
1301 0.0037685361861772323 0.0
1302 0.0037661234842565655 0.0
1303 0.0037636993100706277 0.0
1304 0.0037612636710038726 0.0
1305 0.00375881657447568 0.0
1306 0.0037563580279403306 0.0
1307 0.0037538880388869834 0.0
1308 0.003751406614839653 0.0
1309 0.003748913763357187 0.0
1310 0.0037464094920332445 0.0
1311 0.00374389380849627 0.0
1312 0.003741366720409471 0.0
1313 0.0037388282354707965 0.0
1314 0.003736278361412912 0.0
1315 0.0037337171060031764 0.0
1316 0.003731144477043617 0.0
1317 0.003728560482370909 0.0
1318 0.0037259651298563474 0.0
1319 0.0037233584274058255 0.0
1320 0.0037207403829598125 0.0
1321 0.003718111004493325 0.0
1322 0.003715470300015906 0.0
1323 0.003712818277571598 0.0
1324 0.0037101549452389243 0.0
1325 0.003707480311130854 0.0
1326 0.003704794383394789 0.0
1327 0.0037020971702125286 0.0
1328 0.0036993886798002526 0.0
1329 0.003696668920408494 0.0
1330 0.00369393790032211 0.0
1331 0.003691195627860262 0.0
1332 0.003688442111376387 0.0
1333 0.0036856773592581745 0.0
1334 0.003682901379927539 0.0
1335 0.0036801141818405933 0.0
1336 0.0036773157734876286 0.0
1337 0.0036745061633930804 0.0
1338 0.003671685360115508 0.0
1339 0.0036688533722475693 0.0
1340 0.0036660102084159893 0.0
1341 0.0036631558772815373 0.0
1342 0.003660290387539002 0.0
1343 0.0036574137479171618 0.0
1344 0.00365452596717876 0.0
1345 0.003651627054120478 0.0
1346 0.0036487170175729068 0.0
1347 0.003645795866400522 0.0
1348 0.003642863609501658 0.0
1349 0.0036399202558084777 0.0
1350 0.0036369658142869463 0.0
1351 0.0036340002939368047 0.0
1352 0.003631023703791543 0.0
1353 0.003628036052918371 0.0
1354 0.003625037350418191 0.0
1355 0.0036220276054255702 0.0
1356 0.0036190068271087154 0.0
1357 0.0036159750246694405 0.0
1358 0.0036129322073431415 0.0
1359 0.0036098783843987675 0.0
1360 0.003606813565138792 0.0
1361 0.003603737758899188 0.0
1362 0.0036006509750493936 0.0
1363 0.0035975532229922873 0.0
1364 0.0035944445121641596 0.0
1365 0.003591324852034682 0.0
1366 0.003588194252106882 0.0
1367 0.0035850527219171086 0.0
1368 0.003581900271035008 0.0
1369 0.003578736909063492 0.0
1370 0.00357556264563871 0.0
1371 0.0035723774904300194 0.0
1372 0.003569181453139954 0.0
1373 0.0035659745435041995 0.0
1374 0.0035627567712915565 0.0
1375 0.0035595281463039192 0.0
1376 0.0035562886783762383 0.0
1377 0.0035530383773764956 0.0
1378 0.00354977725320567 0.0
1379 0.003546505315797713 0.0
1380 0.0035432225751195136 0.0
1381 0.0035399290411708673 0.0
1382 0.0035366247239844513 0.0
1383 0.0035333096336257882 0.0
1384 0.003529983780193218 0.0
1385 0.003526647173817868 0.0
1386 0.0035232998246636183 0.0
1387 0.003519941742927076 0.0
1388 0.0035165729388375406 0.0
1389 0.0035131934226569736 0.0
1390 0.003509803204679967 0.0
1391 0.0035064022952337125 0.0
1392 0.0035029907046779693 0.0
1393 0.0034995684434050356 0.0
1394 0.0034961355218397125 0.0
1395 0.0034926919504392737 0.0
1396 0.0034892377396934355 0.0
1397 0.0034857729001243213 0.0
1398 0.0034822974422864354 0.0
1399 0.0034788113767666245 0.0
1400 0.003475314714184048 0.0
1401 0.0034718074651901468 0.0
1402 0.0034682896404686103 0.0
1403 0.0034647612507353424 0.0
1404 0.0034612223067384297 0.0
1405 0.00345767281925811 0.0
1406 0.0034541127991067357 0.0
1407 0.0034505422571287484 0.0
1408 0.003446961204200637 0.0
1409 0.00344336965123091 0.0
1410 0.003439767609160059 0.0
1411 0.003436155088960531 0.0
1412 0.0034325321016366885 0.0
1413 0.0034288986582247786 0.0
1414 0.0034252547697929013 0.0
1415 0.00342160044744097 0.0
1416 0.0034179357023006868 0.0
1417 0.0034142605455355006 0.0
1418 0.003410574988340575 0.0
1419 0.0034068790419427585 0.0
1420 0.003403172717600543 0.0
1421 0.0033994560266040353 0.0
1422 0.003395728980274922 0.0
1423 0.0033919915899664325 0.0
1424 0.0033882438670633035 0.0
1425 0.0033844858229817513 0.0
1426 0.0033807174691694295 0.0
1427 0.003376938817105397 0.0
1428 0.003373149878300084 0.0
1429 0.0033693506642952526 0.0
1430 0.003365541186663971 0.0
1431 0.0033617214570105672 0.0
1432 0.0033578914869705997 0.0
1433 0.0033540512882108213 0.0
1434 0.0033502008724291448 0.0
1435 0.0033463402513546035 0.0
1436 0.003342469436747319 0.0
1437 0.0033385884403984638 0.0
1438 0.0033346972741302248 0.0
1439 0.0033307959497957712 0.0
1440 0.0033268844792792122 0.0
1441 0.0033229628744955663 0.0
1442 0.003319031147390721 0.0
1443 0.003315089309941398 0.0
1444 0.0033111373741551197 0.0
1445 0.003307175352070167 0.0
1446 0.0033032032557555467 0.0
1447 0.0032992210973109516 0.0
1448 0.003295228888866729 0.0
1449 0.003291226642583837 0.0
1450 0.003287214370653812 0.0
1451 0.00328319208529873 0.0
1452 0.0032791597987711692 0.0
1453 0.0032751175233541752 0.0
1454 0.003271065271361219 0.0
1455 0.0032670030551361622 0.0
1456 0.0032629308870532215 0.0
1457 0.003258848779516927 0.0
1458 0.003254756744962084 0.0
1459 0.003250654795853742 0.0
1460 0.003246542944687148 0.0
1461 0.0032424212039877135 0.0
1462 0.003238289586310977 0.0
1463 0.0032341481042425617 0.0
1464 0.0032299967703981395 0.0
1465 0.0032258355974233944 0.0
1466 0.003221664597993979 0.0
1467 0.003217483784815483 0.0
1468 0.0032132931706233877 0.0
1469 0.0032090927681830313 0.0
1470 0.003204882590289565 0.0
1471 0.003200662649767925 0.0
1472 0.0031964329594727807 0.0
1473 0.003192193532288501 0.0
1474 0.0031879443811291173 0.0
1475 0.0031836855189382794 0.0
1476 0.0031794169586892226 0.0
1477 0.0031751387133847203 0.0
1478 0.0031708507960570504 0.0
1479 0.0031665532197679507 0.0
1480 0.0031622459976085866 0.0
1481 0.0031579291426995022 0.0
1482 0.003153602668190587 0.0
1483 0.003149266587261032 0.0
1484 0.003144920913119291 0.0
1485 0.003140565659003043 0.0
1486 0.003136200838179146 0.0
1487 0.0031318264639436013 0.0
1488 0.0031274425496215126 0.0
1489 0.0031230491085670405 0.0
1490 0.0031186461541633714 0.0
1491 0.0031142336998226665 0.0
1492 0.003109811758986027 0.0
1493 0.0031053803451234516 0.0
1494 0.0031009394717337966 0.0
1495 0.0030964891523447297 0.0
1496 0.003092029400512699 0.0
1497 0.0030875602298228804 0.0
1498 0.0030830816538891413 0.0
1499 0.0030785936863540037 0.0
1500 0.003074096340888593 0.0
1501 0.0030695896311926044 0.0
1502 0.003065073570994256 0.0
1503 0.003060548174050252 0.0
1504 0.0030560134541457356 0.0
1505 0.00305146942509425 0.0
1506 0.0030469161007376953 0.0
1507 0.003042353494946287 0.0
1508 0.0030377816216185147 0.0
1509 0.0030332004946810975 0.0
1510 0.0030286101280889415 0.0
1511 0.003024010535825099 0.0
1512 0.003019401731900727 0.0
1513 0.0030147837303550417 0.0
1514 0.003010156545255276 0.0
1515 0.003005520190696638 0.0
1516 0.003000874680802267 0.0
1517 0.002996220029723194 0.0
1518 0.0029915562516382925 0.0
1519 0.0029868833607542386 0.0
1520 0.002982201371305469 0.0
1521 0.002977510297554134 0.0
1522 0.0029728101537900603 0.0
1523 0.0029681009543307 0.0
1524 0.0029633827135210904 0.0
1525 0.0029586554457338115 0.0
1526 0.0029539191653689422 0.0
1527 0.0029491738868540128 0.0
1528 0.0029444196246439644 0.0
1529 0.002939656393221104 0.0
1530 0.002934884207095062 0.0
1531 0.002930103080802744 0.0
1532 0.002925313028908289 0.0
1533 0.0029205140660030276 0.0
1534 0.0029157062067054324 0.0
1535 0.002910889465661075 0.0
1536 0.002906063857542587 0.0
1537 0.0029012293970496054 0.0
1538 0.0028963860989087357 0.0
1539 0.0028915339778735035 0.0
1540 0.0028866730487243125 0.0
1541 0.0028818033262683947 0.0
1542 0.00287692482533977 0.0
1543 0.0028720375607991975 0.0
1544 0.0028671415475341314 0.0
1545 0.00286223680045868 0.0
1546 0.0028573233345135524 0.0
1547 0.0028524011646660174 0.0
1548 0.0028474703059098573 0.0
1549 0.002842530773265325 0.0
1550 0.0028375825817790927 0.0
1551 0.0028326257465242097 0.0
1552 0.002827660282600056 0.0
1553 0.002822686205132294 0.0
1554 0.002817703529272829 0.0
1555 0.002812712270199755 0.0
1556 0.0028077124431173128 0.0
1557 0.0028027040632558407 0.0
1558 0.0027976871458717354 0.0
1559 0.002792661706247396 0.0
1560 0.0027876277596911836 0.0
1561 0.0027825853215373716 0.0
1562 0.0027775344071460997 0.0
1563 0.0027724750319033328 0.0
1564 0.0027674072112208034 0.0
1565 0.0027623309605359714 0.0
1566 0.0027572462953119772 0.0
1567 0.0027521532310375934 0.0
1568 0.002747051783227177 0.0
1569 0.002741941967420622 0.0
1570 0.002736823799183315 0.0
1571 0.0027316972941060823 0.0
1572 0.0027265624678051476 0.0
1573 0.002721419335922084 0.0
1574 0.0027162679141237624 0.0
1575 0.002711108218102307 0.0
1576 0.0027059402635750446 0.0
1577 0.002700764066284464 0.0
1578 0.0026955796419981587 0.0
1579 0.0026903870065087838 0.0
1580 0.002685186175634007 0.0
1581 0.002679977165216463 0.0
1582 0.0026747599911236997 0.0
1583 0.0026695346692481342 0.0
1584 0.002664301215507003 0.0
1585 0.002659059645842313 0.0
1586 0.002653809976220796 0.0
1587 0.0026485522226338564 0.0
1588 0.0026432864010975223 0.0
1589 0.0026380125276523995 0.0
1590 0.00263273061836362 0.0
1591 0.002627440689320798 0.0
1592 0.0026221427566379732 0.0
1593 0.002616836836453568 0.0
1594 0.0026115229449303334 0.0
1595 0.002606201098255308 0.0
1596 0.002600871312639757 0.0
1597 0.0025955336043191335 0.0
1598 0.0025901879895530214 0.0
1599 0.00258483448462509 0.0
1600 0.0025794731058430454 0.0
1601 0.0025741038695385765 0.0
1602 0.0025687267920673075 0.0
1603 0.0025633418898087486 0.0
1604 0.002557949179166248 0.0
1605 0.0025525486765669366 0.0
1606 0.00254714039846168 0.0
1607 0.0025417243613250345 0.0
1608 0.0025363005816551867 0.0
1609 0.0025308690759739093 0.0
1610 0.002525429860826512 0.0
1611 0.0025199829527817875 0.0
1612 0.0025145283684319605 0.0
1613 0.0025090661243926437 0.0
1614 0.0025035962373027775 0.0
1615 0.002498118723824588 0.0
1616 0.0024926336006435303 0.0
1617 0.0024871408844682396 0.0
1618 0.0024816405920304848 0.0
1619 0.002476132740085109 0.0
1620 0.0024706173454099845 0.0
1621 0.00246509442480596 0.0
1622 0.0024595639950968085 0.0
1623 0.00245402607312918 0.0
1624 0.0024484806757725445 0.0
1625 0.0024429278199191444 0.0
1626 0.0024373675224839387 0.0
1627 0.0024317998004045618 0.0
1628 0.002426224670641259 0.0
1629 0.002420642150176842 0.0
1630 0.0024150522560166376 0.0
1631 0.002409455005188429 0.0
1632 0.0024038504147424187 0.0
1633 0.0023982385017511576 0.0
1634 0.0023926192833095064 0.0
1635 0.002386992776534578 0.0
1636 0.0023813589985656907 0.0
1637 0.002375717966564307 0.0
1638 0.0023700696977139897 0.0
1639 0.0023644142092203446 0.0
1640 0.0023587515183109697 0.0
1641 0.002353081642235405 0.0
1642 0.0023474045982650764 0.0
1643 0.002341720403693242 0.0
1644 0.0023360290758349476 0.0
1645 0.002330330632026963 0.0
1646 0.0023246250896277357 0.0
1647 0.002318912466017339 0.0
1648 0.0023131927785974148 0.0
1649 0.002307466044791121 0.0
1650 0.002301732282043085 0.0
1651 0.0022959915078193402 0.0
1652 0.002290243739607282 0.0
1653 0.0022844889949156077 0.0
1654 0.002278727291274267 0.0
1655 0.0022729586462344117 0.0
1656 0.0022671830773683325 0.0
1657 0.0022614006022694147 0.0
1658 0.0022556112385520776 0.0
1659 0.002249815003851732 0.0
1660 0.0022440119158247105 0.0
1661 0.002238201992148227 0.0
1662 0.002232385250520316 0.0
1663 0.0022265617086597795 0.0
1664 0.0022207313843061395 0.0
1665 0.0022148942952195734 0.0
1666 0.0022090504591808675 0.0
1667 0.0022031998939913587 0.0
1668 0.0021973426174728824 0.0
1669 0.0021914786474677215 0.0
1670 0.002185608001838544 0.0
1671 0.0021797306984683547 0.0
1672 0.0021738467552604376 0.0
1673 0.002167956190138307 0.0
1674 0.002162059021045644 0.0
1675 0.002156155265946249 0.0
1676 0.0021502449428239833 0.0
1677 0.002144328069682715 0.0
1678 0.0021384046645462687 0.0
1679 0.0021324747454583622 0.0
1680 0.0021265383304825557 0.0
1681 0.0021205954377022025 0.0
1682 0.0021146460852203824 0.0
1683 0.0021086902911598535 0.0
1684 0.0021027280736630005 0.0
1685 0.0020967594508917702 0.0
1686 0.0020907844410276216 0.0
1687 0.0020848030622714737 0.0
1688 0.0020788153328436415 0.0
1689 0.0020728212709837882 0.0
1690 0.002066820894950865 0.0
1691 0.0020608142230230573 0.0
1692 0.002054801273497731 0.0
1693 0.0020487820646913728 0.0
1694 0.0020427566149395365 0.0
1695 0.0020367249425967855 0.0
1696 0.002030687066036642 0.0
1697 0.0020246430036515253 0.0
1698 0.0020185927738526955 0.0
1699 0.0020125363950702036 0.0
1700 0.002006473885752827 0.0
1701 0.0020004052643680242 0.0
1702 0.0019943305494018668 0.0
1703 0.00198824975935899 0.0
1704 0.001982162912762533 0.0
1705 0.001976070028154089 0.0
1706 0.0019699711240936412 0.0
1707 0.0019638662191595073 0.0
1708 0.001957755331948287 0.0
1709 0.0019516384810748012 0.0
1710 0.0019455156851720416 0.0
1711 0.0019393869628911045 0.0
1712 0.001933252332901141 0.0
1713 0.001927111813889298 0.0
1714 0.00192096542456066 0.0
1715 0.0019148131836381973 0.0
1716 0.0019086551098627018 0.0
1717 0.0019024912219927322 0.0
1718 0.0018963215388045633 0.0
1719 0.0018901460790921184 0.0
1720 0.0018839648616669172 0.0
1721 0.0018777779053580229 0.0
1722 0.001871585229011976 0.0
1723 0.0018653868514927412 0.0
1724 0.0018591827916816543 0.0
1725 0.001852973068477356 0.0
1726 0.0018467577007957399 0.0
1727 0.0018405367075698923 0.0
1728 0.0018343101077500407 0.0
1729 0.0018280779203034864 0.0
1730 0.0018218401642145531 0.0
1731 0.0018155968584845279 0.0
1732 0.001809348022131601 0.0
1733 0.0018030936741908145 0.0
1734 0.001796833833713996 0.0
1735 0.0017905685197697047 0.0
1736 0.0017842977514431716 0.0
1737 0.0017780215478362484 0.0
1738 0.0017717399280673379 0.0
1739 0.001765452911271343 0.0
1740 0.0017591605165996076 0.0
1741 0.0017528627632198554 0.0
1742 0.001746559670316138 0.0
1743 0.0017402512570887688 0.0
1744 0.001733937542754268 0.0
1745 0.0017276185465453047 0.0
1746 0.0017212942877106352 0.0
1747 0.0017149647855150523 0.0
1748 0.0017086300592393155 0.0
1749 0.0017022901281801 0.0
1750 0.0016959450116499335 0.0
1751 0.0016895947289771445 0.0
1752 0.0016832392995057936 0.0
1753 0.0016768787425956214 0.0
1754 0.0016705130776219854 0.0
1755 0.0016641423239758088 0.0
1756 0.0016577665010635099 0.0
1757 0.0016513856283069499 0.0
1758 0.0016449997251433766 0.0
1759 0.001638608811025357 0.0
1760 0.0016322129054207226 0.0
1761 0.001625812027812514 0.0
1762 0.0016194061976989127 0.0
1763 0.0016129954345931884 0.0
1764 0.0016065797580236355 0.0
1765 0.0016001591875335211 0.0
1766 0.0015937337426810143 0.0
1767 0.0015873034430391349 0.0
1768 0.0015808683081956901 0.0
1769 0.001574428357753216 0.0
1770 0.0015679836113289209 0.0
1771 0.0015615340885546186 0.0
1772 0.0015550798090766742 0.0
1773 0.001548620792555941 0.0
1774 0.001542157058667706 0.0
1775 0.0015356886271016225 0.0
1776 0.0015292155175616543 0.0
1777 0.0015227377497660166 0.0
1778 0.0015162553434471108 0.0
1779 0.0015097683183514746 0.0
1780 0.0015032766942397098 0.0
1781 0.0014967804908864292 0.0
1782 0.001490279728080193 0.0
1783 0.001483774425623456 0.0
1784 0.0014772646033324951 0.0
1785 0.0014707502810373586 0.0
1786 0.0014642314785818019 0.0
1787 0.0014577082158232257 0.0
1788 0.0014511805126326235 0.0
1789 0.0014446483888945092 0.0
1790 0.0014381118645068651 0.0
1791 0.001431570959381076 0.0
1792 0.0014250256934418765 0.0
1793 0.0014184760866272805 0.0
1794 0.001411922158888524 0.0
1795 0.0014053639301900114 0.0
1796 0.0013988014205092425 0.0
1797 0.0013922346498367588 0.0
1798 0.0013856636381760854 0.0
1799 0.0013790884055436621 0.0
1800 0.0013725089719687875 0.0
1801 0.0013659253574935558 0.0
1802 0.001359337582172802 0.0
1803 0.0013527456660740302 0.0
1804 0.00134614962927736 0.0
1805 0.001339549491875462 0.0
1806 0.0013329452739735026 0.0
1807 0.0013263369956890733 0.0
1808 0.0013197246771521356 0.0
1809 0.0013131083385049583 0.0
1810 0.0013064879999020553 0.0
1811 0.001299863681510129 0.0
1812 0.0012932354035080005 0.0
1813 0.001286603186086554 0.0
1814 0.001279967049448674 0.0
1815 0.001273327013809182 0.0
1816 0.0012666830993947813 0.0
1817 0.001260035326443986 0.0
1818 0.001253383715207065 0.0
1819 0.0012467282859459784 0.0
1820 0.001240069058934321 0.0
1821 0.001233406054457252 0.0
1822 0.0012267392928114378 0.0
1823 0.0012200687943049909 0.0
1824 0.001213394579257405 0.0
1825 0.0012067166679995 0.0
1826 0.0012000350808733498 0.0
1827 0.0011933498382322274 0.0
1828 0.00118666096044054 0.0
1829 0.001179968467873773 0.0
1830 0.001173272380918417 0.0
1831 0.0011665727199719127 0.0
1832 0.0011598695054425925 0.0
1833 0.0011531627577496088 0.0
1834 0.001146452497322877 0.0
1835 0.0011397387446030166 0.0
1836 0.0011330215200412814 0.0
1837 0.0011263008440995006 0.0
1838 0.0011195767372500223 0.0
1839 0.00111284921997564 0.0
1840 0.0011061183127695383 0.0
1841 0.0010993840361352277 0.0
1842 0.0010926464105864813 0.0
1843 0.001085905456647278 0.0
1844 0.0010791611948517312 0.0
1845 0.0010724136457440315 0.0
1846 0.0010656628298783843 0.0
1847 0.001058908767818943 0.0
1848 0.0010521514801397564 0.0
1849 0.001045390987424692 0.0
1850 0.0010386273102673833 0.0
1851 0.0010318604692711622 0.0
1852 0.0010250904850490036 0.0
1853 0.0010183173782234518 0.0
1854 0.0010115411694265645 0.0
1855 0.001004761879299849 0.0
1856 0.000997979528494197 0.0
1857 0.0009911941376698286 0.0
1858 0.0009844057274962193 0.0
1859 0.0009776143186520441 0.0
1860 0.0009708199318251103 0.0
1861 0.0009640225877123017 0.0
1862 0.0009572223070195057 0.0
1863 0.0009504191104615566 0.0
1864 0.000943613018762171 0.0
1865 0.0009368040526538828 0.0
1866 0.0009299922328779871 0.0
1867 0.0009231775801844664 0.0
1868 0.0009163601153319332 0.0
1869 0.0009095398590875709 0.0
1870 0.0009027168322270613 0.0
1871 0.0008958910555345257 0.0
1872 0.0008890625498024672 0.0
1873 0.0008822313358316965 0.0
1874 0.0008753974344312746 0.0
1875 0.0008685608664184536 0.0
1876 0.0008617216526186039 0.0
1877 0.0008548798138651565 0.0
1878 0.0008480353709995387 0.0
1879 0.0008411883448711091 0.0
1880 0.0008343387563370999 0.0
1881 0.0008274866262625441 0.0
1882 0.000820631975520218 0.0
1883 0.0008137748249905752 0.0
1884 0.0008069151955616885 0.0
1885 0.0008000531081291772 0.0
1886 0.0007931885835961497 0.0
1887 0.0007863216428731381 0.0
1888 0.000779452306878033 0.0
1889 0.0007725805965360268 0.0
1890 0.0007657065327795389 0.0
1891 0.0007588301365481599 0.0
1892 0.0007519514287885852 0.0
1893 0.0007450704304545497 0.0
1894 0.0007381871625067713 0.0
1895 0.0007313016459128761 0.0
1896 0.0007244139016473417 0.0
1897 0.00071752395069143 0.0
1898 0.0007106318140331299 0.0
1899 0.0007037375126670832 0.0
1900 0.0006968410675945275 0.0
1901 0.0006899424998232307 0.0
1902 0.0006830418303674246 0.0
1903 0.0006761390802477485 0.0
1904 0.0006692342704911749 0.0
1905 0.00066232742213095 0.0
1906 0.0006554185562065352 0.0
1907 0.0006485076937635325 0.0
1908 0.0006415948558536256 0.0
1909 0.0006346800635345213 0.0
1910 0.0006277633378698742 0.0
1911 0.0006208446999292286 0.0
1912 0.000613924170787959 0.0
1913 0.0006070017715271958 0.0
1914 0.0006000775232337673 0.0
1915 0.0005931514470001349 0.0
1916 0.000586223563924326 0.0
1917 0.0005792938951098779 0.0
1918 0.0005723624616657612 0.0
1919 0.0005654292847063245 0.0
1920 0.0005584943853512256 0.0
1921 0.000551557784725374 0.0
1922 0.0005446195039588563 0.0
1923 0.0005376795641868793 0.0
1924 0.0005307379865497029 0.0
1925 0.0005237947921925747 0.0
1926 0.0005168500022656723 0.0
1927 0.0005099036379240284 0.0
1928 0.0005029557203274736 0.0
1929 0.0004960062706405681 0.0
1930 0.0004890553100325442 0.0
1931 0.0004821028596772318 0.0
1932 0.00047514894075300024 0.0
1933 0.00046819357444269274 0.0
1934 0.00046123678193355936 0.0
1935 0.0004542785844172002 0.0
1936 0.00044731900308948977 0.0
1937 0.0004403580591505199 0.0
1938 0.00043339577380453287 0.0
1939 0.00042643216825985556 0.0
1940 0.00041946726372884174 0.0
1941 0.00041250108142779665 0.0
1942 0.00040553364257691786 0.0
1943 0.0003985649684002361 0.0
1944 0.0003915950801255396 0.0
1945 0.00038462399898431504 0.0
1946 0.0003776517462116881 0.0
1947 0.00037067834304634805 0.0
1948 0.0003637038107304886 0.0
1949 0.00035672817050974825 0.0
1950 0.0003497514436331351 0.0
1951 0.0003427736513529691 0.0
1952 0.0003357948149248139 0.0
1953 0.00032881495560741923 0.0
1954 0.0003218340946626451 0.0
1955 0.0003148522533554047 0.0
1956 0.00030786945295359743 0.0
1957 0.00030088571472804257 0.0
1958 0.00029390105995242145 0.0
1959 0.00028691550990320196 0.0
1960 0.0002799290858595812 0.0
1961 0.0002729418091034165 0.0
1962 0.0002659537009191682 0.0
1963 0.00025896478259382404 0.0
1964 0.0002519750754168412 0.0
1965 0.00024498460068008 0.0
1966 0.000237993379677737 0.0
1967 0.00023100143370628732 0.0
1968 0.00022400878406440928 0.0
1969 0.0002170154520529263 0.0
1970 0.00021002145897474058 0.0
1971 0.00020302682613476615 0.0
1972 0.00019603157483987125 0.0
1973 0.00018903572639880268 0.0
1974 0.00018203930212212804 0.0
1975 0.00017504232332216728 0.0
1976 0.00016804481131293484 0.0
1977 0.00016104678741006402 0.0
1978 0.00015404827293074924 0.0
1979 0.0001470492891936776 0.0
1980 0.0001400498575189709 0.0
1981 0.0001330499992281101 0.0
1982 0.00012604973564387572 0.0
1983 0.00011904908809028823 0.0
1984 0.00011204807789253237 0.0
1985 0.00010504672637689759 0.0
1986 9.804505487071835e-05 0.0
1987 9.104308470229854e-05 0.0
1988 8.404083720085363e-05 0.0
1989 7.703833369644208e-05 0.0
1990 7.003559551990752e-05 0.0
1991 6.303264400280311e-05 0.0
1992 5.602950047733365e-05 0.0
1993 4.902618627628885e-05 0.0
1994 4.202272273297653e-05 0.0
1995 3.5019131181164765e-05 0.0
1996 2.8015432955006243e-05 0.0
1997 2.101164938898038e-05 0.0
1998 1.4007801817824757e-05 0.0
1999 7.00391157647728e-06 0.0
2000 0.0 0.0
2001 0.0 0.0
2002 0.0 0.0
2003 0.0 0.0
2004 0.0 0.0
2005 0.0 0.0
2006 0.0 0.0
2007 0.0 0.0
2008 0.0 0.0
2009 0.0 0.0
2010 0.0 0.0
2011 0.0 0.0
2012 0.0 0.0
2013 0.0 0.0
2014 0.0 0.0
2015 0.0 0.0
2016 0.0 0.0
2017 0.0 0.0
2018 0.0 0.0
2019 0.0 0.0
2020 0.0 0.0
2021 0.0 0.0
2022 0.0 0.0
2023 0.0 0.0
2024 0.0 0.0
2025 0.0 0.0
2026 0.0 0.0
2027 0.0 0.0
2028 0.0 0.0
2029 0.0 0.0
2030 0.0 0.0
2031 0.0 0.0
2032 0.0 0.0
2033 0.0 0.0
2034 0.0 0.0
2035 0.0 0.0
2036 0.0 0.0
2037 0.0 0.0
2038 0.0 0.0
2039 0.0 0.0
2040 0.0 0.0
2041 0.0 0.0
2042 0.0 0.0
2043 0.0 0.0
2044 0.0 0.0
2045 0.0 0.0
2046 0.0 0.0
2047 0.0 0.0
2048 0.0 0.0
2049 0.0 0.0
2050 0.0 0.0
2051 0.0 0.0
2052 0.0 0.0
2053 0.0 0.0
2054 0.0 0.0
2055 0.0 0.0
2056 0.0 0.0
2057 0.0 0.0
2058 0.0 0.0
2059 0.0 0.0
2060 0.0 0.0
2061 0.0 0.0
2062 0.0 0.0
2063 0.0 0.0
2064 0.0 0.0
2065 0.0 0.0
2066 0.0 0.0
2067 0.0 0.0
2068 0.0 0.0
2069 0.0 0.0
2070 0.0 0.0
2071 0.0 0.0
2072 0.0 0.0
2073 0.0 0.0
2074 0.0 0.0
2075 0.0 0.0
2076 0.0 0.0
2077 0.0 0.0
2078 0.0 0.0
2079 0.0 0.0
2080 0.0 0.0
2081 0.0 0.0
2082 0.0 0.0
2083 0.0 0.0
2084 0.0 0.0
2085 0.0 0.0
2086 0.0 0.0
2087 0.0 0.0
2088 0.0 0.0
2089 0.0 0.0
2090 0.0 0.0
2091 0.0 0.0
2092 0.0 0.0
2093 0.0 0.0
2094 0.0 0.0
2095 0.0 0.0
2096 0.0 0.0
2097 0.0 0.0
2098 0.0 0.0
2099 0.0 0.0
2100 0.0 0.0
2101 0.0 0.0
2102 0.0 0.0
2103 0.0 0.0
2104 0.0 0.0
2105 0.0 0.0
2106 0.0 0.0
2107 0.0 0.0
2108 0.0 0.0
2109 0.0 0.0
2110 0.0 0.0
2111 0.0 0.0
2112 0.0 0.0
2113 0.0 0.0
2114 0.0 0.0
2115 0.0 0.0
2116 0.0 0.0
2117 0.0 0.0
2118 0.0 0.0
2119 0.0 0.0
2120 0.0 0.0
2121 0.0 0.0
2122 0.0 0.0
2123 0.0 0.0
2124 0.0 0.0
2125 0.0 0.0
2126 0.0 0.0
2127 0.0 0.0
2128 0.0 0.0
2129 0.0 0.0
2130 0.0 0.0
2131 0.0 0.0
2132 0.0 0.0
2133 0.0 0.0
2134 0.0 0.0
2135 0.0 0.0
2136 0.0 0.0
2137 0.0 0.0
2138 0.0 0.0
2139 0.0 0.0
2140 0.0 0.0
2141 0.0 0.0
2142 0.0 0.0
2143 0.0 0.0
2144 0.0 0.0
2145 0.0 0.0
2146 0.0 0.0
2147 0.0 0.0
2148 0.0 0.0
2149 0.0 0.0
2150 0.0 0.0
2151 0.0 0.0
2152 0.0 0.0
2153 0.0 0.0
2154 0.0 0.0
2155 0.0 0.0
2156 0.0 0.0
2157 0.0 0.0
2158 0.0 0.0
2159 0.0 0.0
2160 0.0 0.0
2161 0.0 0.0
2162 0.0 0.0
2163 0.0 0.0
2164 0.0 0.0
2165 0.0 0.0
2166 0.0 0.0
2167 0.0 0.0
2168 0.0 0.0
2169 0.0 0.0
2170 0.0 0.0
2171 0.0 0.0
2172 0.0 0.0
2173 0.0 0.0
2174 0.0 0.0
2175 0.0 0.0
2176 0.0 0.0
2177 0.0 0.0
2178 0.0 0.0
2179 0.0 0.0
2180 0.0 0.0
2181 0.0 0.0
2182 0.0 0.0
2183 0.0 0.0
2184 0.0 0.0
2185 0.0 0.0
2186 0.0 0.0
2187 0.0 0.0
2188 0.0 0.0
2189 0.0 0.0
2190 0.0 0.0
2191 0.0 0.0
2192 0.0 0.0
2193 0.0 0.0
2194 0.0 0.0
2195 0.0 0.0
2196 0.0 0.0
2197 0.0 0.0
2198 0.0 0.0
2199 0.0 0.0