2200 0.000002100546602 1.0
2
0 0.0 0.0
1 0.0 0.0
2 0.0 0.0
3 0.0 0.0
4 0.0 0.0
5 0.0 0.0
6 0.0 0.0
7 0.0 0.0
8 0.0 0.0
9 0.0 0.0
10 0.0 0.0
11 0.0 0.0
12 0.0 0.0
13 0.0 0.0
14 0.0 0.0
15 0.0 0.0
16 0.0 0.0
17 0.0 0.0
18 0.0 0.0
19 0.0 0.0
20 0.0 0.0
21 0.0 0.0
22 0.0 0.0
23 0.0 0.0
24 0.0 0.0
25 0.0 0.0
26 0.0 0.0
27 0.0 0.0
28 0.0 0.0
29 0.0 0.0
30 0.0 0.0
31 0.0 0.0
32 0.0 0.0
33 0.0 0.0
34 0.0 0.0
35 0.0 0.0
36 0.0 0.0
37 0.0 0.0
38 0.0 0.0
39 0.0 0.0
40 0.0 0.0
41 0.0 0.0
42 0.0 0.0
43 0.0 0.0
44 0.0 0.0
45 0.0 0.0
46 0.0 0.0
47 0.0 0.0
48 0.0 0.0
49 0.0 0.0
50 0.0 0.0
51 0.0 0.0
52 0.0 0.0
53 0.0 0.0
54 0.0 0.0
55 0.0 0.0
56 0.0 0.0
57 0.0 0.0
58 0.0 0.0
59 0.0 0.0
60 0.0 0.0
61 0.0 0.0
62 0.0 0.0
63 0.0 0.0
64 0.0 0.0
65 0.0 0.0
66 0.0 0.0
67 0.0 0.0
68 0.0 0.0
69 0.0 0.0
70 0.0 0.0
71 0.0 0.0
72 0.0 0.0
73 0.0 0.0
74 0.0 0.0
75 0.0 0.0
76 0.0 0.0
77 0.0 0.0
78 0.0 0.0
79 0.0 0.0
80 0.0 0.0
81 0.0 0.0
82 0.0 0.0
83 0.0 0.0
84 0.0 0.0
85 0.0 0.0
86 0.0 0.0
87 0.0 0.0
88 0.0 0.0
89 0.0 0.0
90 0.0 0.0
91 0.0 0.0
92 0.0 0.0
93 0.0 0.0
94 0.0 0.0
95 0.0 0.0
96 0.0 0.0
97 0.0 0.0
98 0.0 0.0
99 0.0 0.0
100 0.0 0.0
101 0.0 0.0
102 0.0 0.0
103 0.0 0.0
104 0.0 0.0
105 0.0 0.0
106 0.0 0.0
107 0.0 0.0
108 0.0 0.0
109 0.0 0.0
110 0.0 0.0
111 0.0 0.0
112 0.0 0.0
113 0.0 0.0
114 0.0 0.0
115 0.0 0.0
116 0.0 0.0
117 0.0 0.0
118 0.0 0.0
119 0.0 0.0
120 0.0 0.0
121 0.0 0.0
122 0.0 0.0
123 0.0 0.0
124 0.0 0.0
125 0.0 0.0
126 0.0 0.0
127 0.0 0.0
128 0.0 0.0
129 0.0 0.0
130 0.0 0.0
131 0.0 0.0
132 0.0 0.0
133 0.0 0.0
134 0.0 0.0
135 0.0 0.0
136 0.0 0.0
137 0.0 0.0
138 0.0 0.0
139 0.0 0.0
140 0.0 0.0
141 0.0 0.0
142 0.0 0.0
143 0.0 0.0
144 0.0 0.0
145 0.0 0.0
146 0.0 0.0
147 0.0 0.0
148 0.0 0.0
149 0.0 0.0
150 0.0 0.0
151 0.0 0.0
152 0.0 0.0
153 0.0 0.0
154 0.0 0.0
155 0.0 0.0
156 0.0 0.0
157 0.0 0.0
158 0.0 0.0
159 0.0 0.0
160 0.0 0.0
161 0.0 0.0
162 0.0 0.0
163 0.0 0.0
164 0.0 0.0
165 0.0 0.0
166 0.0 0.0
167 0.0 0.0
168 0.0 0.0
169 0.0 0.0
170 0.0 0.0
171 0.0 0.0
172 0.0 0.0
173 0.0 0.0
174 0.0 0.0
175 0.0 0.0
176 0.0 0.0
177 0.0 0.0
178 0.0 0.0
179 0.0 0.0
180 0.0 0.0
181 0.0 0.0
182 0.0 0.0
183 0.0 0.0
184 0.0 0.0
185 0.0 0.0
186 0.0 0.0
187 0.0 0.0
188 0.0 0.0
189 0.0 0.0
190 0.0 0.0
191 0.0 0.0
192 0.0 0.0
193 0.0 0.0
194 0.0 0.0
195 0.0 0.0
196 0.0 0.0
197 0.0 0.0
198 0.0 0.0
199 0.0 0.0
200 0.0 0.0
201 -8.674748796304666e-06 0.0
202 -1.734947116782008e-05 0.0
203 -2.60241406898375e-05 0.0
204 -3.4698730937809145e-05 0.0
205 -4.337321548742874e-05 0.0
206 -5.204756791471199e-05 0.0
207 -6.072176179607702e-05 0.0
208 -6.939577070842499e-05 0.0
209 -7.806956822922045e-05 0.0
210 -8.674312793657188e-05 0.0
211 -9.541642340931225e-05 0.0
212 -0.00010408942822707934 0.0
213 -0.00011276211597039636 0.0
214 -0.00012143446022075246 0.0
215 -0.00013010643456068296 0.0
216 -0.00013877801257385018 0.0
217 -0.00014744916784512356 0.0
218 -0.00015611987396066035 0.0
219 -0.000164790104507986 0.0
220 -0.00017345983307607473 0.0
221 -0.0001821290332554297 0.0
222 -0.0001907976786381637 0.0
223 -0.00019946574281807955 0.0
224 -0.00020813319939075051 0.0
225 -0.0002168000219536007 0.0
226 -0.00022546618410598554 0.0
227 -0.0002341316594492723 0.0
228 -0.0002427964215869201 0.0
229 -0.0002514604441245609 0.0
230 -0.0002601237006700795 0.0
231 -0.000268786164833694 0.0
232 -0.00027744781022803625 0.0
233 -0.00028610861046823226 0.0
234 -0.00029476853917198255 0.0
235 -0.0003034275699596424 0.0
236 -0.0003120856764543023 0.0
237 -0.00032074283228186853 0.0
238 -0.0003293990110711428 0.0
239 -0.00033805418645390344 0.0
240 -0.00034670833206498525 0.0
241 -0.0003553614215423599 0.0
242 -0.00036401342852721604 0.0
243 -0.0003726643266640401 0.0
244 -0.0003813140896006958 0.0
245 -0.0003899626909885055 0.0
246 -0.00039861010448232924 0.0
247 -0.000407256303740646 0.0
248 -0.0004159012624256333 0.0
249 -0.0004245449542032476 0.0
250 -0.00043318735274330497 0.0
251 -0.00044182843171956056 0.0
252 -0.00045046816480978917 0.0
253 -0.0004591065256958655 0.0
254 -0.00046774348806384423 0.0
255 -0.0004763790256040401 0.0
256 -0.0004850131120111081 0.0
257 -0.0004936457209841237 0.0
258 -0.0005022768262266629 0.0
259 -0.0005109064014468822 0.0
260 -0.000519534420357599 0.0
261 -0.0005281608566763714 0.0
262 -0.0005367856841255781 0.0
263 -0.0005454088764324994 0.0
264 -0.0005540304073293955 0.0
265 -0.0005626502505535884 0.0
266 -0.0005712683798475408 0.0
267 -0.0005798847689589362 0.0
268 -0.000588499391640759 0.0
269 -0.0005971122216513746 0.0
270 -0.0006057232327546092 0.0
271 -0.0006143323987198294 0.0
272 -0.0006229396933220229 0.0
273 -0.0006315450903418773 0.0
274 -0.0006401485635658612 0.0
275 -0.0006487500867863028 0.0
276 -0.0006573496338014709 0.0
277 -0.0006659471784156538 0.0
278 -0.0006745426944392397 0.0
279 -0.000683136155688796 0.0
280 -0.0006917275359871496 0.0
281 -0.0007003168091634659 0.0
282 -0.0007089039490533293 0.0
283 -0.0007174889294988224 0.0
284 -0.0007260717243486063 0.0
285 -0.0007346523074579988 0.0
286 -0.0007432306526890563 0.0
287 -0.000751806733910651 0.0
288 -0.0007603805249985525 0.0
289 -0.0007689519998355062 0.0
290 -0.0007775211323113131 0.0
291 -0.0007860878963229098 0.0
292 -0.0007946522657744472 0.0
293 -0.000803214214577371 0.0
294 -0.0008117737166505 0.0
295 -0.0008203307459201066 0.0
296 -0.0008288852763199955 0.0
297 -0.0008374372817915835 0.0
298 -0.0008459867362839791 0.0
299 -0.000854533613754061 0.0
300 -0.0008630778881665584 0.0
301 -0.0008716195334941294 0.0
302 -0.0008801585237174412 0.0
303 -0.0008886948328252485 0.0
304 -0.0008972284348144733 0.0
305 -0.0009057593036902846 0.0
306 -0.0009142874134661755 0.0
307 -0.0009228127381640454 0.0
308 -0.0009313352518142761 0.0
309 -0.0009398549284558135 0.0
310 -0.0009483717421362449 0.0
311 -0.0009568856669118786 0.0
312 -0.0009653966768478234 0.0
313 -0.0009739047460180672 0.0
314 -0.0009824098485055554 0.0
315 -0.000990911958402271 0.0
316 -0.0009994110498093129 0.0
317 -0.0010079070968369746 0.0
318 -0.0010164000736048234 0.0
319 -0.0010248899542417793 0.0
320 -0.0010333767128861931 0.0
321 -0.0010418603236859272 0.0
322 -0.0010503407607984306 0.0
323 -0.0010588179983908217 0.0
324 -0.0010672920106399647 0.0
325 -0.0010757627717325486 0.0
326 -0.0010842302558651661 0.0
327 -0.001092694437244392 0.0
328 -0.001101155290086862 0.0
329 -0.001109612788619351 0.0
330 -0.0011180669070788515 0.0
331 -0.0011265176197126528 0.0
332 -0.0011349649007784187 0.0
333 -0.0011434087245442662 0.0
334 -0.001151849065288843 0.0
335 -0.0011602858973014084 0.0
336 -0.0011687191948819083 0.0
337 -0.001177148932341056 0.0
338 -0.0011855750840004092 0.0
339 -0.0011939976241924486 0.0
340 -0.0012024165272606563 0.0
341 -0.0012108317675595932 0.0
342 -0.001219243319454978 0.0
343 -0.001227651157323765 0.0
344 -0.0012360552555542223 0.0
345 -0.0012444555885460086 0.0
346 -0.0012528521307102523 0.0
347 -0.0012612448564696312 0.0
348 -0.0012696337402584464 0.0
349 -0.001278018756522703 0.0
350 -0.0012863998797201868 0.0
351 -0.0012947770843205442 0.0
352 -0.0013031503448053562 0.0
353 -0.00131151963566822 0.0
354 -0.0013198849314148232 0.0
355 -0.001328246206563025 0.0
356 -0.0013366034356429315 0.0
357 -0.0013449565931969727 0.0
358 -0.0013533056537799826 0.0
359 -0.0013616505919592742 0.0
360 -0.0013699913823147193 0.0
361 -0.0013783279994388235 0.0
362 -0.0013866604179368059 0.0
363 -0.001394988612426674 0.0
364 -0.0014033125575393032 0.0
365 -0.001411632227918513 0.0
366 -0.0014199475982211447 0.0
367 -0.0014282586431171391 0.0
368 -0.001436565337289611 0.0
369 -0.0014448676554349295 0.0
370 -0.0014531655722627942 0.0
371 -0.001461459062496311 0.0
372 -0.0014697481008720708 0.0
373 -0.0014780326621402246 0.0
374 -0.0014863127210645623 0.0
375 -0.0014945882524225885 0.0
376 -0.001502859231005599 0.0
377 -0.0015111256316187598 0.0
378 -0.00151938742908118 0.0
379 -0.001527644598225992 0.0
380 -0.0015358971139004267 0.0
381 -0.0015441449509658904 0.0
382 -0.0015523880842980406 0.0
383 -0.0015606264887868635 0.0
384 -0.0015688601393367505 0.0
385 -0.0015770890108665744 0.0
386 -0.0015853130783097652 0.0
387 -0.001593532316614387 0.0
388 -0.0016017467007432146 0.0
389 -0.0016099562056738094 0.0
390 -0.0016181608063985961 0.0
391 -0.0016263604779249373 0.0
392 -0.0016345551952752118 0.0
393 -0.0016427449334868896 0.0
394 -0.0016509296676126075 0.0
395 -0.0016591093727202464 0.0
396 -0.0016672840238930048 0.0
397 -0.001675453596229479 0.0
398 -0.001683618064843734 0.0
399 -0.0016917774048653828 0.0
400 -0.0016999315914396603 0.0
401 -0.0017080805997275006 0.0
402 -0.001716224404905611 0.0
403 -0.001724362982166548 0.0
404 -0.0017324963067187947 0.0
405 -0.0017406243537868337 0.0
406 -0.0017487470986112242 0.0
407 -0.0017568645164486763 0.0
408 -0.0017649765825721274 0.0
409 -0.0017730832722708183 0.0
410 -0.0017811845608503652 0.0
411 -0.0017892804236328385 0.0
412 -0.001797370835956836 0.0
413 -0.0018054557731775592 0.0
414 -0.0018135352106668872 0.0
415 -0.0018216091238134515 0.0
416 -0.0018296774880227126 0.0
417 -0.001837740278717034 0.0
418 -0.0018457974713357575 0.0
419 -0.0018538490413352769 0.0
420 -0.0018618949641891125 0.0
421 -0.0018699352153879892 0.0
422 -0.0018779697704399071 0.0
423 -0.0018859986048702182 0.0
424 -0.0018940216942217 0.0
425 -0.0019020390140546315 0.0
426 -0.0019100505399468656 0.0
427 -0.0019180562474939056 0.0
428 -0.0019260561123089774 0.0
429 -0.0019340501100231053 0.0
430 -0.0019420382162851865 0.0
431 -0.0019500204067620635 0.0
432 -0.0019579966571386 0.0
433 -0.001965966943117755 0.0
434 -0.001973931240420653 0.0
435 -0.0019818895247866648 0.0
436 -0.001989841771973476 0.0
437 -0.0019977879577571618 0.0
438 -0.0020057280579322627 0.0
439 -0.002013662048311857 0.0
440 -0.0020215899047276334 0.0
441 -0.0020295116030299666 0.0
442 -0.00203742711908799 0.0
443 -0.0020453364287896683 0.0
444 -0.002053239508041873 0.0
445 -0.002061136332770453 0.0
446 -0.0020690268789203127 0.0
447 -0.0020769111224554788 0.0
448 -0.0020847890393591788 0.0
449 -0.0020926606056339107 0.0
450 -0.0021005257973015193 0.0
451 -0.0021083845904032662 0.0
452 -0.002116236960999905 0.0
453 -0.002124082885171753 0.0
454 -0.0021319223390187645 0.0
455 -0.0021397552986606038 0.0
456 -0.0021475817402367174 0.0
457 -0.0021554016399064064 0.0
458 -0.0021632149738489005 0.0
459 -0.0021710217182634296 0.0
460 -0.0021788218493692963 0.0
461 -0.0021866153434059485 0.0
462 -0.0021944021766330517 0.0
463 -0.002202182325330562 0.0
464 -0.0022099557657987963 0.0
465 -0.0022177224743585074 0.0
466 -0.002225482427350954 0.0
467 -0.0022332356011379737 0.0
468 -0.0022409819721020538 0.0
469 -0.0022487215166464057 0.0
470 -0.0022564542111950343 0.0
471 -0.002264180032192811 0.0
472 -0.0022718989561055455 0.0
473 -0.002279610959420056 0.0
474 -0.0022873160186442434 0.0
475 -0.0022950141103071616 0.0
476 -0.0023027052109590874 0.0
477 -0.002310389297171595 0.0
478 -0.002318066345537625 0.0
479 -0.0023257363326715575 0.0
480 -0.0023333992352092803 0.0
481 -0.0023410550298082634 0.0
482 -0.0023487036931476297 0.0
483 -0.0023563452019282234 0.0
484 -0.0023639795328726835 0.0
485 -0.0023716066627255147 0.0
486 -0.0023792265682531562 0.0
487 -0.0023868392262440547 0.0
488 -0.0023944446135087333 0.0
489 -0.0024020427068798633 0.0
490 -0.0024096334832123347 0.0
491 -0.0024172169193833267 0.0
492 -0.002424792992292377 0.0
493 -0.0024323616788614545 0.0
494 -0.002439922956035027 0.0
495 -0.0024474768007801324 0.0
496 -0.0024550231900864502 0.0
497 -0.0024625621009663696 0.0
498 -0.00247009351045506 0.0
499 -0.0024776173956105427 0.0
500 -0.002485133733513759 0.0
501 -0.0024926425012686392 0.0
502 -0.0025001436760021755 0.0
503 -0.0025076372348644886 0.0
504 -0.0025151231550288975 0.0
505 -0.0025226014136919923 0.0
506 -0.0025300719880737 0.0
507 -0.0025375348554173547 0.0
508 -0.0025449899929897695 0.0
509 -0.0025524373780813014 0.0
510 -0.0025598769880059245 0.0
511 -0.0025673088001012963 0.0
512 -0.0025747327917288285 0.0
513 -0.0025821489402737554 0.0
514 -0.0025895572231452017 0.0
515 -0.002596957617776253 0.0
516 -0.002604350101624025 0.0
517 -0.0026117346521697285 0.0
518 -0.0026191112469187428 0.0
519 -0.0026264798634006805 0.0
520 -0.0026338404791694577 0.0
521 -0.002641193071803363 0.0
522 -0.002648537618905123 0.0
523 -0.0026558740981019757 0.0
524 -0.0026632024870457314 0.0
525 -0.0026705227634128462 0.0
526 -0.002677834904904489 0.0
527 -0.002685138889246609 0.0
528 -0.0026924346941900037 0.0
529 -0.0026997222975103856 0.0
530 -0.0027070016770084503 0.0
531 -0.0027142728105099467 0.0
532 -0.0027215356758657403 0.0
533 -0.0027287902509518847 0.0
534 -0.0027360365136696848 0.0
535 -0.002743274441945768 0.0
536 -0.0027505040137321504 0.0
537 -0.0027577252070063014 0.0
538 -0.002764937999771214 0.0
539 -0.0027721423700554715 0.0
540 -0.002779338295913312 0.0
541 -0.002786525755424698 0.0
542 -0.0027937047266953807 0.0
543 -0.002800875187856969 0.0
544 -0.002808037117066994 0.0
545 -0.0028151904925089776 0.0
546 -0.0028223352923924974 0.0
547 -0.002829471494953255 0.0
548 -0.002836599078453138 0.0
549 -0.0028437180211802926 0.0
550 -0.0028508283014491843 0.0
551 -0.002857929897600666 0.0
552 -0.002865022788002044 0.0
553 -0.002872106951047145 0.0
554 -0.002879182365156378 0.0
555 -0.002886249008776806 0.0
556 -0.002893306860382207 0.0
557 -0.00290035589847314 0.0
558 -0.0029073961015770138 0.0
559 -0.0029144274482481476 0.0
560 -0.0029214499170678414 0.0
561 -0.002928463486644436 0.0
562 -0.002935468135613383 0.0
563 -0.0029424638426373065 0.0
564 -0.0029494505864060697 0.0
565 -0.0029564283456368387 0.0
566 -0.0029633970990741504 0.0
567 -0.002970356825489972 0.0
568 -0.0029773075036837703 0.0
569 -0.002984249112482573 0.0
570 -0.0029911816307410383 0.0
571 -0.002998105037341512 0.0
572 -0.0030050193111940955 0.0
573 -0.0030119244312367135 0.0
574 -0.0030188203764351723 0.0
575 -0.0030257071257832266 0.0
576 -0.0030325846583026434 0.0
577 -0.0030394529530432665 0.0
578 -0.0030463119890830784 0.0
579 -0.0030531617455282667 0.0
580 -0.003060002201513285 0.0
581 -0.003066833336200917 0.0
582 -0.003073655128782343 0.0
583 -0.0030804675584771993 0.0
584 -0.0030872706045336437 0.0
585 -0.0030940642462284175 0.0
586 -0.0031008484628669104 0.0
587 -0.0031076232337832223 0.0
588 -0.0031143885383402257 0.0
589 -0.0031211443559296297 0.0
590 -0.0031278906659720435 0.0
591 -0.0031346274479170343 0.0
592 -0.003141354681243197 0.0
593 -0.0031480723454582133 0.0
594 -0.0031547804200989116 0.0
595 -0.003161478884731334 0.0
596 -0.0031681677189507947 0.0
597 -0.003174846902381946 0.0
598 -0.0031815164146788357 0.0
599 -0.003188176235524973 0.0
600 -0.0031948263446333887 0.0
601 -0.0032014667217466976 0.0
602 -0.0032080973466371587 0.0
603 -0.003214718199106739 0.0
604 -0.0032213292589871735 0.0
605 -0.0032279305061400274 0.0
606 -0.003234521920456757 0.0
607 -0.0032411034818587716 0.0
608 -0.0032476751702974925 0.0
609 -0.0032542369657544185 0.0
610 -0.003260788848241182 0.0
611 -0.003267330797799613 0.0
612 -0.003273862794501798 0.0
613 -0.0032803848184501426 0.0
614 -0.0032868968497774304 0.0
615 -0.003293398868646886 0.0
616 -0.00329989085525223 0.0
617 -0.0033063727898177482 0.0
618 -0.0033128446525983414 0.0
619 -0.0033193064238795935 0.0
620 -0.00332575808397783 0.0
621 -0.003332199613240174 0.0
622 -0.0033386309920446105 0.0
623 -0.003345052200800045 0.0
624 -0.0033514632199463604 0.0
625 -0.0033578640299544824 0.0
626 -0.003364254611326433 0.0
627 -0.0033706349445953936 0.0
628 -0.0033770050103257613 0.0
629 -0.003383364789113212 0.0
630 -0.003389714261584756 0.0
631 -0.0033960534083987996 0.0
632 -0.0034023822102452017 0.0
633 -0.003408700647845335 0.0
634 -0.0034150087019521424 0.0
635 -0.0034213063533501966 0.0
636 -0.0034275935828557602 0.0
637 -0.003433870371316842 0.0
638 -0.0034401366996132544 0.0
639 -0.0034463925486566756 0.0
640 -0.003452637899390704 0.0
641 -0.0034588727327909186 0.0
642 -0.0034650970298649355 0.0
643 -0.0034713107716524668 0.0
644 -0.003477513939225377 0.0
645 -0.0034837065136877417 0.0
646 -0.0034898884761759047 0.0
647 -0.003496059807858537 0.0
648 -0.0035022204899366922 0.0
649 -0.003508370503643864 0.0
650 -0.0035145098302460432 0.0
651 -0.0035206384510417773 0.0
652 -0.0035267563473622247 0.0
653 -0.0035328635005712106 0.0
654 -0.0035389598920652896 0.0
655 -0.003545045503273794 0.0
656 -0.0035511203156588975 0.0
657 -0.0035571843107156677 0.0
658 -0.0035632374699721236 0.0
659 -0.003569279774989294 0.0
660 -0.003575311207361268 0.0
661 -0.0035813317487152583 0.0
662 -0.0035873413807116505 0.0
663 -0.0035933400850440642 0.0
664 -0.0035993278434394045 0.0
665 -0.0036053046376579223 0.0
666 -0.0036112704494932653 0.0
667 -0.0036172252607725355 0.0
668 -0.003623169053356346 0.0
669 -0.0036291018091388727 0.0
670 -0.003635023510047914 0.0
671 -0.0036409341380449407 0.0
672 -0.003646833675125156 0.0
673 -0.0036527221033175452 0.0
674 -0.0036585994046849364 0.0
675 -0.00366446556132405 0.0
676 -0.003670320555365555 0.0
677 -0.0036761643689741243 0.0
678 -0.0036819969843484885 0.0
679 -0.00368781838372149 0.0
680 -0.003693628549360135 0.0
681 -0.0036994274635656545 0.0
682 -0.0037052151086735467 0.0
683 -0.003710991467053643 0.0
684 -0.0037167565211101536 0.0
685 -0.003722510253281723 0.0
686 -0.0037282526460414873 0.0
687 -0.0037339836818971197 0.0
688 -0.003739703343390893 0.0
689 -0.0037454116130997256 0.0
690 -0.003751108473635238 0.0
691 -0.0037567939076438065 0.0
692 -0.003762467897806611 0.0
693 -0.0037681304268396944 0.0
694 -0.003773781477494011 0.0
695 -0.0037794210325554807 0.0
696 -0.00378504907484504 0.0
697 -0.0037906655872186968 0.0
698 -0.0037962705525675807 0.0
699 -0.003801863953817995 0.0
700 -0.003807445773931469 0.0
701 -0.0038130159959048108 0.0
702 -0.0038185746027701584 0.0
703 -0.003824121577595031 0.0
704 -0.0038296569034823816 0.0
705 -0.0038351805635706473 0.0
706 -0.0038406925410338012 0.0
707 -0.0038461928190814056 0.0
708 -0.003851681380958658 0.0
709 -0.003857158209946448 0.0
710 -0.0038626232893614037 0.0
711 -0.0038680766025559472 0.0
712 -0.003873518132918339 0.0
713 -0.0038789478638727344 0.0
714 -0.003884365778879232 0.0
715 -0.003889771861433922 0.0
716 -0.003895166095068941 0.0
717 -0.0039005484633525154 0.0
718 -0.00390591894988902 0.0
719 -0.003911277538319021 0.0
720 -0.0039166242123193275 0.0
721 -0.003921958955603046 0.0
722 -0.00392728175191962 0.0
723 -0.003932592585054891 0.0
724 -0.00393789143883114 0.0
725 -0.003943178297107139 0.0
726 -0.0039484531437782 0.0
727 -0.003953715962776227 0.0
728 -0.003958966738069759 0.0
729 -0.003964205453664025 0.0
730 -0.003969432093600988 0.0
731 -0.003974646641959397 0.0
732 -0.003979849082854834 0.0
733 -0.00398503940043976 0.0
734 -0.003990217578903569 0.0
735 -0.00399538360247263 0.0
736 -0.00400053745541034 0.0
737 -0.00400567912201717 0.0
738 -0.00401080858663071 0.0
739 -0.004015925833625723 0.0
740 -0.004021030847414187 0.0
741 -0.004026123612445343 0.0
742 -0.004031204113205747 0.0
743 -0.0040362723342193116 0.0
744 -0.004041328260047358 0.0
745 -0.0040463718752886575 0.0
746 -0.004051403164579486 0.0
747 -0.0040564221125936615 0.0
748 -0.004061428704042598 0.0
749 -0.004066422923675352 0.0
750 -0.004071404756278661 0.0
751 -0.004076374186677002 0.0
752 -0.004081331199732625 0.0
753 -0.004086275780345612 0.0
754 -0.00409120791345391 0.0
755 -0.004096127584033389 0.0
756 -0.004101034777097876 0.0
757 -0.004105929477699214 0.0
758 -0.004110811670927292 0.0
759 -0.004115681341910105 0.0
760 -0.00412053847581379 0.0
761 -0.004125383057842674 0.0
762 -0.004130215073239323 0.0
763 -0.004135034507284576 0.0
764 -0.004139841345297605 0.0
765 -0.004144635572635944 0.0
766 -0.004149417174695548 0.0
767 -0.004154186136910826 0.0
768 -0.004158942444754694 0.0
769 -0.004163686083738612 0.0
770 -0.004168417039412633 0.0
771 -0.004173135297365446 0.0
772 -0.0041778408432244195 0.0
773 -0.0041825336626556435 0.0
774 -0.004187213741363977 0.0
775 -0.004191881065093089 0.0
776 -0.0041965356196255 0.0
777 -0.0042011773907826315 0.0
778 -0.004205806364424844 0.0
779 -0.00421042252645148 0.0
780 -0.004215025862800909 0.0
781 -0.004219616359450571 0.0
782 -0.004224194002417017 0.0
783 -0.004228758777755952 0.0
784 -0.004233310671562279 0.0
785 -0.004237849669970141 0.0
786 -0.004242375759152961 0.0
787 -0.004246888925323485 0.0
788 -0.0042513891547338286 0.0
789 -0.004255876433675511 0.0
790 -0.004260350748479503 0.0
791 -0.004264812085516266 0.0
792 -0.004269260431195792 0.0
793 -0.00427369577196765 0.0
794 -0.004278118094321023 0.0
795 -0.00428252738478475 0.0
796 -0.004286923629927367 0.0
797 -0.0042913068163571485 0.0
798 -0.0042956769307221495 0.0
799 -0.004300033959710244 0.0
800 -0.004304377890049165 0.0
801 -0.004308708708506549 0.0
802 -0.00431302640188997 0.0
803 -0.004317330957046986 0.0
804 -0.004321622360865176 0.0
805 -0.004325900600272179 0.0
806 -0.0043301656622357345 0.0
807 -0.004334417533763727 0.0
808 -0.004338656201904217 0.0
809 -0.0043428816537454855 0.0
810 -0.004347093876416075 0.0
811 -0.004351292857084824 0.0
812 -0.004355478582960909 0.0
813 -0.0043596510412938815 0.0
814 -0.004363810219373713 0.0
815 -0.004367956104530824 0.0
816 -0.004372088684136129 0.0
817 -0.004376207945601076 0.0
818 -0.004380313876377676 0.0
819 -0.004384406463958557 0.0
820 -0.004388485695876983 0.0
821 -0.004392551559706909 0.0
822 -0.004396604043063007 0.0
823 -0.004400643133600711 0.0
824 -0.00440466881901625 0.0
825 -0.004408681087046689 0.0
826 -0.004412679925469962 0.0
827 -0.004416665322104915 0.0
828 -0.004420637264811339 0.0
829 -0.004424595741490007 0.0
830 -0.004428540740082712 0.0
831 -0.004432472248572306 0.0
832 -0.00443639025498273 0.0
833 -0.004440294747379059 0.0
834 -0.00444418571386753 0.0
835 -0.004448063142595587 0.0
836 -0.004451927021751907 0.0
837 -0.004455777339566445 0.0
838 -0.004459614084310465 0.0
839 -0.0044634372442965775 0.0
840 -0.004467246807878775 0.0
841 -0.004471042763452464 0.0
842 -0.004474825099454508 0.0
843 -0.004478593804363253 0.0
844 -0.004482348866698572 0.0
845 -0.004486090275021894 0.0
846 -0.00448981801793624 0.0
847 -0.004493532084086258 0.0
848 -0.004497232462158259 0.0
849 -0.004500919140880249 0.0
850 -0.004504592109021966 0.0
851 -0.004508251355394912 0.0
852 -0.004511896868852388 0.0
853 -0.004515528638289527 0.0
854 -0.00451914665264333 0.0
855 -0.004522750900892698 0.0
856 -0.004526341372058466 0.0
857 -0.004529918055203435 0.0
858 -0.00453348093943241 0.0
859 -0.004537030013892225 0.0
860 -0.0045405652677717855 0.0
861 -0.004544086690302094 0.0
862 -0.004547594270756288 0.0
863 -0.004551087998449669 0.0
864 -0.004554567862739735 0.0
865 -0.004558033853026219 0.0
866 -0.004561485958751109 0.0
867 -0.004564924169398696 0.0
868 -0.004568348474495594 0.0
869 -0.004571758863610772 0.0
870 -0.004575155326355598 0.0
871 -0.004578537852383854 0.0
872 -0.004581906431391782 0.0
873 -0.004585261053118104 0.0
874 -0.004588601707344061 0.0
875 -0.004591928383893441 0.0
876 -0.004595241072632611 0.0
877 -0.004598539763470545 0.0
878 -0.00460182444635886 0.0
879 -0.004605095111291842 0.0
880 -0.004608351748306477 0.0
881 -0.0046115943474824865 0.0
882 -0.00461482289894235 0.0
883 -0.0046180373928513384 0.0
884 -0.004621237819417546 0.0
885 -0.0046244241688919215 0.0
886 -0.004627596431568288 0.0
887 -0.004630754597783385 0.0
888 -0.004633898657916892 0.0
889 -0.004637028602391453 0.0
890 -0.004640144421672717 0.0
891 -0.004643246106269358 0.0
892 -0.004646333646733105 0.0
893 -0.004649407033658777 0.0
894 -0.004652466257684302 0.0
895 -0.0046555113094907535 0.0
896 -0.004658542179802377 0.0
897 -0.0046615588593866145 0.0
898 -0.004664561339054137 0.0
899 -0.004667549609658872 0.0
900 -0.004670523662098027 0.0
901 -0.004673483487312125 0.0
902 -0.004676429076285022 0.0
903 -0.004679360420043946 0.0
904 -0.004682277509659514 0.0
905 -0.004685180336245765 0.0
906 -0.004688068890960187 0.0
907 -0.004690943165003739 0.0
908 -0.004693803149620887 0.0
909 -0.00469664883609962 0.0
910 -0.004699480215771484 0.0
911 -0.004702297280011604 0.0
912 -0.004705100020238717 0.0
913 -0.004707888427915187 0.0
914 -0.004710662494547042 0.0
915 -0.004713422211683994 0.0
916 -0.0047161675709194665 0.0
917 -0.004718898563890617 0.0
918 -0.00472161518227837 0.0
919 -0.004724317417807433 0.0
920 -0.004727005262246329 0.0
921 -0.004729678707407417 0.0
922 -0.0047323377451469195 0.0
923 -0.004734982367364946 0.0
924 -0.00473761256600552 0.0
925 -0.004740228333056599 0.0
926 -0.004742829660550102 0.0
927 -0.004745416540561938 0.0
928 -0.004747988965212018 0.0
929 -0.004750546926664292 0.0
930 -0.004753090417126765 0.0
931 -0.004755619428851526 0.0
932 -0.004758133954134765 0.0
933 -0.0047606339853168015 0.0
934 -0.004763119514782108 0.0
935 -0.004765590534959331 0.0
936 -0.004768047038321313 0.0
937 -0.0047704890173851195 0.0
938 -0.004772916464712059 0.0
939 -0.004775329372907707 0.0
940 -0.004777727734621925 0.0
941 -0.004780111542548887 0.0
942 -0.004782480789427102 0.0
943 -0.004784835468039433 0.0
944 -0.00478717557121312 0.0
945 -0.0047895010918198025 0.0
946 -0.004791812022775542 0.0
947 -0.004794108357040842 0.0
948 -0.0047963900876206705 0.0
949 -0.004798657207564481 0.0
950 -0.004800909709966231 0.0
951 -0.004803147587964408 0.0
952 -0.004805370834742049 0.0
953 -0.004807579443526757 0.0
954 -0.0048097734075907275 0.0
955 -0.0048119527202507666 0.0
956 -0.004814117374868308 0.0
957 -0.00481626736484944 0.0
958 -0.004818402683644919 0.0
959 -0.004820523324750193 0.0
960 -0.004822629281705424 0.0
961 -0.004824720548095499 0.0
962 -0.00482679711755006 0.0
963 -0.004828858983743516 0.0
964 -0.004830906140395064 0.0
965 -0.0048329385812687095 0.0
966 -0.004834956300173288 0.0
967 -0.004836959290962475 0.0
968 -0.004838947547534813 0.0
969 -0.004840921063833729 0.0
970 -0.0048428798338475505 0.0
971 -0.004844823851609523 0.0
972 -0.004846753111197832 0.0
973 -0.004848667606735618 0.0
974 -0.004850567332390996 0.0
975 -0.0048524522823770715 0.0
976 -0.00485432245095196 0.0
977 -0.004856177832418805 0.0
978 -0.004858018421125791 0.0
979 -0.004859844211466166 0.0
980 -0.004861655197878257 0.0
981 -0.004863451374845484 0.0
982 -0.004865232736896381 0.0
983 -0.004866999278604611 0.0
984 -0.004868750994588981 0.0
985 -0.00487048787951346 0.0
986 -0.004872209928087196 0.0
987 -0.004873917135064529 0.0
988 -0.004875609495245012 0.0
989 -0.004877287003473422 0.0
990 -0.004878949654639779 0.0
991 -0.004880597443679356 0.0
992 -0.0048822303655727045 0.0
993 -0.004883848415345661 0.0
994 -0.004885451588069365 0.0
995 -0.004887039878860273 0.0
996 -0.0048886132828801785 0.0
997 -0.004890171795336218 0.0
998 -0.004891715411480892 0.0
999 -0.00489324412661208 0.0
1000 -0.004894757936073049 0.0
1001 -0.004896256835252474 0.0
1002 -0.004897740819584447 0.0
1003 -0.004899209884548494 0.0
1004 -0.00490066402566959 0.0
1005 -0.0049021032385181676 0.0
1006 -0.004903527518710135 0.0
1007 -0.004904936861906889 0.0
1008 -0.0049063312638153245 0.0
1009 -0.004907710720187852 0.0
1010 -0.004909075226822409 0.0
1011 -0.004910424779562469 0.0
1012 -0.004911759374297062 0.0
1013 -0.0049130790069607825 0.0
1014 -0.004914383673533798 0.0
1015 -0.004915673370041868 0.0
1016 -0.004916948092556356 0.0
1017 -0.004918207837194234 0.0
1018 -0.0049194526001181006 0.0
1019 -0.004920682377536193 0.0
1020 -0.004921897165702398 0.0
1021 -0.004923096960916256 0.0
1022 -0.004924281759522986 0.0
1023 -0.004925451557913485 0.0
1024 -0.004926606352524344 0.0
1025 -0.004927746139837858 0.0
1026 -0.004928870916382038 0.0
1027 -0.004929980678730619 0.0
1028 -0.004931075423503073 0.0
1029 -0.004932155147364617 0.0
1030 -0.004933219847026225 0.0
1031 -0.0049342695192446375 0.0
1032 -0.004935304160822371 0.0
1033 -0.004936323768607726 0.0
1034 -0.004937328339494803 0.0
1035 -0.0049383178704235035 0.0
1036 -0.004939292358379545 0.0
1037 -0.004940251800394468 0.0
1038 -0.004941196193545646 0.0
1039 -0.004942125534956293 0.0
1040 -0.004943039821795474 0.0
1041 -0.004943939051278115 0.0
1042 -0.004944823220665004 0.0
1043 -0.004945692327262808 0.0
1044 -0.004946546368424079 0.0
1045 -0.004947385341547259 0.0
1046 -0.004948209244076691 0.0
1047 -0.004949018073502624 0.0
1048 -0.004949811827361222 0.0
1049 -0.004950590503234577 0.0
1050 -0.004951354098750704 0.0
1051 -0.004952102611583559 0.0
1052 -0.004952836039453044 0.0
1053 -0.0049535543801250085 0.0
1054 -0.004954257631411262 0.0
1055 -0.004954945791169582 0.0
1056 -0.004955618857303711 0.0
1057 -0.004956276827763375 0.0
1058 -0.004956919700544281 0.0
1059 -0.004957547473688128 0.0
1060 -0.0049581601452826085 0.0
1061 -0.00495875771346142 0.0
1062 -0.004959340176404266 0.0
1063 -0.004959907532336863 0.0
1064 -0.004960459779530946 0.0
1065 -0.004960996916304275 0.0
1066 -0.004961518941020639 0.0
1067 -0.004962025852089858 0.0
1068 -0.0049625176479677945 0.0
1069 -0.0049629943271563524 0.0
1070 -0.004963455888203485 0.0
1071 -0.004963902329703197 0.0
1072 -0.004964333650295549 0.0
1073 -0.004964749848666666 0.0
1074 -0.004965150923548733 0.0
1075 -0.004965536873720007 0.0
1076 -0.004965907698004818 0.0
1077 -0.004966263395273571 0.0
1078 -0.004966603964442749 0.0
1079 -0.004966929404474921 0.0
1080 -0.0049672397143787385 0.0
1081 -0.004967534893208944 0.0
1082 -0.004967814940066372 0.0
1083 -0.0049680798540979515 0.0
1084 -0.004968329634496708 0.0
1085 -0.004968564280501768 0.0
1086 -0.0049687837913983575 0.0
1087 -0.00496898816651781 0.0
1088 -0.004969177405237561 0.0
1089 -0.00496935150698116 0.0
1090 -0.00496951047121826 0.0
1091 -0.004969654297464628 0.0
1092 -0.004969782985282147 0.0
1093 -0.00496989653427881 0.0
1094 -0.004969994944108727 0.0
1095 -0.004970078214472125 0.0
1096 -0.004970146345115348 0.0
1097 -0.004970199335830858 0.0
1098 -0.0049702371864572365 0.0
1099 -0.004970259896879183 0.0
1100 -0.004970267467027519 0.0
1101 -0.004970259896879183 0.0
1102 -0.0049702371864572365 0.0
1103 -0.004970199335830858 0.0
1104 -0.004970146345115348 0.0
1105 -0.004970078214472125 0.0
1106 -0.004969994944108727 0.0
1107 -0.00496989653427881 0.0
1108 -0.004969782985282147 0.0
1109 -0.004969654297464628 0.0
1110 -0.00496951047121826 0.0
1111 -0.00496935150698116 0.0
1112 -0.004969177405237561 0.0
1113 -0.00496898816651781 0.0
1114 -0.0049687837913983575 0.0
1115 -0.004968564280501768 0.0
1116 -0.004968329634496708 0.0
1117 -0.0049680798540979515 0.0
1118 -0.004967814940066372 0.0
1119 -0.004967534893208944 0.0
1120 -0.0049672397143787385 0.0
1121 -0.004966929404474921 0.0
1122 -0.004966603964442749 0.0
1123 -0.004966263395273571 0.0
1124 -0.004965907698004818 0.0
1125 -0.004965536873720007 0.0
1126 -0.004965150923548733 0.0
1127 -0.004964749848666666 0.0
1128 -0.00496433365029555 0.0
1129 -0.004963902329703197 0.0
1130 -0.004963455888203485 0.0
1131 -0.0049629943271563524 0.0
1132 -0.0049625176479677945 0.0
1133 -0.004962025852089858 0.0
1134 -0.004961518941020639 0.0
1135 -0.004960996916304275 0.0
1136 -0.004960459779530946 0.0
1137 -0.004959907532336863 0.0
1138 -0.004959340176404266 0.0
1139 -0.00495875771346142 0.0
1140 -0.0049581601452826085 0.0
1141 -0.004957547473688128 0.0
1142 -0.004956919700544281 0.0
1143 -0.004956276827763375 0.0
1144 -0.004955618857303711 0.0
1145 -0.004954945791169582 0.0
1146 -0.004954257631411262 0.0
1147 -0.0049535543801250085 0.0
1148 -0.004952836039453044 0.0
1149 -0.004952102611583559 0.0
1150 -0.004951354098750704 0.0
1151 -0.004950590503234577 0.0
1152 -0.004949811827361222 0.0
1153 -0.004949018073502624 0.0
1154 -0.004948209244076691 0.0
1155 -0.0049473853415472595 0.0
1156 -0.004946546368424079 0.0
1157 -0.004945692327262809 0.0
1158 -0.004944823220665004 0.0
1159 -0.004943939051278115 0.0
1160 -0.004943039821795475 0.0
1161 -0.004942125534956293 0.0
1162 -0.004941196193545646 0.0
1163 -0.004940251800394468 0.0
1164 -0.004939292358379545 0.0
1165 -0.0049383178704235035 0.0
1166 -0.004937328339494803 0.0
1167 -0.004936323768607726 0.0
1168 -0.004935304160822371 0.0
1169 -0.0049342695192446375 0.0
1170 -0.004933219847026225 0.0
1171 -0.004932155147364618 0.0
1172 -0.004931075423503073 0.0
1173 -0.004929980678730619 0.0
1174 -0.004928870916382038 0.0
1175 -0.0049277461398378585 0.0
1176 -0.004926606352524344 0.0
1177 -0.004925451557913485 0.0
1178 -0.004924281759522986 0.0
1179 -0.004923096960916256 0.0
1180 -0.004921897165702398 0.0
1181 -0.004920682377536193 0.0
1182 -0.0049194526001181006 0.0
1183 -0.004918207837194234 0.0
1184 -0.004916948092556356 0.0
1185 -0.004915673370041868 0.0
1186 -0.004914383673533798 0.0
1187 -0.0049130790069607825 0.0
1188 -0.004911759374297062 0.0
1189 -0.004910424779562469 0.0
1190 -0.004909075226822408 0.0
1191 -0.004907710720187852 0.0
1192 -0.0049063312638153245 0.0
1193 -0.00490493686190689 0.0
1194 -0.004903527518710136 0.0
1195 -0.0049021032385181676 0.0
1196 -0.0049006640256695905 0.0
1197 -0.004899209884548494 0.0
1198 -0.0048977408195844474 0.0
1199 -0.004896256835252474 0.0
1200 -0.004894757936073049 0.0
1201 -0.004893244126612081 0.0
1202 -0.004891715411480893 0.0
1203 -0.004890171795336218 0.0
1204 -0.0048886132828801785 0.0
1205 -0.004887039878860274 0.0
1206 -0.004885451588069365 0.0
1207 -0.004883848415345661 0.0
1208 -0.0048822303655727045 0.0
1209 -0.004880597443679356 0.0
1210 -0.004878949654639779 0.0
1211 -0.004877287003473423 0.0
1212 -0.004875609495245013 0.0
1213 -0.004873917135064529 0.0
1214 -0.004872209928087196 0.0
1215 -0.00487048787951346 0.0
1216 -0.004868750994588981 0.0
1217 -0.004866999278604612 0.0
1218 -0.004865232736896381 0.0
1219 -0.004863451374845484 0.0
1220 -0.004861655197878257 0.0
1221 -0.004859844211466166 0.0
1222 -0.004858018421125791 0.0
1223 -0.004856177832418805 0.0
1224 -0.00485432245095196 0.0
1225 -0.0048524522823770715 0.0
1226 -0.004850567332390996 0.0
1227 -0.004848667606735618 0.0
1228 -0.004846753111197832 0.0
1229 -0.004844823851609523 0.0
1230 -0.0048428798338475505 0.0
1231 -0.004840921063833729 0.0
1232 -0.004838947547534813 0.0
1233 -0.004836959290962475 0.0
1234 -0.004834956300173288 0.0
1235 -0.00483293858126871 0.0
1236 -0.004830906140395063 0.0
1237 -0.004828858983743516 0.0
1238 -0.00482679711755006 0.0
1239 -0.004824720548095499 0.0
1240 -0.004822629281705424 0.0
1241 -0.004820523324750193 0.0
1242 -0.004818402683644919 0.0
1243 -0.00481626736484944 0.0
1244 -0.004814117374868309 0.0
1245 -0.0048119527202507666 0.0
1246 -0.004809773407590728 0.0
1247 -0.004807579443526757 0.0
1248 -0.004805370834742049 0.0
1249 -0.004803147587964409 0.0
1250 -0.004800909709966231 0.0
1251 -0.004798657207564481 0.0
1252 -0.004796390087620671 0.0
1253 -0.004794108357040843 0.0
1254 -0.004791812022775542 0.0
1255 -0.0047895010918198025 0.0
1256 -0.00478717557121312 0.0
1257 -0.004784835468039433 0.0
1258 -0.004782480789427102 0.0
1259 -0.004780111542548887 0.0
1260 -0.004777727734621925 0.0
1261 -0.004775329372907707 0.0
1262 -0.00477291646471206 0.0
1263 -0.00477048901738512 0.0
1264 -0.004768047038321313 0.0
1265 -0.004765590534959331 0.0
1266 -0.004763119514782108 0.0
1267 -0.004760633985316802 0.0
1268 -0.004758133954134765 0.0
1269 -0.004755619428851526 0.0
1270 -0.004753090417126766 0.0
1271 -0.004750546926664293 0.0
1272 -0.004747988965212018 0.0
1273 -0.004745416540561938 0.0
1274 -0.004742829660550103 0.0
1275 -0.004740228333056599 0.0
1276 -0.00473761256600552 0.0
1277 -0.004734982367364946 0.0
1278 -0.0047323377451469195 0.0
1279 -0.004729678707407417 0.0
1280 -0.004727005262246329 0.0
1281 -0.004724317417807434 0.0
1282 -0.00472161518227837 0.0
1283 -0.004718898563890617 0.0
1284 -0.0047161675709194665 0.0
1285 -0.004713422211683995 0.0
1286 -0.004710662494547042 0.0
1287 -0.004707888427915187 0.0
1288 -0.004705100020238717 0.0
1289 -0.004702297280011605 0.0
1290 -0.004699480215771484 0.0
1291 -0.00469664883609962 0.0
1292 -0.004693803149620888 0.0
1293 -0.00469094316500374 0.0
1294 -0.004688068890960187 0.0
1295 -0.004685180336245765 0.0
1296 -0.004682277509659514 0.0
1297 -0.004679360420043946 0.0
1298 -0.004676429076285022 0.0
1299 -0.004673483487312125 0.0
1300 -0.004670523662098028 0.0
1301 -0.004667549609658872 0.0
1302 -0.004664561339054137 0.0
1303 -0.0046615588593866145 0.0
1304 -0.004658542179802377 0.0
1305 -0.0046555113094907535 0.0
1306 -0.004652466257684302 0.0
1307 -0.004649407033658777 0.0
1308 -0.004646333646733106 0.0
1309 -0.004643246106269358 0.0
1310 -0.004640144421672717 0.0
1311 -0.004637028602391454 0.0
1312 -0.004633898657916892 0.0
1313 -0.004630754597783386 0.0
1314 -0.004627596431568288 0.0
1315 -0.0046244241688919215 0.0
1316 -0.004621237819417546 0.0
1317 -0.0046180373928513384 0.0
1318 -0.00461482289894235 0.0
1319 -0.0046115943474824865 0.0
1320 -0.004608351748306478 0.0
1321 -0.004605095111291842 0.0
1322 -0.0046018244463588605 0.0
1323 -0.004598539763470545 0.0
1324 -0.004595241072632611 0.0
1325 -0.004591928383893441 0.0
1326 -0.004588601707344062 0.0
1327 -0.004585261053118105 0.0
1328 -0.004581906431391782 0.0
1329 -0.004578537852383855 0.0
1330 -0.004575155326355598 0.0
1331 -0.004571758863610774 0.0
1332 -0.004568348474495593 0.0
1333 -0.004564924169398696 0.0
1334 -0.00456148595875111 0.0
1335 -0.004558033853026219 0.0
1336 -0.004554567862739736 0.0
1337 -0.004551087998449669 0.0
1338 -0.004547594270756288 0.0
1339 -0.004544086690302094 0.0
1340 -0.0045405652677717855 0.0
1341 -0.004537030013892225 0.0
1342 -0.004533480939432409 0.0
1343 -0.0045299180552034355 0.0
1344 -0.004526341372058466 0.0
1345 -0.004522750900892699 0.0
1346 -0.004519146652643331 0.0
1347 -0.004515528638289527 0.0
1348 -0.004511896868852387 0.0
1349 -0.004508251355394912 0.0
1350 -0.004504592109021967 0.0
1351 -0.004500919140880248 0.0
1352 -0.004497232462158258 0.0
1353 -0.004493532084086258 0.0
1354 -0.00448981801793624 0.0
1355 -0.004486090275021894 0.0
1356 -0.004482348866698572 0.0
1357 -0.004478593804363253 0.0
1358 -0.004474825099454508 0.0
1359 -0.004471042763452465 0.0
1360 -0.0044672468078787745 0.0
1361 -0.004463437244296578 0.0
1362 -0.0044596140843104655 0.0
1363 -0.0044557773395664454 0.0
1364 -0.004451927021751907 0.0
1365 -0.004448063142595586 0.0
1366 -0.004444185713867531 0.0
1367 -0.004440294747379059 0.0
1368 -0.004436390254982731 0.0
1369 -0.004432472248572306 0.0
1370 -0.004428540740082713 0.0
1371 -0.004424595741490007 0.0
1372 -0.00442063726481134 0.0
1373 -0.004416665322104917 0.0
1374 -0.004412679925469962 0.0
1375 -0.0044086810870466895 0.0
1376 -0.004404668819016251 0.0
1377 -0.004400643133600712 0.0
1378 -0.004396604043063007 0.0
1379 -0.00439255155970691 0.0
1380 -0.004388485695876985 0.0
1381 -0.004384406463958557 0.0
1382 -0.004380313876377677 0.0
1383 -0.004376207945601076 0.0
1384 -0.004372088684136129 0.0
1385 -0.004367956104530824 0.0
1386 -0.004363810219373713 0.0
1387 -0.0043596510412938815 0.0
1388 -0.004355478582960907 0.0
1389 -0.004351292857084824 0.0
1390 -0.004347093876416075 0.0
1391 -0.004342881653745486 0.0
1392 -0.004338656201904216 0.0
1393 -0.004334417533763727 0.0
1394 -0.004330165662235735 0.0
1395 -0.004325900600272179 0.0
1396 -0.004321622360865176 0.0
1397 -0.004317330957046986 0.0
1398 -0.00431302640188997 0.0
1399 -0.00430870870850655 0.0
1400 -0.004304377890049166 0.0
1401 -0.004300033959710244 0.0
1402 -0.0042956769307221495 0.0
1403 -0.004291306816357149 0.0
1404 -0.004286923629927367 0.0
1405 -0.0042825273847847505 0.0
1406 -0.004278118094321023 0.0
1407 -0.0042736957719676505 0.0
1408 -0.004269260431195792 0.0
1409 -0.004264812085516266 0.0
1410 -0.004260350748479504 0.0
1411 -0.004255876433675511 0.0
1412 -0.004251389154733829 0.0
1413 -0.004246888925323486 0.0
1414 -0.004242375759152962 0.0
1415 -0.004237849669970141 0.0
1416 -0.004233310671562279 0.0
1417 -0.0042287587777559525 0.0
1418 -0.004224194002417017 0.0
1419 -0.0042196163594505716 0.0
1420 -0.0042150258628009096 0.0
1421 -0.004210422526451479 0.0
1422 -0.004205806364424844 0.0
1423 -0.004201177390782632 0.0
1424 -0.0041965356196255 0.0
1425 -0.004191881065093088 0.0
1426 -0.004187213741363977 0.0
1427 -0.0041825336626556435 0.0
1428 -0.0041778408432244195 0.0
1429 -0.004173135297365445 0.0
1430 -0.004168417039412633 0.0
1431 -0.004163686083738612 0.0
1432 -0.0041589424447546946 0.0
1433 -0.004154186136910826 0.0
1434 -0.004149417174695548 0.0
1435 -0.0041446355726359446 0.0
1436 -0.004139841345297605 0.0
1437 -0.004135034507284577 0.0
1438 -0.004130215073239322 0.0
1439 -0.004125383057842675 0.0
1440 -0.00412053847581379 0.0
1441 -0.004115681341910106 0.0
1442 -0.004110811670927293 0.0
1443 -0.004105929477699214 0.0
1444 -0.004101034777097877 0.0
1445 -0.00409612758403339 0.0
1446 -0.004091207913453912 0.0
1447 -0.004086275780345612 0.0
1448 -0.004081331199732626 0.0
1449 -0.004076374186677002 0.0
1450 -0.004071404756278662 0.0
1451 -0.0040664229236753524 0.0
1452 -0.004061428704042599 0.0
1453 -0.004056422112593662 0.0
1454 -0.004051403164579487 0.0
1455 -0.004046371875288658 0.0
1456 -0.004041328260047358 0.0
1457 -0.004036272334219312 0.0
1458 -0.004031204113205746 0.0
1459 -0.004026123612445342 0.0
1460 -0.004021030847414187 0.0
1461 -0.004015925833625722 0.0
1462 -0.0040108085866307095 0.0
1463 -0.00400567912201717 0.0
1464 -0.004000537455410341 0.0
1465 -0.00399538360247263 0.0
1466 -0.003990217578903568 0.0
1467 -0.0039850394004397605 0.0
1468 -0.003979849082854834 0.0
1469 -0.003974646641959399 0.0
1470 -0.003969432093600988 0.0
1471 -0.003964205453664025 0.0
1472 -0.003958966738069759 0.0
1473 -0.003953715962776228 0.0
1474 -0.003948453143778201 0.0
1475 -0.003943178297107139 0.0
1476 -0.00393789143883114 0.0
1477 -0.003932592585054892 0.0
1478 -0.003927281751919621 0.0
1479 -0.003921958955603045 0.0
1480 -0.003916624212319328 0.0
1481 -0.003911277538319021 0.0
1482 -0.003905918949889021 0.0
1483 -0.0039005484633525167 0.0
1484 -0.003895166095068941 0.0
1485 -0.003889771861433923 0.0
1486 -0.003884365778879233 0.0
1487 -0.0038789478638727357 0.0
1488 -0.0038735181329183407 0.0
1489 -0.0038680766025559477 0.0
1490 -0.003862623289361405 0.0
1491 -0.003857158209946449 0.0
1492 -0.0038516813809586583 0.0
1493 -0.003846192819081406 0.0
1494 -0.0038406925410338025 0.0
1495 -0.003835180563570647 0.0
1496 -0.0038296569034823816 0.0
1497 -0.0038241215775950315 0.0
1498 -0.0038185746027701575 0.0
1499 -0.0038130159959048108 0.0
1500 -0.003807445773931469 0.0
1501 -0.0038018639538179954 0.0
1502 -0.0037962705525675803 0.0
1503 -0.0037906655872186968 0.0
1504 -0.00378504907484504 0.0
1505 -0.0037794210325554807 0.0
1506 -0.0037737814774940113 0.0
1507 -0.0037681304268396935 0.0
1508 -0.003762467897806611 0.0
1509 -0.003756793907643807 0.0
1510 -0.0037511084736352395 0.0
1511 -0.0037454116130997256 0.0
1512 -0.003739703343390893 0.0
1513 -0.00373398368189712 0.0
1514 -0.0037282526460414877 0.0
1515 -0.0037225102532817238 0.0
1516 -0.003716756521110153 0.0
1517 -0.003710991467053643 0.0
1518 -0.003705215108673547 0.0
1519 -0.003699427463565655 0.0
1520 -0.003693628549360137 0.0
1521 -0.00368781838372149 0.0
1522 -0.0036819969843484898 0.0
1523 -0.0036761643689741256 0.0
1524 -0.003670320555365556 0.0
1525 -0.00366446556132405 0.0
1526 -0.0036585994046849373 0.0
1527 -0.003652722103317546 0.0
1528 -0.0036468336751251567 0.0
1529 -0.003640934138044941 0.0
1530 -0.0036350235100479147 0.0
1531 -0.003629101809138874 0.0
1532 -0.0036231690533563457 0.0
1533 -0.003617225260772536 0.0
1534 -0.0036112704494932653 0.0
1535 -0.003605304637657922 0.0
1536 -0.0035993278434394045 0.0
1537 -0.0035933400850440642 0.0
1538 -0.003587341380711651 0.0
1539 -0.003581331748715258 0.0
1540 -0.003575311207361268 0.0
1541 -0.003569279774989294 0.0
1542 -0.003563237469972125 0.0
1543 -0.003557184310715668 0.0
1544 -0.0035511203156588966 0.0
1545 -0.003545045503273794 0.0
1546 -0.0035389598920652896 0.0
1547 -0.003532863500571212 0.0
1548 -0.003526756347362224 0.0
1549 -0.0035206384510417773 0.0
1550 -0.0035145098302460437 0.0
1551 -0.0035083705036438647 0.0
1552 -0.0035022204899366935 0.0
1553 -0.003496059807858537 0.0
1554 -0.0034898884761759056 0.0
1555 -0.003483706513687742 0.0
1556 -0.0034775139392253782 0.0
1557 -0.0034713107716524668 0.0
1558 -0.0034650970298649364 0.0
1559 -0.0034588727327909195 0.0
1560 -0.0034526378993907053 0.0
1561 -0.003446392548656677 0.0
1562 -0.0034401366996132544 0.0
1563 -0.003433870371316842 0.0
1564 -0.003427593582855762 0.0
1565 -0.0034213063533501983 0.0
1566 -0.003415008701952143 0.0
1567 -0.0034087006478453357 0.0
1568 -0.0034023822102452026 0.0
1569 -0.0033960534083987996 0.0
1570 -0.0033897142615847563 0.0
1571 -0.0033833647891132125 0.0
1572 -0.003377005010325761 0.0
1573 -0.003370634944595393 0.0
1574 -0.0033642546113264336 0.0
1575 -0.0033578640299544837 0.0
1576 -0.0033514632199463604 0.0
1577 -0.003345052200800045 0.0
1578 -0.0033386309920446105 0.0
1579 -0.003332199613240174 0.0
1580 -0.003325758083977829 0.0
1581 -0.0033193064238795935 0.0
1582 -0.0033128446525983414 0.0
1583 -0.0033063727898177487 0.0
1584 -0.003299890855252231 0.0
1585 -0.0032933988686468852 0.0
1586 -0.0032868968497774304 0.0
1587 -0.003280384818450143 0.0
1588 -0.0032738627945017988 0.0
1589 -0.003267330797799614 0.0
1590 -0.003260788848241182 0.0
1591 -0.003254236965754419 0.0
1592 -0.0032476751702974933 0.0
1593 -0.0032411034818587725 0.0
1594 -0.003234521920456757 0.0
1595 -0.003227930506140028 0.0
1596 -0.003221329258987174 0.0
1597 -0.0032147181991067403 0.0
1598 -0.0032080973466371604 0.0
1599 -0.003201466721746698 0.0
1600 -0.00319482634463339 0.0
1601 -0.0031881762355249746 0.0
1602 -0.0031815164146788374 0.0
1603 -0.0031748469023819463 0.0
1604 -0.0031681677189507955 0.0
1605 -0.003161478884731335 0.0
1606 -0.0031547804200989116 0.0
1607 -0.0031480723454582133 0.0
1608 -0.003141354681243198 0.0
1609 -0.003134627447917034 0.0
1610 -0.0031278906659720426 0.0
1611 -0.0031211443559296306 0.0
1612 -0.0031143885383402253 0.0
1613 -0.0031076232337832223 0.0
1614 -0.0031008484628669104 0.0
1615 -0.003094064246228418 0.0
1616 -0.003087270604533644 0.0
1617 -0.003080467558477199 0.0
1618 -0.0030736551287823427 0.0
1619 -0.003066833336200917 0.0
1620 -0.0030600022015132853 0.0
1621 -0.0030531617455282676 0.0
1622 -0.0030463119890830784 0.0
1623 -0.0030394529530432665 0.0
1624 -0.0030325846583026442 0.0
1625 -0.003025707125783228 0.0
1626 -0.003018820376435172 0.0
1627 -0.0030119244312367135 0.0
1628 -0.003005019311194096 0.0
1629 -0.0029981050373415123 0.0
1630 -0.00299118163074104 0.0
1631 -0.0029842491124825736 0.0
1632 -0.0029773075036837707 0.0
1633 -0.0029703568254899728 0.0
1634 -0.0029633970990741517 0.0
1635 -0.0029564283456368387 0.0
1636 -0.0029494505864060697 0.0
1637 -0.002942463842637307 0.0
1638 -0.0029354681356133843 0.0
1639 -0.002928463486644438 0.0
1640 -0.002921449917067842 0.0
1641 -0.002914427448248149 0.0
1642 -0.002907396101577015 0.0
1643 -0.00290035589847314 0.0
1644 -0.0028933068603822073 0.0
1645 -0.0028862490087768066 0.0
1646 -0.0028791823651563775 0.0
1647 -0.0028721069510471444 0.0
1648 -0.0028650227880020443 0.0
1649 -0.002857929897600665 0.0
1650 -0.002850828301449184 0.0
1651 -0.0028437180211802926 0.0
1652 -0.002836599078453139 0.0
1653 -0.0028294714949532555 0.0
1654 -0.002822335292392497 0.0
1655 -0.0028151904925089776 0.0
1656 -0.002808037117066994 0.0
1657 -0.0028008751878569695 0.0
1658 -0.0027937047266953802 0.0
1659 -0.0027865257554246983 0.0
1660 -0.002779338295913313 0.0
1661 -0.002772142370055473 0.0
1662 -0.0027649379997712158 0.0
1663 -0.002757725207006301 0.0
1664 -0.0027505040137321504 0.0
1665 -0.0027432744419457686 0.0
1666 -0.002736036513669686 0.0
1667 -0.002728790250951886 0.0
1668 -0.0027215356758657407 0.0
1669 -0.002714272810509948 0.0
1670 -0.002707001677008452 0.0
1671 -0.0026997222975103873 0.0
1672 -0.0026924346941900037 0.0
1673 -0.00268513888924661 0.0
1674 -0.00267783490490449 0.0
1675 -0.002670522763412847 0.0
1676 -0.002663202487045733 0.0
1677 -0.0026558740981019765 0.0
1678 -0.002648537618905125 0.0
1679 -0.0026411930718033645 0.0
1680 -0.0026338404791694577 0.0
1681 -0.002626479863400681 0.0
1682 -0.0026191112469187436 0.0
1683 -0.002611734652169728 0.0
1684 -0.002604350101624025 0.0
1685 -0.0025969576177762533 0.0
1686 -0.0025895572231452004 0.0
1687 -0.0025821489402737545 0.0
1688 -0.0025747327917288285 0.0
1689 -0.0025673088001012968 0.0
1690 -0.0025598769880059253 0.0
1691 -0.0025524373780813014 0.0
1692 -0.0025449899929897695 0.0
1693 -0.002537534855417355 0.0
1694 -0.0025300719880737006 0.0
1695 -0.0025226014136919923 0.0
1696 -0.0025151231550288975 0.0
1697 -0.002507637234864489 0.0
1698 -0.002500143676002177 0.0
1699 -0.002492642501268641 0.0
1700 -0.002485133733513759 0.0
1701 -0.0024776173956105436 0.0
1702 -0.002470093510455061 0.0
1703 -0.0024625621009663704 0.0
1704 -0.0024550231900864502 0.0
1705 -0.002447476800780133 0.0
1706 -0.002439922956035028 0.0
1707 -0.0024323616788614563 0.0
1708 -0.002424792992292379 0.0
1709 -0.002417216919383327 0.0
1710 -0.0024096334832123356 0.0
1711 -0.002402042706879864 0.0
1712 -0.0023944446135087346 0.0
1713 -0.0023868392262440564 0.0
1714 -0.002379226568253157 0.0
1715 -0.002371606662725516 0.0
1716 -0.002363979532872685 0.0
1717 -0.0023563452019282234 0.0
1718 -0.00234870369314763 0.0
1719 -0.0023410550298082647 0.0
1720 -0.0023333992352092795 0.0
1721 -0.0023257363326715575 0.0
1722 -0.002318066345537626 0.0
1723 -0.0023103892971715946 0.0
1724 -0.002302705210959087 0.0
1725 -0.0022950141103071616 0.0
1726 -0.0022873160186442443 0.0
1727 -0.002279610959420055 0.0
1728 -0.0022718989561055446 0.0
1729 -0.002264180032192811 0.0
1730 -0.0022564542111950347 0.0
1731 -0.002248721516646407 0.0
1732 -0.0022409819721020533 0.0
1733 -0.0022332356011379732 0.0
1734 -0.0022254824273509545 0.0
1735 -0.0022177224743585083 0.0
1736 -0.002209955765798796 0.0
1737 -0.002202182325330562 0.0
1738 -0.002194402176633052 0.0
1739 -0.0021866153434059493 0.0
1740 -0.0021788218493692976 0.0
1741 -0.0021710217182634296 0.0
1742 -0.002163214973848901 0.0
1743 -0.0021554016399064073 0.0
1744 -0.0021475817402367187 0.0
1745 -0.002139755298660606 0.0
1746 -0.002131922339018765 0.0
1747 -0.002124082885171754 0.0
1748 -0.002116236960999906 0.0
1749 -0.0021083845904032675 0.0
1750 -0.0021005257973015193 0.0
1751 -0.0020926606056339116 0.0
1752 -0.00208478903935918 0.0
1753 -0.002076911122455481 0.0
1754 -0.002069026878920313 0.0
1755 -0.0020611363327704543 0.0
1756 -0.0020532395080418734 0.0
1757 -0.0020453364287896674 0.0
1758 -0.00203742711908799 0.0
1759 -0.002029511603029967 0.0
1760 -0.0020215899047276325 0.0
1761 -0.0020136620483118565 0.0
1762 -0.002005728057932263 0.0
1763 -0.001997787957757162 0.0
1764 -0.0019898417719734747 0.0
1765 -0.0019818895247866648 0.0
1766 -0.001973931240420653 0.0
1767 -0.0019659669431177553 0.0
1768 -0.0019579966571386014 0.0
1769 -0.0019500204067620635 0.0
1770 -0.0019420382162851867 0.0
1771 -0.0019340501100231057 0.0
1772 -0.001926056112308978 0.0
1773 -0.001918056247493905 0.0
1774 -0.0019100505399468658 0.0
1775 -0.0019020390140546321 0.0
1776 -0.001894021694221701 0.0
1777 -0.0018859986048702197 0.0
1778 -0.0018779697704399071 0.0
1779 -0.0018699352153879896 0.0
1780 -0.0018618949641891138 0.0
1781 -0.0018538490413352782 0.0
1782 -0.0018457974713357575 0.0
1783 -0.0018377402787170347 0.0
1784 -0.0018296774880227136 0.0
1785 -0.0018216091238134528 0.0
1786 -0.0018135352106668891 0.0
1787 -0.0018054557731775598 0.0
1788 -0.0017973708359568371 0.0
1789 -0.0017892804236328398 0.0
1790 -0.0017811845608503671 0.0
1791 -0.0017730832722708185 0.0
1792 -0.0017649765825721285 0.0
1793 -0.0017568645164486776 0.0
1794 -0.001748747098611224 0.0
1795 -0.0017406243537868343 0.0
1796 -0.0017324963067187956 0.0
1797 -0.0017243629821665474 0.0
1798 -0.0017162244049056107 0.0
1799 -0.001708080599727501 0.0
1800 -0.0016999315914396611 0.0
1801 -0.0016917774048653819 0.0
1802 -0.0016836180648437337 0.0
1803 -0.0016754535962294793 0.0
1804 -0.0016672840238930056 0.0
1805 -0.001659109372720245 0.0
1806 -0.001650929667612607 0.0
1807 -0.0016427449334868898 0.0
1808 -0.0016345551952752127 0.0
1809 -0.0016263604779249384 0.0
1810 -0.0016181608063985957 0.0
1811 -0.0016099562056738099 0.0
1812 -0.0016017467007432152 0.0
1813 -0.001593532316614388 0.0
1814 -0.0015853130783097667 0.0
1815 -0.0015770890108665744 0.0
1816 -0.0015688601393367512 0.0
1817 -0.0015606264887868646 0.0
1818 -0.0015523880842980419 0.0
1819 -0.0015441449509658904 0.0
1820 -0.0015358971139004273 0.0
1821 -0.0015276445982259934 0.0
1822 -0.0015193874290811817 0.0
1823 -0.001511125631618762 0.0
1824 -0.0015028592310056 0.0
1825 -0.0014945882524225896 0.0
1826 -0.0014863127210645638 0.0
1827 -0.0014780326621402265 0.0
1828 -0.001469748100872071 0.0
1829 -0.0014614590624963122 0.0
1830 -0.001453165572262796 0.0
1831 -0.0014448676554349295 0.0
1832 -0.0014365653372896113 0.0
1833 -0.00142825864311714 0.0
1834 -0.0014199475982211445 0.0
1835 -0.001411632227918513 0.0
1836 -0.0014033125575393034 0.0
1837 -0.0013949886124266725 0.0
1838 -0.001386660417936805 0.0
1839 -0.0013783279994388235 0.0
1840 -0.0013699913823147197 0.0
1841 -0.001361650591959275 0.0
1842 -0.0013533056537799817 0.0
1843 -0.0013449565931969725 0.0
1844 -0.0013366034356429317 0.0
1845 -0.001328246206563026 0.0
1846 -0.0013198849314148247 0.0
1847 -0.0013115196356682194 0.0
1848 -0.0013031503448053565 0.0
1849 -0.001294777084320545 0.0
1850 -0.0012863998797201883 0.0
1851 -0.0012780187565227022 0.0
1852 -0.0012696337402584464 0.0
1853 -0.001261244856469632 0.0
1854 -0.0012528521307102539 0.0
1855 -0.00124445558854601 0.0
1856 -0.0012360552555542223 0.0
1857 -0.001227651157323766 0.0
1858 -0.0012192433194549792 0.0
1859 -0.001210831767559595 0.0
1860 -0.0012024165272606563 0.0
1861 -0.0011939976241924493 0.0
1862 -0.0011855750840004103 0.0
1863 -0.0011771489323410577 0.0
1864 -0.0011687191948819104 0.0
1865 -0.001160285897301409 0.0
1866 -0.0011518490652888444 0.0
1867 -0.0011434087245442677 0.0
1868 -0.001134964900778419 0.0
1869 -0.0011265176197126534 0.0
1870 -0.0011180669070788526 0.0
1871 -0.0011096127886193502 0.0
1872 -0.001101155290086862 0.0
1873 -0.0010926944372443923 0.0
1874 -0.0010842302558651648 0.0
1875 -0.001075762771732548 0.0
1876 -0.0010672920106399647 0.0
1877 -0.0010588179983908221 0.0
1878 -0.0010503407607984315 0.0
1879 -0.0010418603236859263 0.0
1880 -0.0010333767128861931 0.0
1881 -0.0010248899542417795 0.0
1882 -0.0010164000736048243 0.0
1883 -0.0010079070968369737 0.0
1884 -0.0009994110498093127 0.0
1885 -0.0009909119584022713 0.0
1886 -0.0009824098485055562 0.0
1887 -0.0009739047460180685 0.0
1888 -0.0009653966768478233 0.0
1889 -0.000956885666911879 0.0
1890 -0.0009483717421362457 0.0
1891 -0.0009398549284558149 0.0
1892 -0.0009313352518142781 0.0
1893 -0.0009228127381640456 0.0
1894 -0.0009142874134661763 0.0
1895 -0.0009057593036902858 0.0
1896 -0.0008972284348144752 0.0
1897 -0.0008886948328252486 0.0
1898 -0.0008801585237174418 0.0
1899 -0.0008716195334941307 0.0
1900 -0.0008630778881665601 0.0
1901 -0.0008545336137540635 0.0
1902 -0.0008459867362839799 0.0
1903 -0.0008374372817915849 0.0
1904 -0.0008288852763199972 0.0
1905 -0.0008203307459201066 0.0
1906 -0.0008117737166505007 0.0
1907 -0.0008032142145773723 0.0
1908 -0.0007946522657744469 0.0
1909 -0.00078608789632291 0.0
1910 -0.0007775211323113138 0.0
1911 -0.0007689519998355051 0.0
1912 -0.000760380524998552 0.0
1913 -0.000751806733910651 0.0
1914 -0.0007432306526890568 0.0
1915 -0.000734652307458 0.0
1916 -0.0007260717243486056 0.0
1917 -0.0007174889294988225 0.0
1918 -0.0007089039490533297 0.0
1919 -0.0007003168091634669 0.0
1920 -0.000691727535987149 0.0
1921 -0.000683136155688796 0.0
1922 -0.0006745426944392401 0.0
1923 -0.0006659471784156548 0.0
1924 -0.0006573496338014725 0.0
1925 -0.0006487500867863028 0.0
1926 -0.0006401485635658615 0.0
1927 -0.0006315450903418783 0.0
1928 -0.0006229396933220243 0.0
1929 -0.0006143323987198293 0.0
1930 -0.0006057232327546095 0.0
1931 -0.0005971122216513755 0.0
1932 -0.0005884993916407604 0.0
1933 -0.0005798847689589382 0.0
1934 -0.0005712683798475411 0.0
1935 -0.0005626502505535893 0.0
1936 -0.0005540304073293968 0.0
1937 -0.0005454088764325012 0.0
1938 -0.0005367856841255806 0.0
1939 -0.0005281608566763722 0.0
1940 -0.0005195344203576004 0.0
1941 -0.0005109064014468841 0.0
1942 -0.0005022768262266631 0.0
1943 -0.0004936457209841244 0.0
1944 -0.0004850131120111094 0.0
1945 -0.0004763790256040397 0.0
1946 -0.00046774348806384445 0.0
1947 -0.00045910652569586626 0.0
1948 -0.0004504681648097882 0.0
1949 -0.0004418284317195601 0.0
1950 -0.00043318735274330513 0.0
1951 -0.00042454495420324827 0.0
1952 -0.00041590126242563226 0.0
1953 -0.00040725630374064553 0.0
1954 -0.00039861010448232934 0.0
1955 -0.0003899626909885061 0.0
1956 -0.000381314089600697 0.0
1957 -0.00037266432666403955 0.0
1958 -0.00036401342852721604 0.0
1959 -0.0003553614215423604 0.0
1960 -0.0003467083320649864 0.0
1961 -0.00033805418645390284 0.0
1962 -0.00032939901107114267 0.0
1963 -0.0003207428322818689 0.0
1964 -0.00031208567645430336 0.0
1965 -0.000303427569959644 0.0
1966 -0.00029476853917198245 0.0
1967 -0.00028610861046823275 0.0
1968 -0.0002774478102280372 0.0
1969 -0.0002687861648336955 0.0
1970 -0.0002601237006700816 0.0
1971 -0.0002514604441245613 0.0
1972 -0.00024279642158692106 0.0
1973 -0.00023413165944927375 0.0
1974 -0.00022546618410598758 0.0
1975 -0.00021680002195360106 0.0
1976 -0.0002081331993907514 0.0
1977 -0.000199465742818081 0.0
1978 -0.00019079767863816564 0.0
1979 -0.00018212903325543002 0.0
1980 -0.0001734598330760756 0.0
1981 -0.00016479010450798741 0.0
1982 -0.00015611987396066005 0.0
1983 -0.0001474491678451238 0.0
1984 -0.00013877801257385097 0.0
1985 -0.00013010643456068212 0.0
1986 -0.00012143446022075214 0.0
1987 -0.00011276211597039659 0.0
1988 -0.00010408942822708008 0.0
1989 -9.541642340931132e-05 0.0
1990 -8.674312793657151e-05 0.0
1991 -7.806956822922061e-05 0.0
1992 -6.939577070842569e-05 0.0
1993 -6.072176179607827e-05 0.0
1994 -5.204756791471156e-05 0.0
1995 -4.3373215487428865e-05 0.0
1996 -3.46987309378098e-05 0.0
1997 -2.6024140689838696e-05 0.0
1998 -1.7349471167819613e-05 0.0
1999 -8.674748796304735e-06 0.0
2000 0.0 0.0
2001 0.0 0.0
2002 0.0 0.0
2003 0.0 0.0
2004 0.0 0.0
2005 0.0 0.0
2006 0.0 0.0
2007 0.0 0.0
2008 0.0 0.0
2009 0.0 0.0
2010 0.0 0.0
2011 0.0 0.0
2012 0.0 0.0
2013 0.0 0.0
2014 0.0 0.0
2015 0.0 0.0
2016 0.0 0.0
2017 0.0 0.0
2018 0.0 0.0
2019 0.0 0.0
2020 0.0 0.0
2021 0.0 0.0
2022 0.0 0.0
2023 0.0 0.0
2024 0.0 0.0
2025 0.0 0.0
2026 0.0 0.0
2027 0.0 0.0
2028 0.0 0.0
2029 0.0 0.0
2030 0.0 0.0
2031 0.0 0.0
2032 0.0 0.0
2033 0.0 0.0
2034 0.0 0.0
2035 0.0 0.0
2036 0.0 0.0
2037 0.0 0.0
2038 0.0 0.0
2039 0.0 0.0
2040 0.0 0.0
2041 0.0 0.0
2042 0.0 0.0
2043 0.0 0.0
2044 0.0 0.0
2045 0.0 0.0
2046 0.0 0.0
2047 0.0 0.0
2048 0.0 0.0
2049 0.0 0.0
2050 0.0 0.0
2051 0.0 0.0
2052 0.0 0.0
2053 0.0 0.0
2054 0.0 0.0
2055 0.0 0.0
2056 0.0 0.0
2057 0.0 0.0
2058 0.0 0.0
2059 0.0 0.0
2060 0.0 0.0
2061 0.0 0.0
2062 0.0 0.0
2063 0.0 0.0
2064 0.0 0.0
2065 0.0 0.0
2066 0.0 0.0
2067 0.0 0.0
2068 0.0 0.0
2069 0.0 0.0
2070 0.0 0.0
2071 0.0 0.0
2072 0.0 0.0
2073 0.0 0.0
2074 0.0 0.0
2075 0.0 0.0
2076 0.0 0.0
2077 0.0 0.0
2078 0.0 0.0
2079 0.0 0.0
2080 0.0 0.0
2081 0.0 0.0
2082 0.0 0.0
2083 0.0 0.0
2084 0.0 0.0
2085 0.0 0.0
2086 0.0 0.0
2087 0.0 0.0
2088 0.0 0.0
2089 0.0 0.0
2090 0.0 0.0
2091 0.0 0.0
2092 0.0 0.0
2093 0.0 0.0
2094 0.0 0.0
2095 0.0 0.0
2096 0.0 0.0
2097 0.0 0.0
2098 0.0 0.0
2099 0.0 0.0
2100 0.0 0.0
2101 0.0 0.0
2102 0.0 0.0
2103 0.0 0.0
2104 0.0 0.0
2105 0.0 0.0
2106 0.0 0.0
2107 0.0 0.0
2108 0.0 0.0
2109 0.0 0.0
2110 0.0 0.0
2111 0.0 0.0
2112 0.0 0.0
2113 0.0 0.0
2114 0.0 0.0
2115 0.0 0.0
2116 0.0 0.0
2117 0.0 0.0
2118 0.0 0.0
2119 0.0 0.0
2120 0.0 0.0
2121 0.0 0.0
2122 0.0 0.0
2123 0.0 0.0
2124 0.0 0.0
2125 0.0 0.0
2126 0.0 0.0
2127 0.0 0.0
2128 0.0 0.0
2129 0.0 0.0
2130 0.0 0.0
2131 0.0 0.0
2132 0.0 0.0
2133 0.0 0.0
2134 0.0 0.0
2135 0.0 0.0
2136 0.0 0.0
2137 0.0 0.0
2138 0.0 0.0
2139 0.0 0.0
2140 0.0 0.0
2141 0.0 0.0
2142 0.0 0.0
2143 0.0 0.0
2144 0.0 0.0
2145 0.0 0.0
2146 0.0 0.0
2147 0.0 0.0
2148 0.0 0.0
2149 0.0 0.0
2150 0.0 0.0
2151 0.0 0.0
2152 0.0 0.0
2153 0.0 0.0
2154 0.0 0.0
2155 0.0 0.0
2156 0.0 0.0
2157 0.0 0.0
2158 0.0 0.0
2159 0.0 0.0
2160 0.0 0.0
2161 0.0 0.0
2162 0.0 0.0
2163 0.0 0.0
2164 0.0 0.0
2165 0.0 0.0
2166 0.0 0.0
2167 0.0 0.0
2168 0.0 0.0
2169 0.0 0.0
2170 0.0 0.0
2171 0.0 0.0
2172 0.0 0.0
2173 0.0 0.0
2174 0.0 0.0
2175 0.0 0.0
2176 0.0 0.0
2177 0.0 0.0
2178 0.0 0.0
2179 0.0 0.0
2180 0.0 0.0
2181 0.0 0.0
2182 0.0 0.0
2183 0.0 0.0
2184 0.0 0.0
2185 0.0 0.0
2186 0.0 0.0
2187 0.0 0.0
2188 0.0 0.0
2189 0.0 0.0
2190 0.0 0.0
2191 0.0 0.0
2192 0.0 0.0
2193 0.0 0.0
2194 0.0 0.0
2195 0.0 0.0
2196 0.0 0.0
2197 0.0 0.0
2198 0.0 0.0
2199 0.0 0.0