
0 -0.01607206721 0.0
1 -0.01607206721 0.0
2 -0.01607206721 0.0
3 -0.01607206721 0.0
4 -0.01607206721 0.0
5 -0.01607206721 0.0
6 -0.01607206721 0.0
7 -0.01607206721 0.0
8 -0.01607206721 0.0
9 -0.01607206721 0.0
10 -0.01607206721 0.0
11 -0.01607206721 0.0
12 -0.01607206721 0.0
13 -0.01607206721 0.0
14 -0.01607206721 0.0
15 -0.01607206721 0.0
16 -0.01607206721 0.0
17 -0.01607206721 0.0
18 -0.01607206721 0.0
19 -0.01607206721 0.0
20 -0.01607206721 0.0
21 -0.01607206721 0.0
22 -0.01607206721 0.0
23 -0.01607206721 0.0
24 -0.01607206721 0.0
25 -0.01607206721 0.0
26 -0.01607206721 0.0
27 -0.01607206721 0.0
28 -0.01607206721 0.0
29 -0.01607206721 0.0
30 -0.01607206721 0.0
31 -0.01607206721 0.0
32 -0.01607206721 0.0
33 -0.01607206721 0.0
34 -0.01607206721 0.0
35 -0.01607206721 0.0
36 -0.01607206721 0.0
37 -0.01607206721 0.0
38 -0.01607206721 0.0
39 -0.01607206721 0.0
40 -0.01607206721 0.0
41 -0.01607206721 0.0
42 -0.01607206721 0.0
43 -0.01607206721 0.0
44 -0.01607206721 0.0
45 -0.01607206721 0.0
46 -0.01607206721 0.0
47 -0.01607206721 0.0
48 -0.01607206721 0.0
49 -0.01607206721 0.0
50 -0.01607206721 0.0
51 -0.01607206721 0.0
52 -0.01607206721 0.0
53 -0.01607206721 0.0
54 -0.01607206721 0.0
55 -0.01607206721 0.0
56 -0.01607206721 0.0
57 -0.01607206721 0.0
58 -0.01607206721 0.0
59 -0.01607206721 0.0
60 -0.01607206721 0.0
61 -0.01607206721 0.0
62 -0.01607206721 0.0
63 -0.01607206721 0.0
64 -0.01607206721 0.0
65 -0.01607206721 0.0
66 -0.01607206721 0.0
67 -0.01607206721 0.0
68 -0.01607206721 0.0
69 -0.01607206721 0.0
70 -0.01607206721 0.0
71 -0.01607206721 0.0
72 -0.01607206721 0.0
73 -0.01607206721 0.0
74 -0.01607206721 0.0
75 -0.01607206721 0.0
76 -0.01607206721 0.0
77 -0.01607206721 0.0
78 -0.01607206721 0.0
79 -0.01607206721 0.0
80 -0.01607206721 0.0
81 -0.01607206721 0.0
82 -0.01607206721 0.0
83 -0.01607206721 0.0
84 -0.01607206721 0.0
85 -0.01607206721 0.0
86 -0.01607206721 0.0
87 -0.01607206721 0.0
88 -0.01607206721 0.0
89 -0.01607206721 0.0
90 -0.01607206721 0.0
91 -0.01607206721 0.0
92 -0.01607206721 0.0
93 -0.01607206721 0.0
94 -0.01607206721 0.0
95 -0.01607206721 0.0
96 -0.01607206721 0.0
97 -0.01607206721 0.0
98 -0.01607206721 0.0
99 -0.01607206721 0.0
100 -0.01607206721 0.0
101 -0.01607206721 0.0
102 -0.01607206721 0.0
103 -0.01607206721 0.0
104 -0.01607206721 0.0
105 -0.01607206721 0.0
106 -0.01607206721 0.0
107 -0.01607206721 0.0
108 -0.01607206721 0.0
109 -0.01607206721 0.0
110 -0.01607206721 0.0
111 -0.01607206721 0.0
112 -0.01607206721 0.0
113 -0.01607206721 0.0
114 -0.01607206721 0.0
115 -0.01607206721 0.0
116 -0.01607206721 0.0
117 -0.01607206721 0.0
118 -0.01607206721 0.0
119 -0.01607206721 0.0
120 -0.01607206721 0.0
121 -0.01607206721 0.0
122 -0.01607206721 0.0
123 -0.01607206721 0.0
124 -0.01607206721 0.0
125 -0.01607206721 0.0
126 -0.01607206721 0.0
127 -0.01607206721 0.0
128 -0.01607206721 0.0
129 -0.01607206721 0.0
130 -0.01607206721 0.0
131 -0.01607206721 0.0
132 -0.01607206721 0.0
133 -0.01607206721 0.0
134 -0.01607206721 0.0
135 -0.01607206721 0.0
136 -0.01607206721 0.0
137 -0.01607206721 0.0
138 -0.01607206721 0.0
139 -0.01607206721 0.0
140 -0.01607206721 0.0
141 -0.01607206721 0.0
142 -0.01607206721 0.0
143 -0.01607206721 0.0
144 -0.01607206721 0.0
145 -0.01607206721 0.0
146 -0.01607206721 0.0
147 -0.01607206721 0.0
148 -0.01607206721 0.0
149 -0.01607206721 0.0
150 -0.01607206721 0.0
151 -0.01607206721 0.0
152 -0.01607206721 0.0
153 -0.01607206721 0.0
154 -0.01607206721 0.0
155 -0.01607206721 0.0
156 -0.01607206721 0.0
157 -0.01607206721 0.0
158 -0.01607206721 0.0
159 -0.01607206721 0.0
160 -0.01607206721 0.0
161 -0.01607206721 0.0
162 -0.01607206721 0.0
163 -0.01607206721 0.0
164 -0.01607206721 0.0
165 -0.01607206721 0.0
166 -0.01607206721 0.0
167 -0.01607206721 0.0
168 -0.01607206721 0.0
169 -0.01607206721 0.0
170 -0.01607206721 0.0
171 -0.01607206721 0.0
172 -0.01607206721 0.0
173 -0.01607206721 0.0
174 -0.01607206721 0.0
175 -0.01607206721 0.0
176 -0.01607206721 0.0
177 -0.01607206721 0.0
178 -0.01607206721 0.0
179 -0.01607206721 0.0
180 -0.01607206721 0.0
181 -0.01607206721 0.0
182 -0.01607206721 0.0
183 -0.01607206721 0.0
184 -0.01607206721 0.0
185 -0.01607206721 0.0
186 -0.01607206721 0.0
187 -0.01607206721 0.0
188 -0.01607206721 0.0
189 -0.01607206721 0.0
190 -0.01607206721 0.0
191 -0.01607206721 0.0
192 -0.01607206721 0.0
193 -0.01607206721 0.0
194 -0.01607206721 0.0
195 -0.01607206721 0.0
196 -0.01607206721 0.0
197 -0.01607206721 0.0
198 -0.01607206721 0.0
199 -0.01607206721 0.0
200 -0.01607206721 0.0
201 -0.015990098065121 0.0
202 -0.015908129169934233 0.0
203 -0.015826160774131168 0.0
204 -0.015744193127401752 0.0
205 -0.015662226479433654 0.0
206 -0.015580261079911494 0.0
207 -0.0154982971785161 0.0
208 -0.015416335024923728 0.0
209 -0.015334374868805312 0.0
210 -0.015252416959825701 0.0
211 -0.0151704615476429 0.0
212 -0.015088508881907306 0.0
213 -0.015006559212260953 0.0
214 -0.014924612788336747 0.0
215 -0.014842669859757705 0.0
216 -0.0147607306761362 0.0
217 -0.014678795487073196 0.0
218 -0.014596864542157487 0.0
219 -0.014514938090964942 0.0
220 -0.014433016383057736 0.0
221 -0.014351099667983602 0.0
222 -0.014269188195275059 0.0
223 -0.014187282214448657 0.0
224 -0.01410538197500422 0.0
225 -0.014023487726424082 0.0
226 -0.013941599718172324 0.0
227 -0.013859718199694022 0.0
228 -0.01377784342041448 0.0
229 -0.013695975629738477 0.0
230 -0.0136141150770495 0.0
231 -0.01353226201170899 0.0
232 -0.013450416683055577 0.0
233 -0.013368579340404328 0.0
234 -0.013286750233045982 0.0
235 -0.013204929610246191 0.0
236 -0.01312311772124476 0.0
237 -0.013041314815254891 0.0
238 -0.012959521141462427 0.0
239 -0.012877736949025076 0.0
240 -0.012795962487071677 0.0
241 -0.012714198004701421 0.0
242 -0.012632443750983102 0.0
243 -0.012550699974954354 0.0
244 -0.012468966925620896 0.0
245 -0.01238724485195577 0.0
246 -0.012305534002898586 0.0
247 -0.01222383462735476 0.0
248 -0.012142146974194759 0.0
249 -0.012060471292253341 0.0
250 -0.011978807830328798 0.0
251 -0.011897156837182198 0.0
252 -0.011815518561536623 0.0
253 -0.011733893252076424 0.0
254 -0.011652281157446449 0.0
255 -0.011570682526251284 0.0
256 -0.011489097607054521 0.0
257 -0.011407526648377967 0.0
258 -0.01132596989870091 0.0
259 -0.011244427606459353 0.0
260 -0.01116290002004526 0.0
261 -0.011081387387805798 0.0
262 -0.010999889958042582 0.0
263 -0.010918407979010912 0.0
264 -0.010836941698919035 0.0
265 -0.010755491365927364 0.0
266 -0.010674057228147737 0.0
267 -0.010592639533642666 0.0
268 -0.010511238530424561 0.0
269 -0.010429854466454998 0.0
270 -0.010348487589643953 0.0
271 -0.01026713814784904 0.0
272 -0.010185806388874768 0.0
273 -0.01010449256047178 0.0
274 -0.010023196910336098 0.0
275 -0.009941919686108372 0.0
276 -0.009860661135373122 0.0
277 -0.009779421505657988 0.0
278 -0.009698201044432966 0.0
279 -0.009616999999109671 0.0
280 -0.009535818617040568 0.0
281 -0.009454657145518224 0.0
282 -0.009373515831774558 0.0
283 -0.009292394922980087 0.0
284 -0.00921129466624316 0.0
285 -0.009130215308609232 0.0
286 -0.00904915709706008 0.0
287 -0.00896812027851308 0.0
288 -0.008887105099820432 0.0
289 -0.00880611180776842 0.0
290 -0.008725140649076658 0.0
291 -0.00864419187039734 0.0
292 -0.008563265718314483 0.0
293 -0.00848236243934318 0.0
294 -0.008401482279928848 0.0
295 -0.008320625486446482 0.0
296 -0.008239792305199898 0.0
297 -0.008158982982420983 0.0
298 -0.008078197764268949 0.0
299 -0.00799743689682958 0.0
300 -0.007916700626114484 0.0
301 -0.007835989198060342 0.0
302 -0.007755302858528166 0.0
303 -0.007674641853302534 0.0
304 -0.007594006428090862 0.0
305 -0.007513396828522631 0.0
306 -0.00743281330014867 0.0
307 -0.0073522560884403745 0.0
308 -0.007271725438788989 0.0
309 -0.007191221596504831 0.0
310 -0.007110744806816569 0.0
311 -0.007030295314870462 0.0
312 -0.006949873365729614 0.0
313 -0.006869479204373226 0.0
314 -0.0067891130756958604 0.0
315 -0.006708775224506681 0.0
316 -0.006628465895528712 0.0
317 -0.0065481853333981006 0.0
318 -0.006467933782663362 0.0
319 -0.006387711487784636 0.0
320 -0.006307518693132945 0.0
321 -0.006227355642989447 0.0
322 -0.006147222581544699 0.0
323 -0.006067119752897905 0.0
324 -0.0059870474010561645 0.0
325 -0.0059070057699337555 0.0
326 -0.005826995103351362 0.0
327 -0.005747015645035356 0.0
328 -0.005667067638617034 0.0
329 -0.005587151327631887 0.0
330 -0.005507266955518864 0.0
331 -0.00542741476561961 0.0
332 -0.0053475950011777455 0.0
333 -0.005267807905338116 0.0
334 -0.005188053721146056 0.0
335 -0.005108332691546636 0.0
336 -0.005028645059383942 0.0
337 -0.0049489910674003195 0.0
338 -0.004869370958235643 0.0
339 -0.004789784974426571 0.0
340 -0.004710233358405813 0.0
341 -0.004630716352501391 0.0
342 -0.004551234198935893 0.0
343 -0.004471787139825741 0.0
344 -0.0043923754171804556 0.0
345 -0.004312999272901918 0.0
346 -0.004233658948783631 0.0
347 -0.004154354686509976 0.0
348 -0.004075086727655492 0.0
349 -0.00399585531368413 0.0
350 -0.003916660685948517 0.0
351 -0.003837503085689222 0.0
352 -0.003758382754034024 0.0
353 -0.0036792999319971743 0.0
354 -0.0036002548604786647 0.0
355 -0.0035212477802634926 0.0
356 -0.0034422789320209205 0.0
357 -0.003363348556303762 0.0
358 -0.0032844568935476246 0.0
359 -0.003205604184070201 0.0
360 -0.0031267906680705147 0.0
361 -0.003048016585628203 0.0
362 -0.002969282176702783 0.0
363 -0.002890587681132919 0.0
364 -0.0028119333386356967 0.0
365 -0.0027333193888058795 0.0
366 -0.002654746071115193 0.0
367 -0.002576213624911585 0.0
368 -0.002497722289418511 0.0
369 -0.002419272303734196 0.0
370 -0.002340863906830892 0.0
371 -0.002262497337554178 0.0
372 -0.002184172834622213 0.0
373 -0.002105890636625021 0.0
374 -0.0020276509820237494 0.0
375 -0.0019494541091499545 0.0
376 -0.0018713002562048761 0.0
377 -0.0017931896612586977 0.0
378 -0.0017151225622498417 0.0
379 -0.0016370991969842305 0.0
380 -0.0015591198031345687 0.0
381 -0.0014811846182396053 0.0
382 -0.0014032938797034367 0.0
383 -0.0013254478247947607 0.0
384 -0.0012476466906461564 0.0
385 -0.0011698907142533715 0.0
386 -0.0010921801324745989 0.0
387 -0.001014515182029746 0.0
388 -0.0009368960994997205 0.0
389 -0.0008593231213257085 0.0
390 -0.0007817964838084512 0.0
391 -0.0007043164231075386 0.0
392 -0.0006268831752406692 0.0
393 -0.0005494969760829419 0.0
394 -0.0004721580613661451 0.0
395 -0.000394866666678019 0.0
396 -0.00031762302746156726 0.0
397 -0.00024042737901429703 0.0
398 -0.00016327995648755117 0.0
399 -8.618099488575531e-05 0.0
400 -9.130729065717075e-06 0.0
401 6.78706062640956e-05 0.0
402 0.0001448227765442553 0.0
403 0.0002217255473651071 0.0
404 0.0002985786844674765 0.0
405 0.00037538195374338043 0.0
406 0.0004521351212367422 0.0
407 0.0005288379531440922 0.0
408 0.0006054902158153103 0.0
409 0.0006820916757543163 0.0
410 0.0007586420996197711 0.0
411 0.0008351412542258081 0.0
412 0.0009115889065427346 0.0
413 0.0009879848236977497 0.0
414 0.0010643287729756416 0.0
415 0.0011406205218194923 0.0
416 0.0012168598378314056 0.0
417 0.0012930464887732085 0.0
418 0.001369180242567148 0.0
419 0.0014452608672966064 0.0
420 0.001521288131206805 0.0
421 0.0015972618027055088 0.0
422 0.0016731816503637517 0.0
423 0.0017490474429164987 0.0
424 0.0018248589492633922 0.0
425 0.001900615938469439 0.0
426 0.001976318179765707 0.0
427 0.0020519654425500515 0.0
428 0.0021275574963877768 0.0
429 0.0022030941110123825 0.0
430 0.0022785750563262437 0.0
431 0.002354000102401308 0.0
432 0.002429369019479811 0.0
433 0.002504681577974951 0.0
434 0.0025799375484716162 0.0
435 0.002655136701727071 0.0
436 0.002730278808671653 0.0
437 0.00280536364040947 0.0
438 0.002880390968219109 0.0
439 0.002955360563554315 0.0
440 0.003030272198044699 0.0
441 0.00310512564349643 0.0
442 0.0031799206718929364 0.0
443 0.0032546570553955816 0.0
444 0.0033293345663443843 0.0
445 0.003403952977258689 0.0
446 0.0034785120608378933 0.0
447 0.0035530115899620844 0.0
448 0.0036274513376927803 0.0
449 0.0037018310772735964 0.0
450 0.00377615058213095 0.0
451 0.0038504096258747365 0.0
452 0.003924607982299041 0.0
453 0.0039987454253827825 0.0
454 0.004072821729290469 0.0
455 0.00414683666837283 0.0
456 0.004220790017167523 0.0
457 0.004294681550399821 0.0
458 0.004368511042983296 0.0
459 0.004442278270020514 0.0
460 0.004515983006803708 0.0
461 0.004589625028815467 0.0
462 0.004663204111729425 0.0
463 0.004736720031410926 0.0
464 0.004810172563917733 0.0
465 0.0048835614855007 0.0
466 0.004956886572604437 0.0
467 0.0050301476018680125 0.0
468 0.005103344350125626 0.0
469 0.0051764765944072935 0.0
470 0.0052495441119395116 0.0
471 0.005322546680145951 0.0
472 0.005395484076648131 0.0
473 0.005468356079266087 0.0
474 0.005541162466019066 0.0
475 0.005613903015126185 0.0
476 0.005686577505007114 0.0
477 0.005759185714282761 0.0
478 0.005831727421775925 0.0
479 0.0059042024065119846 0.0
480 0.0059766104477195665 0.0
481 0.006048951324831218 0.0
482 0.006121224817484082 0.0
483 0.006193430705520572 0.0
484 0.006265568768989021 0.0
485 0.006337638788144383 0.0
486 0.006409640543448881 0.0
487 0.006481573815572683 0.0
488 0.006553438385394565 0.0
489 0.006625234034002583 0.0
490 0.006696960542694742 0.0
491 0.0067686176929796504 0.0
492 0.006840205266577214 0.0
493 0.00691172304541926 0.0
494 0.0069831708116502335 0.0
495 0.007054548347627851 0.0
496 0.007125855435923756 0.0
497 0.007197091859324191 0.0
498 0.00726825740083065 0.0
499 0.007339351843660559 0.0
500 0.007410374971247916 0.0
501 0.007481326567243957 0.0
502 0.007552206415517813 0.0
503 0.007623014300157181 0.0
504 0.007693750005468951 0.0
505 0.00776441331597991 0.0
506 0.007835004016437358 0.0
507 0.007905521891809767 0.0
508 0.007975966727287474 0.0
509 0.008046338308283284 0.0
510 0.008116636420433164 0.0
511 0.00818686084959687 0.0
512 0.008257011381858605 0.0
513 0.008327087803527696 0.0
514 0.008397089901139198 0.0
515 0.008467017461454583 0.0
516 0.008536870271462382 0.0
517 0.008606648118378819 0.0
518 0.008676350789648467 0.0
519 0.008745978072944902 0.0
520 0.008815529756171347 0.0
521 0.008885005627461313 0.0
522 0.008954405475179235 0.0
523 0.009023729087921168 0.0
524 0.009092976254515345 0.0
525 0.00916214676402289 0.0
526 0.00923124040573843 0.0
527 0.009300256969190762 0.0
528 0.009369196244143455 0.0
529 0.009438058020595531 0.0
530 0.009506842088782063 0.0
531 0.009575548239174867 0.0
532 0.009644176262483085 0.0
533 0.009712725949653857 0.0
534 0.009781197091872945 0.0
535 0.009849589480565375 0.0
536 0.009917902907396078 0.0
537 0.009986137164270503 0.0
538 0.010054292043335258 0.0
539 0.010122367336978785 0.0
540 0.01019036283783192 0.0
541 0.010258278338768575 0.0
542 0.010326113632906368 0.0
543 0.010393868513607216 0.0
544 0.010461542774478003 0.0
545 0.010529136209371195 0.0
546 0.010596648612385465 0.0
547 0.010664079777866337 0.0
548 0.010731429500406772 0.0
549 0.010798697574847846 0.0
550 0.010865883796279334 0.0
551 0.010932987960040351 0.0
552 0.011000009861719978 0.0
553 0.011066949297157888 0.0
554 0.011133806062444934 0.0
555 0.011200579953923828 0.0
556 0.011267270768189713 0.0
557 0.011333878302090802 0.0
558 0.011400402352728996 0.0
559 0.011466842717460499 0.0
560 0.011533199193896441 0.0
561 0.011599471579903486 0.0
562 0.011665659673604448 0.0
563 0.01173176327337892 0.0
564 0.01179778217786387 0.0
565 0.011863716185954266 0.0
566 0.011929565096803686 0.0
567 0.011995328709824931 0.0
568 0.012061006824690624 0.0
569 0.012126599241333833 0.0
570 0.012192105759948703 0.0
571 0.012257526180991001 0.0
572 0.012322860305178773 0.0
573 0.012388107933492959 0.0
574 0.012453268867177965 0.0
575 0.012518342907742286 0.0
576 0.012583329856959105 0.0
577 0.012648229516866907 0.0
578 0.012713041689770069 0.0
579 0.012777766178239482 0.0
580 0.012842402785113127 0.0
581 0.01290695131349668 0.0
582 0.012971411566764141 0.0
583 0.01303578334855839 0.0
584 0.013100066462791823 0.0
585 0.013164260713646916 0.0
586 0.013228365905576855 0.0
587 0.013292381843306115 0.0
588 0.013356308331831039 0.0
589 0.01342014517642046 0.0
590 0.01348389218261628 0.0
591 0.013547549156234052 0.0
592 0.013611115903363603 0.0
593 0.013674592230369598 0.0
594 0.013737977943892137 0.0
595 0.01380127285084734 0.0
596 0.013864476758427943 0.0
597 0.013927589474103889 0.0
598 0.013990610805622895 0.0
599 0.014053540561011057 0.0
600 0.014116378548573425 0.0
601 0.0141791245768946 0.0
602 0.014241778454839284 0.0
603 0.014304339991552915 0.0
604 0.014366808996462185 0.0
605 0.014429185279275683 0.0
606 0.014491468649984431 0.0
607 0.014553658918862483 0.0
608 0.014615755896467485 0.0
609 0.014677759393641288 0.0
610 0.01473966922151048 0.0
611 0.014801485191486989 0.0
612 0.014863207115268642 0.0
613 0.01492483480483977 0.0
614 0.01498636807247173 0.0
615 0.01504780673072353 0.0
616 0.015109150592442343 0.0
617 0.015170399470764154 0.0
618 0.015231553179114232 0.0
619 0.01529261153120779 0.0
620 0.015353574341050502 0.0
621 0.015414441422939067 0.0
622 0.015475212591461791 0.0
623 0.015535887661499173 0.0
624 0.015596466448224412 0.0
625 0.015656948767104037 0.0
626 0.015717334433898396 0.0
627 0.01577762326466229 0.0
628 0.01583781507574547 0.0
629 0.01589790968379326 0.0
630 0.01595790690574704 0.0
631 0.016017806558844883 0.0
632 0.016077608460622048 0.0
633 0.01613731242891158 0.0
634 0.016196918281844837 0.0
635 0.016256425837852043 0.0
636 0.016315834915662866 0.0
637 0.01637514533430697 0.0
638 0.016434356913114505 0.0
639 0.016493469471716753 0.0
640 0.0165524828300466 0.0
641 0.016611396808339132 0.0
642 0.016670211227132137 0.0
643 0.016728925907266712 0.0
644 0.01678754066988776 0.0
645 0.01684605533644453 0.0
646 0.016904469728691217 0.0
647 0.01696278366868744 0.0
648 0.017020996978798837 0.0
649 0.01707910948169756 0.0
650 0.017137121000362847 0.0
651 0.017195031358081564 0.0
652 0.01725284037844871 0.0
653 0.01731054788536797 0.0
654 0.017368153703052294 0.0
655 0.017425657656024357 0.0
656 0.017483059569117144 0.0
657 0.017540359267474485 0.0
658 0.017597556576551543 0.0
659 0.017654651322115418 0.0
660 0.017711643330245594 0.0
661 0.01776853242733454 0.0
662 0.0178253184400882 0.0
663 0.017882001195526527 0.0
664 0.017938580520984022 0.0
665 0.01799505624411024 0.0
666 0.018051428192870346 0.0
667 0.018107696195545593 0.0
668 0.01816386008073391 0.0
669 0.01821991967735033 0.0
670 0.018275874814627627 0.0
671 0.01833172532211673 0.0
672 0.01838747102968733 0.0
673 0.01844311176752831 0.0
674 0.018498647366148348 0.0
675 0.018554077656376372 0.0
676 0.01860940246936211 0.0
677 0.018664621636576582 0.0
678 0.01871973498981263 0.0
679 0.018774742361185426 0.0
680 0.018829643583132966 0.0
681 0.01888443848841663 0.0
682 0.018939126910121604 0.0
683 0.018993708681657492 0.0
684 0.019048183636758753 0.0
685 0.0191025516094852 0.0
686 0.019156812434222598 0.0
687 0.019210965945683035 0.0
688 0.01926501197890554 0.0
689 0.01931895036925651 0.0
690 0.01937278095243026 0.0
691 0.019426503564449506 0.0
692 0.019480118041665842 0.0
693 0.019533624220760278 0.0
694 0.019587021938743718 0.0
695 0.01964031103295745 0.0
696 0.019693491341073628 0.0
697 0.01974656270109585 0.0
698 0.019799524951359525 0.0
699 0.019852377930532468 0.0
700 0.01990512147761532 0.0
701 0.019957755431942108 0.0
702 0.020010279633180666 0.0
703 0.020062693921333176 0.0
704 0.020114998136736624 0.0
705 0.0201671921200633 0.0
706 0.020219275712321266 0.0
707 0.020271248754854886 0.0
708 0.02032311108934525 0.0
709 0.0203748625578107 0.0
710 0.02042650300260728 0.0
711 0.020478032266429247 0.0
712 0.02052945019230952 0.0
713 0.020580756623620175 0.0
714 0.020631951404072937 0.0
715 0.020683034377719622 0.0
716 0.020734005388952634 0.0
717 0.02078486428250543 0.0
718 0.02083561090345299 0.0
719 0.020886245097212326 0.0
720 0.020936766709542892 0.0
721 0.020987175586547106 0.0
722 0.021037471574670764 0.0
723 0.021087654520703582 0.0
724 0.021137724271779602 0.0
725 0.02118768067537767 0.0
726 0.021237523579321925 0.0
727 0.021287252831782233 0.0
728 0.021336868281274665 0.0
729 0.021386369776661966 0.0
730 0.021435757167153992 0.0
731 0.02148503030230818 0.0
732 0.021534189032030027 0.0
733 0.0215832332065735 0.0
734 0.02163216267654157 0.0
735 0.021680977292886545 0.0
736 0.02172967690691066 0.0
737 0.02177826137026645 0.0
738 0.021826730534957206 0.0
739 0.021875084253337444 0.0
740 0.021923322378113355 0.0
741 0.021971444762343244 0.0
742 0.02201945125943798 0.0
743 0.022067341723161465 0.0
744 0.022115116007631018 0.0
745 0.02216277396731789 0.0
746 0.02221031545704768 0.0
747 0.02225774033200075 0.0
748 0.02230504844771273 0.0
749 0.022352239660074873 0.0
750 0.02239931382533457 0.0
751 0.02244627080009575 0.0
752 0.022493110441319318 0.0
753 0.02253983260632362 0.0
754 0.02258643715278482 0.0
755 0.0226329239387374 0.0
756 0.022679292822574533 0.0
757 0.022725543663048582 0.0
758 0.022771676319271447 0.0
759 0.02281769065071506 0.0
760 0.022863586517211786 0.0
761 0.02290936377895486 0.0
762 0.02295502229649881 0.0
763 0.023000561930759847 0.0
764 0.02304598254301639 0.0
765 0.023091283994909333 0.0
766 0.023136466148442628 0.0
767 0.023181528865983576 0.0
768 0.02322647201026335 0.0
769 0.02327129544437733 0.0
770 0.023315999031785543 0.0
771 0.02336058263631314 0.0
772 0.023405046122150698 0.0
773 0.023449389353854752 0.0
774 0.023493612196348122 0.0
775 0.02353771451492035 0.0
776 0.023581696175228137 0.0
777 0.023625557043295713 0.0
778 0.023669296985515273 0.0
779 0.023712915868647363 0.0
780 0.023756413559821297 0.0
781 0.023799789926535565 0.0
782 0.023843044836658236 0.0
783 0.023886178158427356 0.0
784 0.023929189760451337 0.0
785 0.023972079511709384 0.0
786 0.024014847281551878 0.0
787 0.024057492939700775 0.0
788 0.024100016356249997 0.0
789 0.024142417401665853 0.0
790 0.024184695946787398 0.0
791 0.02422685186282686 0.0
792 0.02426888502137 0.0
793 0.024310795294376526 0.0
794 0.024352582554180484 0.0
795 0.024394246673490626 0.0
796 0.024435787525390835 0.0
797 0.024477204983340453 0.0
798 0.024518498921174733 0.0
799 0.02455966921310518 0.0
800 0.024600715733719927 0.0
801 0.02464163835798417 0.0
802 0.0246824369612405 0.0
803 0.024723111419209284 0.0
804 0.024763661607989082 0.0
805 0.024804087404056978 0.0
806 0.024844388684268984 0.0
807 0.02488456532586042 0.0
808 0.024924617206446266 0.0
809 0.024964544204021548 0.0
810 0.025004346196961694 0.0
811 0.025044023064022952 0.0
812 0.025083574684342698 0.0
813 0.02512300093743982 0.0
814 0.02516230170321513 0.0
815 0.025201476861951684 0.0
816 0.025240526294315134 0.0
817 0.025279449881354166 0.0
818 0.02531824750450075 0.0
819 0.02535691904557063 0.0
820 0.025395464386763558 0.0
821 0.025433883410663757 0.0
822 0.025472176000240217 0.0
823 0.025510342038847056 0.0
824 0.02554838141022392 0.0
825 0.025586293998496268 0.0
826 0.025624079688175795 0.0
827 0.025661738364160726 0.0
828 0.025699269911736218 0.0
829 0.025736674216574655 0.0
830 0.025773951164736048 0.0
831 0.02581110064266834 0.0
832 0.02584812253720778 0.0
833 0.025885016735579254 0.0
834 0.02592178312539664 0.0
835 0.025958421594663147 0.0
836 0.025994932031771625 0.0
837 0.026031314325504956 0.0
838 0.026067568365036375 0.0
839 0.02610369403992978 0.0
840 0.02613969124014011 0.0
841 0.026175559856013636 0.0
842 0.026211299778288344 0.0
843 0.02624691089809423 0.0
844 0.02628239310695364 0.0
845 0.026317746296781623 0.0
846 0.026352970359886235 0.0
847 0.02638806518896885 0.0
848 0.026423030677124565 0.0
849 0.026457866717842407 0.0
850 0.026492573205005768 0.0
851 0.026527150032892674 0.0
852 0.026561597096176108 0.0
853 0.026595914289924326 0.0
854 0.026630101509601233 0.0
855 0.026664158651066604 0.0
856 0.026698085610576495 0.0
857 0.026731882284783487 0.0
858 0.026765548570737076 0.0
859 0.026799084365883886 0.0
860 0.026832489568068087 0.0
861 0.026865764075531637 0.0
862 0.026898907786914623 0.0
863 0.026931920601255536 0.0
864 0.026964802417991623 0.0
865 0.02699755313695918 0.0
866 0.02703017265839383 0.0
867 0.027062660882930842 0.0
868 0.027095017711605468 0.0
869 0.027127243045853178 0.0
870 0.027159336787510042 0.0
871 0.027191298838812925 0.0
872 0.0272231291023999 0.0
873 0.027254827481310452 0.0
874 0.027286393878985828 0.0
875 0.027317828199269298 0.0
876 0.02734913034640648 0.0
877 0.027380300225045597 0.0
878 0.027411337740237796 0.0
879 0.027442242797437434 0.0
880 0.027473015302502325 0.0
881 0.027503655161694104 0.0
882 0.02753416228167843 0.0
883 0.027564536569525337 0.0
884 0.027594777932709466 0.0
885 0.027624886279110396 0.0
886 0.02765486151701286 0.0
887 0.027684703555107097 0.0
888 0.02771441230248909 0.0
889 0.027743987668660826 0.0
890 0.027773429563530627 0.0
891 0.02780273789741336 0.0
892 0.027831912581030772 0.0
893 0.02786095352551171 0.0
894 0.02788986064239242 0.0
895 0.027918633843616807 0.0
896 0.02794727304153672 0.0
897 0.027975778148912188 0.0
898 0.028004149078911716 0.0
899 0.028032385745112527 0.0
900 0.02806048806150084 0.0
901 0.02808845594247212 0.0
902 0.02811628930283136 0.0
903 0.02814398805779332 0.0
904 0.028171552122982772 0.0
905 0.02819898141443481 0.0
906 0.02822627584859505 0.0
907 0.028253435342319902 0.0
908 0.02828045981287685 0.0
909 0.028307349177944675 0.0
910 0.02833410335561369 0.0
911 0.028360722264386046 0.0
912 0.028387205823175922 0.0
913 0.02841355395130981 0.0
914 0.02843976656852673 0.0
915 0.028465843594978522 0.0
916 0.02849178495123003 0.0
917 0.028517590558259386 0.0
918 0.028543260337458243 0.0
919 0.028568794210631993 0.0
920 0.028594192100000027 0.0
921 0.028619453928195975 0.0
922 0.028644579618267926 0.0
923 0.028669569093678675 0.0
924 0.028694422278305945 0.0
925 0.028719139096442615 0.0
926 0.028743719472796983 0.0
927 0.028768163332492956 0.0
928 0.02879247060107029 0.0
929 0.02881664120448485 0.0
930 0.028840675069108763 0.0
931 0.02886457212173072 0.0
932 0.02888833228955616 0.0
933 0.028911955500207483 0.0
934 0.028935441681724287 0.0
935 0.028958790762563608 0.0
936 0.02898200267160008 0.0
937 0.029005077338126205 0.0
938 0.029028014691852552 0.0
939 0.029050814662907966 0.0
940 0.02907347718183978 0.0
941 0.029096002179614028 0.0
942 0.02911838958761566 0.0
943 0.029140639337648745 0.0
944 0.02916275136193669 0.0
945 0.029184725593122435 0.0
946 0.029206561964268664 0.0
947 0.029228260408857995 0.0
948 0.02924982086079321 0.0
949 0.029271243254397436 0.0
950 0.029292527524414337 0.0
951 0.02931367360600834 0.0
952 0.02933468143476481 0.0
953 0.029355550946690262 0.0
954 0.029376282078212544 0.0
955 0.02939687476618104 0.0
956 0.029417328947866833 0.0
957 0.02943764456096295 0.0
958 0.029457821543584513 0.0
959 0.029477859834268927 0.0
960 0.029497759371976087 0.0
961 0.029517520096088552 0.0
962 0.029537141946411723 0.0
963 0.029556624863174043 0.0
964 0.029575968787027174 0.0
965 0.02959517365904616 0.0
966 0.029614239420729646 0.0
967 0.029633166013999998 0.0
968 0.029651953381203543 0.0
969 0.029670601465110684 0.0
970 0.029689110208916153 0.0
971 0.029707479556239078 0.0
972 0.02972570945112326 0.0
973 0.029743799838037273 0.0
974 0.02976175066187465 0.0
975 0.029779561867954087 0.0
976 0.02979723340201955 0.0
977 0.029814765210240478 0.0
978 0.029832157239211947 0.0
979 0.029849409435954828 0.0
980 0.02986652174791593 0.0
981 0.029883494122968188 0.0
982 0.029900326509410796 0.0
983 0.02991701885596939 0.0
984 0.02993357111179619 0.0
985 0.029949983226470155 0.0
986 0.02996625514999713 0.0
987 0.029982386832810022 0.0
988 0.029998378225768924 0.0
989 0.03001422928016128 0.0
990 0.030029939947702027 0.0
991 0.030045510180533752 0.0
992 0.03006093993122682 0.0
993 0.030076229152779542 0.0
994 0.030091377798618285 0.0
995 0.030106385822597656 0.0
996 0.03012125317900062 0.0
997 0.030135979822538614 0.0
998 0.030150565708351736 0.0
999 0.030165010792008846 0.0
1000 0.030179315029507714 0.0
1001 0.03019347837727516 0.0
1002 0.03020750079216715 0.0
1003 0.030221382231468995 0.0
1004 0.03023512265289542 0.0
1005 0.030248722014590723 0.0
1006 0.03026218027512887 0.0
1007 0.030275497393513692 0.0
1008 0.030288673329178915 0.0
1009 0.030301708041988368 0.0
1010 0.030314601492236047 0.0
1011 0.030327353640646267 0.0
1012 0.03033996444837378 0.0
1013 0.03035243387700387 0.0
1014 0.0303647618885525 0.0
1015 0.030376948445466408 0.0
1016 0.030388993510623227 0.0
1017 0.0304008970473316 0.0
1018 0.030412659019331288 0.0
1019 0.030424279390793285 0.0
1020 0.030435758126319934 0.0
1021 0.030447095190944996 0.0
1022 0.030458290550133826 0.0
1023 0.030469344169783405 0.0
1024 0.030480256016222493 0.0
1025 0.03049102605621172 0.0
1026 0.03050165425694367 0.0
1027 0.030512140586043013 0.0
1028 0.03052248501156655 0.0
1029 0.03053268750200338 0.0
1030 0.03054274802627495 0.0
1031 0.030552666553735154 0.0
1032 0.030562443054170434 0.0
1033 0.030572077497799874 0.0
1034 0.030581569855275305 0.0
1035 0.030590920097681336 0.0
1036 0.03060012819653552 0.0
1037 0.03060919412378839 0.0
1038 0.030618117851823556 0.0
1039 0.030626899353457804 0.0
1040 0.03063553860194114 0.0
1041 0.030644035570956935 0.0
1042 0.030652390234621928 0.0
1043 0.03066060256748638 0.0
1044 0.030668672544534092 0.0
1045 0.030676600141182515 0.0
1046 0.030684385333282826 0.0
1047 0.030692028097119968 0.0
1048 0.030699528409412757 0.0
1049 0.030706886247313943 0.0
1050 0.030714101588410286 0.0
1051 0.030721174410722585 0.0
1052 0.030728104692705815 0.0
1053 0.030734892413249122 0.0
1054 0.03074153755167594 0.0
1055 0.030748040087744025 0.0
1056 0.030754400001645525 0.0
1057 0.03076061727400703 0.0
1058 0.030766691885889666 0.0
1059 0.030772623818789098 0.0
1060 0.030778413054635627 0.0
1061 0.030784059575794255 0.0
1062 0.030789563365064686 0.0
1063 0.030794924405681427 0.0
1064 0.030800142681313813 0.0
1065 0.030805218176066074 0.0
1066 0.030810150874477374 0.0
1067 0.030814940761521865 0.0
1068 0.030819587822608713 0.0
1069 0.030824092043582163 0.0
1070 0.03082845341072158 0.0
1071 0.03083267191074148 0.0
1072 0.030836747530791582 0.0
1073 0.03084068025845685 0.0
1074 0.030844470081757495 0.0
1075 0.03084811698914907 0.0
1076 0.03085162096952246 0.0
1077 0.03085498201220393 0.0
1078 0.03085820010695517 0.0
1079 0.030861275243973293 0.0
1080 0.030864207413890912 0.0
1081 0.030866996607776122 0.0
1082 0.030869642817132552 0.0
1083 0.030872146033899386 0.0
1084 0.030874506250451406 0.0
1085 0.030876723459598972 0.0
1086 0.030878797654588078 0.0
1087 0.030880728829100382 0.0
1088 0.030882516977253173 0.0
1089 0.030884162093599447 0.0
1090 0.030885664173127908 0.0
1091 0.030887023211262937 0.0
1092 0.030888239203864694 0.0
1093 0.03088931214722903 0.0
1094 0.030890242038087594 0.0
1095 0.030891028873607763 0.0
1096 0.030891672651392706 0.0
1097 0.030892173369481364 0.0
1098 0.030892531026348466 0.0
1099 0.03089274562090452 0.0
1100 0.03089281715249584 0.0
1101 0.03089274562090452 0.0
1102 0.030892531026348466 0.0
1103 0.030892173369481364 0.0
1104 0.030891672651392706 0.0
1105 0.030891028873607763 0.0
1106 0.030890242038087594 0.0
1107 0.03088931214722903 0.0
1108 0.030888239203864694 0.0
1109 0.030887023211262937 0.0
1110 0.030885664173127908 0.0
1111 0.030884162093599447 0.0
1112 0.030882516977253173 0.0
1113 0.030880728829100382 0.0
1114 0.030878797654588078 0.0
1115 0.030876723459598972 0.0
1116 0.030874506250451406 0.0
1117 0.030872146033899386 0.0
1118 0.030869642817132552 0.0
1119 0.030866996607776122 0.0
1120 0.030864207413890912 0.0
1121 0.030861275243973293 0.0
1122 0.03085820010695517 0.0
1123 0.03085498201220393 0.0
1124 0.03085162096952246 0.0
1125 0.03084811698914907 0.0
1126 0.030844470081757495 0.0
1127 0.03084068025845685 0.0
1128 0.03083674753079159 0.0
1129 0.03083267191074148 0.0
1130 0.03082845341072158 0.0
1131 0.030824092043582163 0.0
1132 0.030819587822608713 0.0
1133 0.030814940761521865 0.0
1134 0.03081015087447738 0.0
1135 0.030805218176066074 0.0
1136 0.030800142681313813 0.0
1137 0.030794924405681427 0.0
1138 0.030789563365064686 0.0
1139 0.030784059575794255 0.0
1140 0.030778413054635627 0.0
1141 0.030772623818789098 0.0
1142 0.030766691885889666 0.0
1143 0.03076061727400703 0.0
1144 0.030754400001645525 0.0
1145 0.030748040087744025 0.0
1146 0.03074153755167594 0.0
1147 0.030734892413249122 0.0
1148 0.030728104692705815 0.0
1149 0.030721174410722585 0.0
1150 0.030714101588410286 0.0
1151 0.030706886247313943 0.0
1152 0.030699528409412757 0.0
1153 0.030692028097119968 0.0
1154 0.030684385333282826 0.0
1155 0.030676600141182522 0.0
1156 0.030668672544534092 0.0
1157 0.030660602567486386 0.0
1158 0.030652390234621928 0.0
1159 0.030644035570956935 0.0
1160 0.030635538601941147 0.0
1161 0.030626899353457804 0.0
1162 0.030618117851823556 0.0
1163 0.03060919412378839 0.0
1164 0.03060012819653552 0.0
1165 0.030590920097681336 0.0
1166 0.030581569855275305 0.0
1167 0.03057207749779988 0.0
1168 0.030562443054170434 0.0
1169 0.030552666553735154 0.0
1170 0.03054274802627495 0.0
1171 0.030532687502003386 0.0
1172 0.03052248501156655 0.0
1173 0.030512140586043013 0.0
1174 0.03050165425694367 0.0
1175 0.030491026056211727 0.0
1176 0.030480256016222493 0.0
1177 0.030469344169783405 0.0
1178 0.030458290550133826 0.0
1179 0.030447095190945003 0.0
1180 0.030435758126319934 0.0
1181 0.030424279390793285 0.0
1182 0.030412659019331288 0.0
1183 0.0304008970473316 0.0
1184 0.030388993510623227 0.0
1185 0.030376948445466408 0.0
1186 0.030364761888552506 0.0
1187 0.03035243387700387 0.0
1188 0.03033996444837378 0.0
1189 0.030327353640646267 0.0
1190 0.030314601492236047 0.0
1191 0.030301708041988368 0.0
1192 0.030288673329178915 0.0
1193 0.030275497393513692 0.0
1194 0.030262180275128878 0.0
1195 0.030248722014590723 0.0
1196 0.03023512265289543 0.0
1197 0.030221382231468995 0.0
1198 0.030207500792167157 0.0
1199 0.03019347837727515 0.0
1200 0.030179315029507714 0.0
1201 0.030165010792008846 0.0
1202 0.030150565708351736 0.0
1203 0.030135979822538614 0.0
1204 0.03012125317900062 0.0
1205 0.030106385822597663 0.0
1206 0.030091377798618285 0.0
1207 0.030076229152779542 0.0
1208 0.03006093993122682 0.0
1209 0.030045510180533752 0.0
1210 0.030029939947702027 0.0
1211 0.03001422928016128 0.0
1212 0.029998378225768924 0.0
1213 0.029982386832810022 0.0
1214 0.02996625514999713 0.0
1215 0.029949983226470155 0.0
1216 0.02993357111179619 0.0
1217 0.029917018855969396 0.0
1218 0.029900326509410796 0.0
1219 0.029883494122968188 0.0
1220 0.02986652174791593 0.0
1221 0.029849409435954835 0.0
1222 0.029832157239211947 0.0
1223 0.029814765210240478 0.0
1224 0.02979723340201955 0.0
1225 0.029779561867954087 0.0
1226 0.029761750661874656 0.0
1227 0.029743799838037273 0.0
1228 0.02972570945112326 0.0
1229 0.029707479556239078 0.0
1230 0.029689110208916153 0.0
1231 0.029670601465110684 0.0
1232 0.029651953381203543 0.0
1233 0.029633166013999998 0.0
1234 0.029614239420729646 0.0
1235 0.029595173659046167 0.0
1236 0.029575968787027174 0.0
1237 0.029556624863174043 0.0
1238 0.029537141946411723 0.0
1239 0.029517520096088552 0.0
1240 0.029497759371976087 0.0
1241 0.029477859834268927 0.0
1242 0.029457821543584513 0.0
1243 0.02943764456096295 0.0
1244 0.02941732894786684 0.0
1245 0.02939687476618104 0.0
1246 0.02937628207821255 0.0
1247 0.02935555094669027 0.0
1248 0.02933468143476481 0.0
1249 0.02931367360600834 0.0
1250 0.029292527524414337 0.0
1251 0.029271243254397436 0.0
1252 0.029249820860793217 0.0
1253 0.029228260408858002 0.0
1254 0.029206561964268664 0.0
1255 0.029184725593122435 0.0
1256 0.02916275136193669 0.0
1257 0.029140639337648745 0.0
1258 0.02911838958761566 0.0
1259 0.029096002179614028 0.0
1260 0.02907347718183978 0.0
1261 0.029050814662907966 0.0
1262 0.02902801469185256 0.0
1263 0.02900507733812621 0.0
1264 0.02898200267160008 0.0
1265 0.028958790762563608 0.0
1266 0.028935441681724287 0.0
1267 0.028911955500207483 0.0
1268 0.02888833228955616 0.0
1269 0.02886457212173072 0.0
1270 0.02884067506910877 0.0
1271 0.02881664120448485 0.0
1272 0.028792470601070298 0.0
1273 0.028768163332492956 0.0
1274 0.028743719472796983 0.0
1275 0.028719139096442615 0.0
1276 0.028694422278305945 0.0
1277 0.028669569093678675 0.0
1278 0.028644579618267926 0.0
1279 0.028619453928195975 0.0
1280 0.028594192100000027 0.0
1281 0.028568794210631993 0.0
1282 0.028543260337458243 0.0
1283 0.028517590558259392 0.0
1284 0.02849178495123003 0.0
1285 0.02846584359497853 0.0
1286 0.02843976656852673 0.0
1287 0.02841355395130981 0.0
1288 0.028387205823175922 0.0
1289 0.028360722264386053 0.0
1290 0.028334103355613698 0.0
1291 0.028307349177944675 0.0
1292 0.028280459812876857 0.0
1293 0.02825343534231991 0.0
1294 0.02822627584859505 0.0
1295 0.02819898141443481 0.0
1296 0.028171552122982772 0.0
1297 0.02814398805779332 0.0
1298 0.02811628930283136 0.0
1299 0.028088455942472126 0.0
1300 0.02806048806150084 0.0
1301 0.028032385745112527 0.0
1302 0.028004149078911716 0.0
1303 0.027975778148912195 0.0
1304 0.027947273041536727 0.0
1305 0.027918633843616807 0.0
1306 0.02788986064239242 0.0
1307 0.02786095352551171 0.0
1308 0.02783191258103078 0.0
1309 0.02780273789741336 0.0
1310 0.027773429563530627 0.0
1311 0.027743987668660833 0.0
1312 0.02771441230248909 0.0
1313 0.027684703555107104 0.0
1314 0.02765486151701286 0.0
1315 0.027624886279110396 0.0
1316 0.027594777932709466 0.0
1317 0.027564536569525337 0.0
1318 0.02753416228167844 0.0
1319 0.027503655161694097 0.0
1320 0.027473015302502332 0.0
1321 0.027442242797437434 0.0
1322 0.027411337740237803 0.0
1323 0.02738030022504559 0.0
1324 0.02734913034640648 0.0
1325 0.027317828199269298 0.0
1326 0.027286393878985828 0.0
1327 0.02725482748131046 0.0
1328 0.0272231291023999 0.0
1329 0.02719129883881293 0.0
1330 0.027159336787510042 0.0
1331 0.02712724304585319 0.0
1332 0.027095017711605468 0.0
1333 0.02706266088293085 0.0
1334 0.02703017265839383 0.0
1335 0.02699755313695918 0.0
1336 0.02696480241799163 0.0
1337 0.026931920601255543 0.0
1338 0.026898907786914623 0.0
1339 0.026865764075531644 0.0
1340 0.026832489568068094 0.0
1341 0.026799084365883893 0.0
1342 0.02676554857073707 0.0
1343 0.026731882284783494 0.0
1344 0.026698085610576495 0.0
1345 0.02666415865106661 0.0
1346 0.026630101509601233 0.0
1347 0.026595914289924326 0.0
1348 0.0265615970961761 0.0
1349 0.026527150032892674 0.0
1350 0.026492573205005775 0.0
1351 0.0264578667178424 0.0
1352 0.026423030677124558 0.0
1353 0.026388065188968857 0.0
1354 0.026352970359886235 0.0
1355 0.026317746296781623 0.0
1356 0.02628239310695364 0.0
1357 0.02624691089809423 0.0
1358 0.026211299778288344 0.0
1359 0.026175559856013643 0.0
1360 0.02613969124014011 0.0
1361 0.026103694039929785 0.0
1362 0.026067568365036382 0.0
1363 0.026031314325504963 0.0
1364 0.025994932031771632 0.0
1365 0.02595842159466314 0.0
1366 0.025921783125396648 0.0
1367 0.025885016735579254 0.0
1368 0.02584812253720778 0.0
1369 0.02581110064266834 0.0
1370 0.025773951164736048 0.0
1371 0.025736674216574662 0.0
1372 0.025699269911736225 0.0
1373 0.02566173836416074 0.0
1374 0.025624079688175795 0.0
1375 0.025586293998496275 0.0
1376 0.025548381410223926 0.0
1377 0.02551034203884707 0.0
1378 0.025472176000240217 0.0
1379 0.025433883410663764 0.0
1380 0.025395464386763565 0.0
1381 0.02535691904557063 0.0
1382 0.025318247504500756 0.0
1383 0.025279449881354166 0.0
1384 0.025240526294315134 0.0
1385 0.025201476861951684 0.0
1386 0.02516230170321513 0.0
1387 0.025123000937439813 0.0
1388 0.02508357468434269 0.0
1389 0.025044023064022952 0.0
1390 0.0250043461969617 0.0
1391 0.024964544204021548 0.0
1392 0.02492461720644626 0.0
1393 0.02488456532586042 0.0
1394 0.02484438868426899 0.0
1395 0.024804087404056978 0.0
1396 0.02476366160798909 0.0
1397 0.024723111419209284 0.0
1398 0.0246824369612405 0.0
1399 0.024641638357984177 0.0
1400 0.024600715733719927 0.0
1401 0.02455966921310517 0.0
1402 0.024518498921174733 0.0
1403 0.02447720498334046 0.0
1404 0.024435787525390842 0.0
1405 0.02439424667349064 0.0
1406 0.024352582554180484 0.0
1407 0.024310795294376526 0.0
1408 0.024268885021370007 0.0
1409 0.024226851862826866 0.0
1410 0.024184695946787405 0.0
1411 0.024142417401665853 0.0
1412 0.024100016356250004 0.0
1413 0.024057492939700782 0.0
1414 0.024014847281551892 0.0
1415 0.02397207951170939 0.0
1416 0.023929189760451344 0.0
1417 0.023886178158427362 0.0
1418 0.023843044836658236 0.0
1419 0.023799789926535572 0.0
1420 0.023756413559821304 0.0
1421 0.023712915868647357 0.0
1422 0.023669296985515273 0.0
1423 0.02362555704329572 0.0
1424 0.023581696175228137 0.0
1425 0.02353771451492035 0.0
1426 0.023493612196348115 0.0
1427 0.023449389353854752 0.0
1428 0.023405046122150705 0.0
1429 0.023360582636313132 0.0
1430 0.023315999031785543 0.0
1431 0.02327129544437733 0.0
1432 0.023226472010263358 0.0
1433 0.023181528865983576 0.0
1434 0.023136466148442628 0.0
1435 0.023091283994909333 0.0
1436 0.02304598254301639 0.0
1437 0.02300056193075986 0.0
1438 0.022955022296498803 0.0
1439 0.02290936377895486 0.0
1440 0.022863586517211786 0.0
1441 0.022817690650715067 0.0
1442 0.022771676319271454 0.0
1443 0.022725543663048582 0.0
1444 0.02267929282257454 0.0
1445 0.022632923938737406 0.0
1446 0.022586437152784827 0.0
1447 0.02253983260632362 0.0
1448 0.022493110441319325 0.0
1449 0.022446270800095758 0.0
1450 0.022399313825334582 0.0
1451 0.022352239660074887 0.0
1452 0.022305048447712736 0.0
1453 0.022257740332000765 0.0
1454 0.022210315457047686 0.0
1455 0.02216277396731789 0.0
1456 0.022115116007631018 0.0
1457 0.022067341723161465 0.0
1458 0.02201945125943798 0.0
1459 0.021971444762343237 0.0
1460 0.021923322378113355 0.0
1461 0.021875084253337437 0.0
1462 0.0218267305349572 0.0
1463 0.02177826137026645 0.0
1464 0.021729676906910668 0.0
1465 0.021680977292886552 0.0
1466 0.021632162676541562 0.0
1467 0.02158323320657351 0.0
1468 0.021534189032030027 0.0
1469 0.021485030302308188 0.0
1470 0.021435757167153985 0.0
1471 0.021386369776661966 0.0
1472 0.021336868281274672 0.0
1473 0.02128725283178224 0.0
1474 0.021237523579321932 0.0
1475 0.02118768067537767 0.0
1476 0.021137724271779602 0.0
1477 0.02108765452070359 0.0
1478 0.02103747157467077 0.0
1479 0.0209871755865471 0.0
1480 0.0209367667095429 0.0
1481 0.020886245097212333 0.0
1482 0.020835610903453004 0.0
1483 0.020784864282505436 0.0
1484 0.020734005388952634 0.0
1485 0.02068303437771963 0.0
1486 0.02063195140407295 0.0
1487 0.02058075662362019 0.0
1488 0.020529450192309534 0.0
1489 0.020478032266429254 0.0
1490 0.020426503002607295 0.0
1491 0.020374862557810715 0.0
1492 0.020323111089345258 0.0
1493 0.020271248754854893 0.0
1494 0.020219275712321273 0.0
1495 0.020167192120063293 0.0
1496 0.020114998136736624 0.0
1497 0.020062693921333183 0.0
1498 0.020010279633180666 0.0
1499 0.019957755431942108 0.0
1500 0.01990512147761532 0.0
1501 0.019852377930532468 0.0
1502 0.019799524951359525 0.0
1503 0.01974656270109585 0.0
1504 0.019693491341073628 0.0
1505 0.01964031103295745 0.0
1506 0.019587021938743718 0.0
1507 0.019533624220760278 0.0
1508 0.019480118041665842 0.0
1509 0.019426503564449506 0.0
1510 0.019372780952430273 0.0
1511 0.01931895036925651 0.0
1512 0.01926501197890554 0.0
1513 0.019210965945683035 0.0
1514 0.019156812434222605 0.0
1515 0.019102551609485215 0.0
1516 0.019048183636758746 0.0
1517 0.018993708681657492 0.0
1518 0.01893912691012161 0.0
1519 0.018884438488416637 0.0
1520 0.01882964358313298 0.0
1521 0.018774742361185426 0.0
1522 0.018719734989812636 0.0
1523 0.01866462163657659 0.0
1524 0.018609402469362116 0.0
1525 0.018554077656376372 0.0
1526 0.018498647366148355 0.0
1527 0.018443111767528317 0.0
1528 0.01838747102968734 0.0
1529 0.018331725322116736 0.0
1530 0.018275874814627634 0.0
1531 0.018219919677350344 0.0
1532 0.018163860080733903 0.0
1533 0.0181076961955456 0.0
1534 0.018051428192870346 0.0
1535 0.017995056244110234 0.0
1536 0.017938580520984022 0.0
1537 0.017882001195526527 0.0
1538 0.0178253184400882 0.0
1539 0.017768532427334532 0.0
1540 0.017711643330245594 0.0
1541 0.017654651322115418 0.0
1542 0.01759755657655155 0.0
1543 0.017540359267474485 0.0
1544 0.017483059569117138 0.0
1545 0.017425657656024357 0.0
1546 0.017368153703052294 0.0
1547 0.017310547885367976 0.0
1548 0.0172528403784487 0.0
1549 0.017195031358081564 0.0
1550 0.017137121000362854 0.0
1551 0.017079109481697566 0.0
1552 0.01702099697879885 0.0
1553 0.01696278366868744 0.0
1554 0.016904469728691217 0.0
1555 0.016846055336444538 0.0
1556 0.016787540669887767 0.0
1557 0.016728925907266712 0.0
1558 0.016670211227132144 0.0
1559 0.016611396808339132 0.0
1560 0.016552482830046615 0.0
1561 0.016493469471716767 0.0
1562 0.016434356913114505 0.0
1563 0.01637514533430697 0.0
1564 0.016315834915662887 0.0
1565 0.016256425837852057 0.0
1566 0.016196918281844844 0.0
1567 0.016137312428911588 0.0
1568 0.01607760846062206 0.0
1569 0.016017806558844883 0.0
1570 0.015957906905747048 0.0
1571 0.015897909683793267 0.0
1572 0.01583781507574547 0.0
1573 0.015777623264662283 0.0
1574 0.015717334433898403 0.0
1575 0.015656948767104044 0.0
1576 0.015596466448224412 0.0
1577 0.015535887661499173 0.0
1578 0.015475212591461791 0.0
1579 0.015414441422939067 0.0
1580 0.015353574341050488 0.0
1581 0.01529261153120779 0.0
1582 0.015231553179114232 0.0
1583 0.015170399470764158 0.0
1584 0.015109150592442354 0.0
1585 0.015047806730723524 0.0
1586 0.01498636807247173 0.0
1587 0.014924834804839773 0.0
1588 0.014863207115268652 0.0
1589 0.014801485191487 0.0
1590 0.01473966922151048 0.0
1591 0.014677759393641295 0.0
1592 0.014615755896467495 0.0
1593 0.014553658918862494 0.0
1594 0.014491468649984431 0.0
1595 0.01442918527927569 0.0
1596 0.014366808996462192 0.0
1597 0.014304339991552926 0.0
1598 0.014241778454839302 0.0
1599 0.014179124576894606 0.0
1600 0.014116378548573436 0.0
1601 0.01405354056101107 0.0
1602 0.01399061080562291 0.0
1603 0.013927589474103892 0.0
1604 0.013864476758427953 0.0
1605 0.01380127285084735 0.0
1606 0.013737977943892137 0.0
1607 0.013674592230369598 0.0
1608 0.013611115903363613 0.0
1609 0.013547549156234049 0.0
1610 0.013483892182616274 0.0
1611 0.013420145176420463 0.0
1612 0.013356308331831036 0.0
1613 0.013292381843306115 0.0
1614 0.013228365905576855 0.0
1615 0.013164260713646923 0.0
1616 0.013100066462791826 0.0
1617 0.013035783348558386 0.0
1618 0.012971411566764138 0.0
1619 0.01290695131349668 0.0
1620 0.012842402785113134 0.0
1621 0.012777766178239492 0.0
1622 0.012713041689770069 0.0
1623 0.012648229516866907 0.0
1624 0.012583329856959109 0.0
1625 0.012518342907742296 0.0
1626 0.012453268867177961 0.0
1627 0.012388107933492959 0.0
1628 0.01232286030517878 0.0
1629 0.012257526180991005 0.0
1630 0.01219210575994872 0.0
1631 0.01212659924133384 0.0
1632 0.012061006824690627 0.0
1633 0.011995328709824938 0.0
1634 0.011929565096803697 0.0
1635 0.011863716185954266 0.0
1636 0.01179778217786387 0.0
1637 0.011731763273378926 0.0
1638 0.011665659673604459 0.0
1639 0.0115994715799035 0.0
1640 0.011533199193896448 0.0
1641 0.011466842717460509 0.0
1642 0.011400402352729013 0.0
1643 0.011333878302090802 0.0
1644 0.01126727076818972 0.0
1645 0.011200579953923834 0.0
1646 0.01113380606244493 0.0
1647 0.011066949297157881 0.0
1648 0.011000009861719982 0.0
1649 0.01093298796004034 0.0
1650 0.010865883796279327 0.0
1651 0.010798697574847846 0.0
1652 0.01073142950040678 0.0
1653 0.010664079777866344 0.0
1654 0.010596648612385462 0.0
1655 0.010529136209371195 0.0
1656 0.010461542774478003 0.0
1657 0.010393868513607223 0.0
1658 0.010326113632906364 0.0
1659 0.010258278338768582 0.0
1660 0.010190362837831927 0.0
1661 0.010122367336978796 0.0
1662 0.010054292043335276 0.0
1663 0.009986137164270496 0.0
1664 0.009917902907396078 0.0
1665 0.009849589480565381 0.0
1666 0.009781197091872956 0.0
1667 0.009712725949653868 0.0
1668 0.009644176262483088 0.0
1669 0.009575548239174878 0.0
1670 0.00950684208878208 0.0
1671 0.009438058020595545 0.0
1672 0.009369196244143455 0.0
1673 0.009300256969190766 0.0
1674 0.009231240405738441 0.0
1675 0.0091621467640229 0.0
1676 0.00909297625451536 0.0
1677 0.009023729087921175 0.0
1678 0.008954405475179252 0.0
1679 0.008885005627461324 0.0
1680 0.008815529756171347 0.0
1681 0.008745978072944909 0.0
1682 0.008676350789648474 0.0
1683 0.008606648118378815 0.0
1684 0.008536870271462382 0.0
1685 0.00846701746145459 0.0
1686 0.008397089901139188 0.0
1687 0.008327087803527693 0.0
1688 0.008257011381858605 0.0
1689 0.008186860849596873 0.0
1690 0.008116636420433174 0.0
1691 0.008046338308283284 0.0
1692 0.007975966727287474 0.0
1693 0.00790552189180977 0.0
1694 0.007835004016437361 0.0
1695 0.00776441331597991 0.0
1696 0.007693750005468951 0.0
1697 0.007623014300157188 0.0
1698 0.007552206415517824 0.0
1699 0.0074813265672439705 0.0
1700 0.007410374971247916 0.0
1701 0.0073393518436605625 0.0
1702 0.007268257400830657 0.0
1703 0.007197091859324198 0.0
1704 0.007125855435923756 0.0
1705 0.007054548347627854 0.0
1706 0.006983170811650244 0.0
1707 0.006911723045419274 0.0
1708 0.0068402052665772345 0.0
1709 0.006768617692979657 0.0
1710 0.006696960542694749 0.0
1711 0.006625234034002593 0.0
1712 0.006553438385394579 0.0
1713 0.006481573815572704 0.0
1714 0.006409640543448891 0.0
1715 0.006337638788144393 0.0
1716 0.006265568768989035 0.0
1717 0.006193430705520572 0.0
1718 0.006121224817484089 0.0
1719 0.006048951324831228 0.0
1720 0.005976610447719563 0.0
1721 0.0059042024065119846 0.0
1722 0.005831727421775932 0.0
1723 0.005759185714282758 0.0
1724 0.005686577505007111 0.0
1725 0.005613903015126185 0.0
1726 0.005541162466019069 0.0
1727 0.005468356079266077 0.0
1728 0.005395484076648124 0.0
1729 0.005322546680145951 0.0
1730 0.005249544111939515 0.0
1731 0.005176476594407304 0.0
1732 0.005103344350125622 0.0
1733 0.0050301476018680125 0.0
1734 0.00495688657260444 0.0
1735 0.004883561485500711 0.0
1736 0.00481017256391773 0.0
1737 0.004736720031410926 0.0
1738 0.0046632041117294284 0.0
1739 0.004589625028815478 0.0
1740 0.004515983006803722 0.0
1741 0.004442278270020514 0.0
1742 0.0043685110429832995 0.0
1743 0.004294681550399828 0.0
1744 0.004220790017167537 0.0
1745 0.004146836668372851 0.0
1746 0.004072821729290476 0.0
1747 0.003998745425382793 0.0
1748 0.003924607982299048 0.0
1749 0.003850409625874754 0.0
1750 0.00377615058213095 0.0
1751 0.0037018310772736034 0.0
1752 0.0036274513376927907 0.0
1753 0.0035530115899621018 0.0
1754 0.003478512060837897 0.0
1755 0.0034039529772586993 0.0
1756 0.0033293345663443913 0.0
1757 0.0032546570553955746 0.0
1758 0.0031799206718929364 0.0
1759 0.003105125643496437 0.0
1760 0.0030302721980446923 0.0
1761 0.002955360563554315 0.0
1762 0.0028803909682191126 0.0
1763 0.002805363640409477 0.0
1764 0.0027302788086716427 0.0
1765 0.0026551367017270677 0.0
1766 0.0025799375484716162 0.0
1767 0.0025046815779749543 0.0
1768 0.002429369019479821 0.0
1769 0.002354000102401308 0.0
1770 0.002278575056326247 0.0
1771 0.0022030941110123894 0.0
1772 0.0021275574963877837 0.0
1773 0.0020519654425500446 0.0
1774 0.0019763181797657105 0.0
1775 0.0019006159384694458 0.0
1776 0.0018248589492634026 0.0
1777 0.0017490474429165126 0.0
1778 0.0016731816503637517 0.0
1779 0.0015972618027055158 0.0
1780 0.0015212881312068154 0.0
1781 0.0014452608672966202 0.0
1782 0.001369180242567148 0.0
1783 0.0012930464887732154 0.0
1784 0.001216859837831416 0.0
1785 0.0011406205218195062 0.0
1786 0.001064328772975659 0.0
1787 0.0009879848236977566 0.0
1788 0.000911588906542745 0.0
1789 0.000835141254225822 0.0
1790 0.0007586420996197885 0.0
1791 0.0006820916757543198 0.0
1792 0.0006054902158153207 0.0
1793 0.0005288379531441061 0.0
1794 0.00045213512123673874 0.0
1795 0.00037538195374338737 0.0
1796 0.0002985786844674869 0.0
1797 0.00022172554736510364 0.0
1798 0.0001448227765442553 0.0
1799 6.787060626409908e-05 0.0
1800 -9.130729065706666e-06 0.0
1801 -8.618099488576225e-05 0.0
1802 -0.00016327995648755464 0.0
1803 -0.00024042737901429703 0.0
1804 -0.0003176230274615603 0.0
1805 -0.0003948666666780294 0.0
1806 -0.0004721580613661486 0.0
1807 -0.0005494969760829402 0.0
1808 -0.0006268831752406605 0.0
1809 -0.0007043164231075282 0.0
1810 -0.0007817964838084564 0.0
1811 -0.0008593231213257051 0.0
1812 -0.0009368960994997153 0.0
1813 -0.0010145151820297356 0.0
1814 -0.0010921801324745833 0.0
1815 -0.0011698907142533715 0.0
1816 -0.0012476466906461512 0.0
1817 -0.0013254478247947503 0.0
1818 -0.0014032938797034246 0.0
1819 -0.0014811846182396053 0.0
1820 -0.0015591198031345635 0.0
1821 -0.00163709919698422 0.0
1822 -0.001715122562249826 0.0
1823 -0.0017931896612586769 0.0
1824 -0.0018713002562048674 0.0
1825 -0.001949454109149944 0.0
1826 -0.002027650982023734 0.0
1827 -0.002105890636625002 0.0
1828 -0.0021841728346222097 0.0
1829 -0.0022624973375541674 0.0
1830 -0.0023408639068308746 0.0
1831 -0.002419272303734196 0.0
1832 -0.002497722289418509 0.0
1833 -0.0025762136249115764 0.0
1834 -0.0026547460711151966 0.0
1835 -0.0027333193888058795 0.0
1836 -0.0028119333386356932 0.0
1837 -0.002890587681132933 0.0
1838 -0.0029692821767027897 0.0
1839 -0.003048016585628203 0.0
1840 -0.003126790668070511 0.0
1841 -0.003205604184070194 0.0
1842 -0.0032844568935476333 0.0
1843 -0.003363348556303764 0.0
1844 -0.0034422789320209188 0.0
1845 -0.003521247780263484 0.0
1846 -0.0036002548604786525 0.0
1847 -0.0036792999319971795 0.0
1848 -0.003758382754034022 0.0
1849 -0.0038375030856892135 0.0
1850 -0.003916660685948505 0.0
1851 -0.0039958553136841355 0.0
1852 -0.004075086727655492 0.0
1853 -0.004154354686509969 0.0
1854 -0.004233658948783619 0.0
1855 -0.004312999272901902 0.0
1856 -0.004392375417180454 0.0
1857 -0.004471787139825734 0.0
1858 -0.004551234198935881 0.0
1859 -0.004630716352501375 0.0
1860 -0.004710233358405813 0.0
1861 -0.004789784974426564 0.0
1862 -0.004869370958235631 0.0
1863 -0.004948991067400304 0.0
1864 -0.005028645059383921 0.0
1865 -0.005108332691546631 0.0
1866 -0.005188053721146044 0.0
1867 -0.0052678079053381024 0.0
1868 -0.0053475950011777455 0.0
1869 -0.005427414765619604 0.0
1870 -0.0055072669555188535 0.0
1871 -0.005587151327631894 0.0
1872 -0.005667067638617034 0.0
1873 -0.005747015645035351 0.0
1874 -0.005826995103351374 0.0
1875 -0.0059070057699337625 0.0
1876 -0.005987047401056166 0.0
1877 -0.0060671197528978996 0.0
1878 -0.006147222581544692 0.0
1879 -0.0062273556429894555 0.0
1880 -0.006307518693132945 0.0
1881 -0.006387711487784631 0.0
1882 -0.006467933782663353 0.0
1883 -0.006548185333398109 0.0
1884 -0.006628465895528714 0.0
1885 -0.0067087752245066756 0.0
1886 -0.006789113075695852 0.0
1887 -0.006869479204373212 0.0
1888 -0.0069498733657296155 0.0
1889 -0.0070302953148704585 0.0
1890 -0.007110744806816562 0.0
1891 -0.007191221596504817 0.0
1892 -0.007271725438788968 0.0
1893 -0.007352256088440373 0.0
1894 -0.007432813300148663 0.0
1895 -0.007513396828522619 0.0
1896 -0.007594006428090843 0.0
1897 -0.007674641853302532 0.0
1898 -0.007755302858528159 0.0
1899 -0.00783598919806033 0.0
1900 -0.007916700626114466 0.0
1901 -0.007997436896829557 0.0
1902 -0.008078197764268942 0.0
1903 -0.008158982982420971 0.0
1904 -0.008239792305199882 0.0
1905 -0.008320625486446482 0.0
1906 -0.008401482279928842 0.0
1907 -0.008482362439343166 0.0
1908 -0.008563265718314486 0.0
1909 -0.00864419187039734 0.0
1910 -0.008725140649076653 0.0
1911 -0.00880611180776843 0.0
1912 -0.008887105099820436 0.0
1913 -0.00896812027851308 0.0
1914 -0.009049157097060076 0.0
1915 -0.009130215308609222 0.0
1916 -0.009211294666243167 0.0
1917 -0.009292394922980087 0.0
1918 -0.009373515831774554 0.0
1919 -0.009454657145518214 0.0
1920 -0.009535818617040573 0.0
1921 -0.009616999999109671 0.0
1922 -0.009698201044432963 0.0
1923 -0.009779421505657977 0.0
1924 -0.009860661135373108 0.0
1925 -0.009941919686108372 0.0
1926 -0.010023196910336093 0.0
1927 -0.010104492560471771 0.0
1928 -0.010185806388874754 0.0
1929 -0.01026713814784904 0.0
1930 -0.01034848758964395 0.0
1931 -0.010429854466454992 0.0
1932 -0.010511238530424547 0.0
1933 -0.010592639533642645 0.0
1934 -0.010674057228147734 0.0
1935 -0.010755491365927355 0.0
1936 -0.010836941698919023 0.0
1937 -0.010918407979010895 0.0
1938 -0.010999889958042557 0.0
1939 -0.01108138738780579 0.0
1940 -0.011162900020045247 0.0
1941 -0.011244427606459335 0.0
1942 -0.011325969898700907 0.0
1943 -0.01140752664837796 0.0
1944 -0.01148909760705451 0.0
1945 -0.011570682526251288 0.0
1946 -0.011652281157446445 0.0
1947 -0.011733893252076417 0.0
1948 -0.011815518561536634 0.0
1949 -0.011897156837182201 0.0
1950 -0.011978807830328796 0.0
1951 -0.012060471292253336 0.0
1952 -0.012142146974194768 0.0
1953 -0.012223834627354765 0.0
1954 -0.012305534002898586 0.0
1955 -0.012387244851955765 0.0
1956 -0.012468966925620885 0.0
1957 -0.012550699974954359 0.0
1958 -0.012632443750983102 0.0
1959 -0.012714198004701416 0.0
1960 -0.012795962487071667 0.0
1961 -0.012877736949025081 0.0
1962 -0.012959521141462427 0.0
1963 -0.013041314815254888 0.0
1964 -0.01312311772124475 0.0
1965 -0.013204929610246175 0.0
1966 -0.013286750233045984 0.0
1967 -0.013368579340404325 0.0
1968 -0.013450416683055567 0.0
1969 -0.013532262011708974 0.0
1970 -0.013614115077049481 0.0
1971 -0.013695975629738472 0.0
1972 -0.013777843420414472 0.0
1973 -0.013859718199694008 0.0
1974 -0.013941599718172305 0.0
1975 -0.014023487726424078 0.0
1976 -0.014105381975004213 0.0
1977 -0.014187282214448644 0.0
1978 -0.01426918819527504 0.0
1979 -0.014351099667983598 0.0
1980 -0.014433016383057728 0.0
1981 -0.014514938090964928 0.0
1982 -0.01459686454215749 0.0
1983 -0.014678795487073194 0.0
1984 -0.014760730676136194 0.0
1985 -0.014842669859757714 0.0
1986 -0.01492461278833675 0.0
1987 -0.015006559212260951 0.0
1988 -0.0150885088819073 0.0
1989 -0.015170461547642908 0.0
1990 -0.015252416959825705 0.0
1991 -0.01533437486880531 0.0
1992 -0.015416335024923723 0.0
1993 -0.015498297178516088 0.0
1994 -0.015580261079911499 0.0
1995 -0.01566222647943365 0.0
1996 -0.015744193127401745 0.0
1997 -0.015826160774131157 0.0
1998 -0.015908129169934237 0.0
1999 -0.015990098065121 0.0
2000 -0.01607206721 0.0
2001 -0.01607206721 0.0
2002 -0.01607206721 0.0
2003 -0.01607206721 0.0
2004 -0.01607206721 0.0
2005 -0.01607206721 0.0
2006 -0.01607206721 0.0
2007 -0.01607206721 0.0
2008 -0.01607206721 0.0
2009 -0.01607206721 0.0
2010 -0.01607206721 0.0
2011 -0.01607206721 0.0
2012 -0.01607206721 0.0
2013 -0.01607206721 0.0
2014 -0.01607206721 0.0
2015 -0.01607206721 0.0
2016 -0.01607206721 0.0
2017 -0.01607206721 0.0
2018 -0.01607206721 0.0
2019 -0.01607206721 0.0
2020 -0.01607206721 0.0
2021 -0.01607206721 0.0
2022 -0.01607206721 0.0
2023 -0.01607206721 0.0
2024 -0.01607206721 0.0
2025 -0.01607206721 0.0
2026 -0.01607206721 0.0
2027 -0.01607206721 0.0
2028 -0.01607206721 0.0
2029 -0.01607206721 0.0
2030 -0.01607206721 0.0
2031 -0.01607206721 0.0
2032 -0.01607206721 0.0
2033 -0.01607206721 0.0
2034 -0.01607206721 0.0
2035 -0.01607206721 0.0
2036 -0.01607206721 0.0
2037 -0.01607206721 0.0
2038 -0.01607206721 0.0
2039 -0.01607206721 0.0
2040 -0.01607206721 0.0
2041 -0.01607206721 0.0
2042 -0.01607206721 0.0
2043 -0.01607206721 0.0
2044 -0.01607206721 0.0
2045 -0.01607206721 0.0
2046 -0.01607206721 0.0
2047 -0.01607206721 0.0
2048 -0.01607206721 0.0
2049 -0.01607206721 0.0
2050 -0.01607206721 0.0
2051 -0.01607206721 0.0
2052 -0.01607206721 0.0
2053 -0.01607206721 0.0
2054 -0.01607206721 0.0
2055 -0.01607206721 0.0
2056 -0.01607206721 0.0
2057 -0.01607206721 0.0
2058 -0.01607206721 0.0
2059 -0.01607206721 0.0
2060 -0.01607206721 0.0
2061 -0.01607206721 0.0
2062 -0.01607206721 0.0
2063 -0.01607206721 0.0
2064 -0.01607206721 0.0
2065 -0.01607206721 0.0
2066 -0.01607206721 0.0
2067 -0.01607206721 0.0
2068 -0.01607206721 0.0
2069 -0.01607206721 0.0
2070 -0.01607206721 0.0
2071 -0.01607206721 0.0
2072 -0.01607206721 0.0
2073 -0.01607206721 0.0
2074 -0.01607206721 0.0
2075 -0.01607206721 0.0
2076 -0.01607206721 0.0
2077 -0.01607206721 0.0
2078 -0.01607206721 0.0
2079 -0.01607206721 0.0
2080 -0.01607206721 0.0
2081 -0.01607206721 0.0
2082 -0.01607206721 0.0
2083 -0.01607206721 0.0
2084 -0.01607206721 0.0
2085 -0.01607206721 0.0
2086 -0.01607206721 0.0
2087 -0.01607206721 0.0
2088 -0.01607206721 0.0
2089 -0.01607206721 0.0
2090 -0.01607206721 0.0
2091 -0.01607206721 0.0
2092 -0.01607206721 0.0
2093 -0.01607206721 0.0
2094 -0.01607206721 0.0
2095 -0.01607206721 0.0
2096 -0.01607206721 0.0
2097 -0.01607206721 0.0
2098 -0.01607206721 0.0
2099 -0.01607206721 0.0
2100 -0.01607206721 0.0
2101 -0.01607206721 0.0
2102 -0.01607206721 0.0
2103 -0.01607206721 0.0
2104 -0.01607206721 0.0
2105 -0.01607206721 0.0
2106 -0.01607206721 0.0
2107 -0.01607206721 0.0
2108 -0.01607206721 0.0
2109 -0.01607206721 0.0
2110 -0.01607206721 0.0
2111 -0.01607206721 0.0
2112 -0.01607206721 0.0
2113 -0.01607206721 0.0
2114 -0.01607206721 0.0
2115 -0.01607206721 0.0
2116 -0.01607206721 0.0
2117 -0.01607206721 0.0
2118 -0.01607206721 0.0
2119 -0.01607206721 0.0
2120 -0.01607206721 0.0
2121 -0.01607206721 0.0
2122 -0.01607206721 0.0
2123 -0.01607206721 0.0
2124 -0.01607206721 0.0
2125 -0.01607206721 0.0
2126 -0.01607206721 0.0
2127 -0.01607206721 0.0
2128 -0.01607206721 0.0
2129 -0.01607206721 0.0
2130 -0.01607206721 0.0
2131 -0.01607206721 0.0
2132 -0.01607206721 0.0
2133 -0.01607206721 0.0
2134 -0.01607206721 0.0
2135 -0.01607206721 0.0
2136 -0.01607206721 0.0
2137 -0.01607206721 0.0
2138 -0.01607206721 0.0
2139 -0.01607206721 0.0
2140 -0.01607206721 0.0
2141 -0.01607206721 0.0
2142 -0.01607206721 0.0
2143 -0.01607206721 0.0
2144 -0.01607206721 0.0
2145 -0.01607206721 0.0
2146 -0.01607206721 0.0
2147 -0.01607206721 0.0
2148 -0.01607206721 0.0
2149 -0.01607206721 0.0
2150 -0.01607206721 0.0
2151 -0.01607206721 0.0
2152 -0.01607206721 0.0
2153 -0.01607206721 0.0
2154 -0.01607206721 0.0
2155 -0.01607206721 0.0
2156 -0.01607206721 0.0
2157 -0.01607206721 0.0
2158 -0.01607206721 0.0
2159 -0.01607206721 0.0
2160 -0.01607206721 0.0
2161 -0.01607206721 0.0
2162 -0.01607206721 0.0
2163 -0.01607206721 0.0
2164 -0.01607206721 0.0
2165 -0.01607206721 0.0
2166 -0.01607206721 0.0
2167 -0.01607206721 0.0
2168 -0.01607206721 0.0
2169 -0.01607206721 0.0
2170 -0.01607206721 0.0
2171 -0.01607206721 0.0
2172 -0.01607206721 0.0
2173 -0.01607206721 0.0
2174 -0.01607206721 0.0
2175 -0.01607206721 0.0
2176 -0.01607206721 0.0
2177 -0.01607206721 0.0
2178 -0.01607206721 0.0
2179 -0.01607206721 0.0
2180 -0.01607206721 0.0
2181 -0.01607206721 0.0
2182 -0.01607206721 0.0
2183 -0.01607206721 0.0
2184 -0.01607206721 0.0
2185 -0.01607206721 0.0
2186 -0.01607206721 0.0
2187 -0.01607206721 0.0
2188 -0.01607206721 0.0
2189 -0.01607206721 0.0
2190 -0.01607206721 0.0
2191 -0.01607206721 0.0
2192 -0.01607206721 0.0
2193 -0.01607206721 0.0
2194 -0.01607206721 0.0
2195 -0.01607206721 0.0
2196 -0.01607206721 0.0
2197 -0.01607206721 0.0
2198 -0.01607206721 0.0
2199 -0.01607206721 0.0