2200 0.000002100546602 1.0
2
0 -0.0019286480651999997 0.0
1 -0.0019286480651999997 0.0
2 -0.0019286480651999997 0.0
3 -0.0019286480651999997 0.0
4 -0.0019286480651999997 0.0
5 -0.0019286480651999997 0.0
6 -0.0019286480651999997 0.0
7 -0.0019286480651999997 0.0
8 -0.0019286480651999997 0.0
9 -0.0019286480651999997 0.0
10 -0.0019286480651999997 0.0
11 -0.0019286480651999997 0.0
12 -0.0019286480651999997 0.0
13 -0.0019286480651999997 0.0
14 -0.0019286480651999997 0.0
15 -0.0019286480651999997 0.0
16 -0.0019286480651999997 0.0
17 -0.0019286480651999997 0.0
18 -0.0019286480651999997 0.0
19 -0.0019286480651999997 0.0
20 -0.0019286480651999997 0.0
21 -0.0019286480651999997 0.0
22 -0.0019286480651999997 0.0
23 -0.0019286480651999997 0.0
24 -0.0019286480651999997 0.0
25 -0.0019286480651999997 0.0
26 -0.0019286480651999997 0.0
27 -0.0019286480651999997 0.0
28 -0.0019286480651999997 0.0
29 -0.0019286480651999997 0.0
30 -0.0019286480651999997 0.0
31 -0.0019286480651999997 0.0
32 -0.0019286480651999997 0.0
33 -0.0019286480651999997 0.0
34 -0.0019286480651999997 0.0
35 -0.0019286480651999997 0.0
36 -0.0019286480651999997 0.0
37 -0.0019286480651999997 0.0
38 -0.0019286480651999997 0.0
39 -0.0019286480651999997 0.0
40 -0.0019286480651999997 0.0
41 -0.0019286480651999997 0.0
42 -0.0019286480651999997 0.0
43 -0.0019286480651999997 0.0
44 -0.0019286480651999997 0.0
45 -0.0019286480651999997 0.0
46 -0.0019286480651999997 0.0
47 -0.0019286480651999997 0.0
48 -0.0019286480651999997 0.0
49 -0.0019286480651999997 0.0
50 -0.0019286480651999997 0.0
51 -0.0019286480651999997 0.0
52 -0.0019286480651999997 0.0
53 -0.0019286480651999997 0.0
54 -0.0019286480651999997 0.0
55 -0.0019286480651999997 0.0
56 -0.0019286480651999997 0.0
57 -0.0019286480651999997 0.0
58 -0.0019286480651999997 0.0
59 -0.0019286480651999997 0.0
60 -0.0019286480651999997 0.0
61 -0.0019286480651999997 0.0
62 -0.0019286480651999997 0.0
63 -0.0019286480651999997 0.0
64 -0.0019286480651999997 0.0
65 -0.0019286480651999997 0.0
66 -0.0019286480651999997 0.0
67 -0.0019286480651999997 0.0
68 -0.0019286480651999997 0.0
69 -0.0019286480651999997 0.0
70 -0.0019286480651999997 0.0
71 -0.0019286480651999997 0.0
72 -0.0019286480651999997 0.0
73 -0.0019286480651999997 0.0
74 -0.0019286480651999997 0.0
75 -0.0019286480651999997 0.0
76 -0.0019286480651999997 0.0
77 -0.0019286480651999997 0.0
78 -0.0019286480651999997 0.0
79 -0.0019286480651999997 0.0
80 -0.0019286480651999997 0.0
81 -0.0019286480651999997 0.0
82 -0.0019286480651999997 0.0
83 -0.0019286480651999997 0.0
84 -0.0019286480651999997 0.0
85 -0.0019286480651999997 0.0
86 -0.0019286480651999997 0.0
87 -0.0019286480651999997 0.0
88 -0.0019286480651999997 0.0
89 -0.0019286480651999997 0.0
90 -0.0019286480651999997 0.0
91 -0.0019286480651999997 0.0
92 -0.0019286480651999997 0.0
93 -0.0019286480651999997 0.0
94 -0.0019286480651999997 0.0
95 -0.0019286480651999997 0.0
96 -0.0019286480651999997 0.0
97 -0.0019286480651999997 0.0
98 -0.0019286480651999997 0.0
99 -0.0019286480651999997 0.0
100 -0.0019286480651999997 0.0
101 -0.0019286480651999997 0.0
102 -0.0019286480651999997 0.0
103 -0.0019286480651999997 0.0
104 -0.0019286480651999997 0.0
105 -0.0019286480651999997 0.0
106 -0.0019286480651999997 0.0
107 -0.0019286480651999997 0.0
108 -0.0019286480651999997 0.0
109 -0.0019286480651999997 0.0
110 -0.0019286480651999997 0.0
111 -0.0019286480651999997 0.0
112 -0.0019286480651999997 0.0
113 -0.0019286480651999997 0.0
114 -0.0019286480651999997 0.0
115 -0.0019286480651999997 0.0
116 -0.0019286480651999997 0.0
117 -0.0019286480651999997 0.0
118 -0.0019286480651999997 0.0
119 -0.0019286480651999997 0.0
120 -0.0019286480651999997 0.0
121 -0.0019286480651999997 0.0
122 -0.0019286480651999997 0.0
123 -0.0019286480651999997 0.0
124 -0.0019286480651999997 0.0
125 -0.0019286480651999997 0.0
126 -0.0019286480651999997 0.0
127 -0.0019286480651999997 0.0
128 -0.0019286480651999997 0.0
129 -0.0019286480651999997 0.0
130 -0.0019286480651999997 0.0
131 -0.0019286480651999997 0.0
132 -0.0019286480651999997 0.0
133 -0.0019286480651999997 0.0
134 -0.0019286480651999997 0.0
135 -0.0019286480651999997 0.0
136 -0.0019286480651999997 0.0
137 -0.0019286480651999997 0.0
138 -0.0019286480651999997 0.0
139 -0.0019286480651999997 0.0
140 -0.0019286480651999997 0.0
141 -0.0019286480651999997 0.0
142 -0.0019286480651999997 0.0
143 -0.0019286480651999997 0.0
144 -0.0019286480651999997 0.0
145 -0.0019286480651999997 0.0
146 -0.0019286480651999997 0.0
147 -0.0019286480651999997 0.0
148 -0.0019286480651999997 0.0
149 -0.0019286480651999997 0.0
150 -0.0019286480651999997 0.0
151 -0.0019286480651999997 0.0
152 -0.0019286480651999997 0.0
153 -0.0019286480651999997 0.0
154 -0.0019286480651999997 0.0
155 -0.0019286480651999997 0.0
156 -0.0019286480651999997 0.0
157 -0.0019286480651999997 0.0
158 -0.0019286480651999997 0.0
159 -0.0019286480651999997 0.0
160 -0.0019286480651999997 0.0
161 -0.0019286480651999997 0.0
162 -0.0019286480651999997 0.0
163 -0.0019286480651999997 0.0
164 -0.0019286480651999997 0.0
165 -0.0019286480651999997 0.0
166 -0.0019286480651999997 0.0
167 -0.0019286480651999997 0.0
168 -0.0019286480651999997 0.0
169 -0.0019286480651999997 0.0
170 -0.0019286480651999997 0.0
171 -0.0019286480651999997 0.0
172 -0.0019286480651999997 0.0
173 -0.0019286480651999997 0.0
174 -0.0019286480651999997 0.0
175 -0.0019286480651999997 0.0
176 -0.0019286480651999997 0.0
177 -0.0019286480651999997 0.0
178 -0.0019286480651999997 0.0
179 -0.0019286480651999997 0.0
180 -0.0019286480651999997 0.0
181 -0.0019286480651999997 0.0
182 -0.0019286480651999997 0.0
183 -0.0019286480651999997 0.0
184 -0.0019286480651999997 0.0
185 -0.0019286480651999997 0.0
186 -0.0019286480651999997 0.0
187 -0.0019286480651999997 0.0
188 -0.0019286480651999997 0.0
189 -0.0019286480651999997 0.0
190 -0.0019286480651999997 0.0
191 -0.0019286480651999997 0.0
192 -0.0019286480651999997 0.0
193 -0.0019286480651999997 0.0
194 -0.0019286480651999997 0.0
195 -0.0019286480651999997 0.0
196 -0.0019286480651999997 0.0
197 -0.0019286480651999997 0.0
198 -0.0019286480651999997 0.0
199 -0.0019286480651999997 0.0
200 -0.0019286480651999997 0.0
201 -0.0019401803573463417 0.0
202 -0.001951712605032088 0.0
203 -0.0019632447637968147 0.0
204 -0.00197477678918044 0.0
205 -0.001986308636723397 0.0
206 -0.001997840261966804 0.0
207 -0.002009371620452637 0.0
208 -0.0020209026677238994 0.0
209 -0.002032433359324795 0.0
210 -0.002043963650800899 0.0
211 -0.002055493497699329 0.0
212 -0.002067022855568917 0.0
213 -0.0020785516799603793 0.0
214 -0.0020900799264264897 0.0
215 -0.00210160755052225 0.0
216 -0.002113134507805061 0.0
217 -0.002124660753834896 0.0
218 -0.0021361862441744675 0.0
219 -0.0021477109343894037 0.0
220 -0.002159234780048417 0.0
221 -0.0021707577367234753 0.0
222 -0.0021822797599899742 0.0
223 -0.002193800805426908 0.0
224 -0.00220532082861704 0.0
225 -0.0022168397851470767 0.0
226 -0.002228357630607834 0.0
227 -0.0022398743205944136 0.0
228 -0.0022513898107063713 0.0
229 -0.0022629040565478875 0.0
230 -0.002274417013727942 0.0
231 -0.0022859286378604806 0.0
232 -0.0022974388845645897 0.0
233 -0.002308947709464666 0.0
234 -0.002320455068190587 0.0
235 -0.002331960916377884 0.0
236 -0.00234346520966791 0.0
237 -0.0023549679037080146 0.0
238 -0.002366468954151712 0.0
239 -0.002377968316658853 0.0
240 -0.0023894659468957965 0.0
241 -0.0024009618005355784 0.0
242 -0.0024124558332580858 0.0
243 -0.002423948000750225 0.0
244 -0.0024354382587060937 0.0
245 -0.0024469265628271506 0.0
246 -0.0024584128688223883 0.0
247 -0.0024698971324085012 0.0
248 -0.0024813793093100603 0.0
249 -0.0024928593552596794 0.0
250 -0.0025043372259981878 0.0
251 -0.0025158128772748015 0.0
252 -0.002527286264847294 0.0
253 -0.0025387573444821646 0.0
254 -0.002550226071954811 0.0
255 -0.0025616924030497 0.0
256 -0.0025731562935605357 0.0
257 -0.0025846176992904324 0.0
258 -0.002596076576052084 0.0
259 -0.002607532879667934 0.0
260 -0.002618986565970347 0.0
261 -0.0026304375908017767 0.0
262 -0.002641885910014939 0.0
263 -0.0026533314794729796 0.0
264 -0.0026647742550496463 0.0
265 -0.002676214192629458 0.0
266 -0.002687651248107875 0.0
267 -0.0026990853773914687 0.0
268 -0.002710516536398092 0.0
269 -0.002721944681057049 0.0
270 -0.0027333697673092654 0.0
271 -0.002744791751107458 0.0
272 -0.0027562105884163047 0.0
273 -0.002767626235212613 0.0
274 -0.002779038647485492 0.0
275 -0.0027904477812365205 0.0
276 -0.0028018535924799175 0.0
277 -0.0028132560372427103 0.0
278 -0.0028246550715649056 0.0
279 -0.002836050651499659 0.0
280 -0.0028474427331134427 0.0
281 -0.002858831272486217 0.0
282 -0.002870216225711597 0.0
283 -0.0028815975488970264 0.0
284 -0.0028929751981639417 0.0
285 -0.0029043491296479435 0.0
286 -0.002915719299498966 0.0
287 -0.002927085663881447 0.0
288 -0.002938448178974493 0.0
289 -0.0029498068009720527 0.0
290 -0.002961161486083083 0.0
291 -0.00297251219053172 0.0
292 -0.0029838588705574437 0.0
293 -0.0029952014824152526 0.0
294 -0.0030065399823758273 0.0
295 -0.0030178743267257023 0.0
296 -0.003029204471767433 0.0
297 -0.003040530373819763 0.0
298 -0.003051851989217796 0.0
299 -0.003063169274313161 0.0
300 -0.003074482185474182 0.0
301 -0.003085790679086045 0.0
302 -0.003097094711550968 0.0
303 -0.003108394239288369 0.0
304 -0.0031196892187350315 0.0
305 -0.003130979606345274 0.0
306 -0.0031422653585911186 0.0
307 -0.003153546431962459 0.0
308 -0.003164822782967226 0.0
309 -0.0031760943681315578 0.0
310 -0.0031873611439999653 0.0
311 -0.0031986230671355005 0.0
312 -0.0032098800941199263 0.0
313 -0.00322113218155388 0.0
314 -0.0032323792860570423 0.0
315 -0.003243621364268306 0.0
316 -0.003254858372845941 0.0
317 -0.0032660902684677616 0.0
318 -0.0032773170078312956 0.0
319 -0.003288538547653948 0.0
320 -0.003299754844673172 0.0
321 -0.0033109658556466307 0.0
322 -0.003322171537352369 0.0
323 -0.003333371846588976 0.0
324 -0.003344566740175755 0.0
325 -0.003355756174952887 0.0
326 -0.0033669401077815984 0.0
327 -0.0033781184955443285 0.0
328 -0.0033892912951448933 0.0
329 -0.0034004584635086536 0.0
330 -0.003411619957582681 0.0
331 -0.0034227757343359214 0.0
332 -0.003433925750759365 0.0
333 -0.0034450699638662076 0.0
334 -0.0034562083306920203 0.0
335 -0.0034673408082949125 0.0
336 -0.0034784673537557 0.0
337 -0.0034895879241780663 0.0
338 -0.0035007024766887324 0.0
339 -0.00351181096843762 0.0
340 -0.003522913356598016 0.0
341 -0.00353400959836674 0.0
342 -0.0035450996509643062 0.0
343 -0.003556183471635092 0.0
344 -0.0035672610176474993 0.0
345 -0.00357833224629412 0.0
346 -0.003589397114891904 0.0
347 -0.0036004555807823187 0.0
348 -0.0036115076013315183 0.0
349 -0.003622553133930504 0.0
350 -0.0036335921359952894 0.0
351 -0.0036446245649670687 0.0
352 -0.0036556503783123735 0.0
353 -0.0036666695335232434 0.0
354 -0.0036776819881173856 0.0
355 -0.0036886876996383416 0.0
356 -0.0036996866256556486 0.0
357 -0.0037106787237650043 0.0
358 -0.0037216639515884305 0.0
359 -0.0037326422667744354 0.0
360 -0.003743613626998178 0.0
361 -0.003754577989961631 0.0
362 -0.0037655353133937437 0.0
363 -0.003776485555050604 0.0
364 -0.0037874286727156044 0.0
365 -0.0037983646241996007 0.0
366 -0.003809293367341077 0.0
367 -0.0038202148600063076 0.0
368 -0.003831129060089521 0.0
369 -0.00384203592551306 0.0
370 -0.003852935414227544 0.0
371 -0.0038638274842120327 0.0
372 -0.0038747120934741874 0.0
373 -0.0038855892000504337 0.0
374 -0.00389645876200612 0.0
375 -0.003907320737435684 0.0
376 -0.0039181750844628094 0.0
377 -0.0039290217612405936 0.0
378 -0.003939860725951701 0.0
379 -0.003950691936808531 0.0
380 -0.003961515352053375 0.0
381 -0.00397233092995858 0.0
382 -0.00398313862882671 0.0
383 -0.0039939384069907005 0.0
384 -0.004004730222814027 0.0
385 -0.0040155140346908634 0.0
386 -0.004026289801046239 0.0
387 -0.0040370574803362015 0.0
388 -0.004047817031047977 0.0
389 -0.004058568411700132 0.0
390 -0.004069311580842727 0.0
391 -0.004080046497057482 0.0
392 -0.004090773118957938 0.0
393 -0.004101491405189607 0.0
394 -0.004112201314430144 0.0
395 -0.004122902805389494 0.0
396 -0.0041335958368100625 0.0
397 -0.004144280367466866 0.0
398 -0.004154956356167695 0.0
399 -0.00416562376175327 0.0
400 -0.004176282543097405 0.0
401 -0.004186932659107161 0.0
402 -0.004197574068723009 0.0
403 -0.004208206730918984 0.0
404 -0.004218830604702846 0.0
405 -0.004229445649116234 0.0
406 -0.004240051823234833 0.0
407 -0.004250649086168518 0.0
408 -0.004261237397061527 0.0
409 -0.004271816715092606 0.0
410 -0.004282386999475175 0.0
411 -0.004292948209457477 0.0
412 -0.004303500304322742 0.0
413 -0.0043140432433893434 0.0
414 -0.004324576986010952 0.0
415 -0.00433510149157669 0.0
416 -0.004345616719511296 0.0
417 -0.0043561226292752765 0.0
418 -0.00436661918036506 0.0
419 -0.0043771063323131566 0.0
420 -0.004387584044688314 0.0
421 -0.004398052277095671 0.0
422 -0.004408510989176915 0.0
423 -0.004418960140610439 0.0
424 -0.004429399691111493 0.0
425 -0.004439829600432342 0.0
426 -0.004450249828362422 0.0
427 -0.004460660334728492 0.0
428 -0.004471061079394793 0.0
429 -0.0044814520222631994 0.0
430 -0.004491833123273372 0.0
431 -0.0045022043424029195 0.0
432 -0.004512565639667544 0.0
433 -0.004522916975121204 0.0
434 -0.004533258308856261 0.0
435 -0.004543589601003636 0.0
436 -0.004553910811732964 0.0
437 -0.004564221901252749 0.0
438 -0.004574522829810511 0.0
439 -0.004584813557692949 0.0
440 -0.004595094045226086 0.0
441 -0.004605364252775424 0.0
442 -0.0046156241407460975 0.0
443 -0.00462587366958303 0.0
444 -0.004636112799771077 0.0
445 -0.00464634149183519 0.0
446 -0.004656559706340557 0.0
447 -0.004666767403892765 0.0
448 -0.004676964545137943 0.0
449 -0.004687151090762922 0.0
450 -0.00469732700149538 0.0
451 -0.004707492238103995 0.0
452 -0.004717646761398599 0.0
453 -0.004727790532230328 0.0
454 -0.004737923511491769 0.0
455 -0.004748045660117116 0.0
456 -0.004758156939082318 0.0
457 -0.004768257309405229 0.0
458 -0.004778346732145763 0.0
459 -0.004788425168406035 0.0
460 -0.004798492579330518 0.0
461 -0.0048085489261061945 0.0
462 -0.004818594169962699 0.0
463 -0.0048286282721724735 0.0
464 -0.004838651194050913 0.0
465 -0.004848662896956514 0.0
466 -0.004858663342291033 0.0
467 -0.004868652491499621 0.0
468 -0.00487863030607098 0.0
469 -0.004888596747537514 0.0
470 -0.004898551777475471 0.0
471 -0.0049084953575050955 0.0
472 -0.004918427449290774 0.0
473 -0.004928348014541183 0.0
474 -0.004938257015009441 0.0
475 -0.004948154412493248 0.0
476 -0.004958040168835038 0.0
477 -0.00496791424592213 0.0
478 -0.004977776605686862 0.0
479 -0.004987627210106755 0.0
480 -0.004997466021204641 0.0
481 -0.005007293001048827 0.0
482 -0.005017108111753229 0.0
483 -0.0050269113154775245 0.0
484 -0.005036702574427293 0.0
485 -0.005046481850854169 0.0
486 -0.005056249107055978 0.0
487 -0.005066004305376895 0.0
488 -0.005075747408207572 0.0
489 -0.005085478377985302 0.0
490 -0.005095197177194149 0.0
491 -0.005104903768365103 0.0
492 -0.0051145981140762135 0.0
493 -0.005124280176952745 0.0
494 -0.005133949919667315 0.0
495 -0.00514360730494004 0.0
496 -0.005153252295538676 0.0
497 -0.005162884854278764 0.0
498 -0.005172504944023777 0.0
499 -0.005182112527685259 0.0
500 -0.005191707568222967 0.0
501 -0.005201290028645016 0.0
502 -0.005210859872008024 0.0
503 -0.005220417061417247 0.0
504 -0.00522996156002673 0.0
505 -0.005239493331039444 0.0
506 -0.005249012337707428 0.0
507 -0.005258518543331932 0.0
508 -0.005268011911263557 0.0
509 -0.0052774924049024015 0.0
510 -0.005286959987698191 0.0
511 -0.005296414623150435 0.0
512 -0.005305856274808552 0.0
513 -0.00531528490627202 0.0
514 -0.0053247004811905144 0.0
515 -0.005334102963264046 0.0
516 -0.005343492316243106 0.0
517 -0.005352868503928797 0.0
518 -0.005362231490172982 0.0
519 -0.005371581238878421 0.0
520 -0.005380917713998903 0.0
521 -0.0053902408795393954 0.0
522 -0.005399550699556178 0.0
523 -0.0054088471381569785 0.0
524 -0.005418130159501121 0.0
525 -0.005427399727799648 0.0
526 -0.0054366558073154735 0.0
527 -0.005445898362363517 0.0
528 -0.0054551273573108326 0.0
529 -0.005464342756576758 0.0
530 -0.005473544524633046 0.0
531 -0.005482732626003997 0.0
532 -0.005491907025266607 0.0
533 -0.005501067687050696 0.0
534 -0.005510214576039045 0.0
535 -0.005519347656967533 0.0
536 -0.005528466894625276 0.0
537 -0.005537572253854759 0.0
538 -0.005546663699551971 0.0
539 -0.0055557411966665445 0.0
540 -0.0055648047102018865 0.0
541 -0.005573854205215315 0.0
542 -0.005582889646818196 0.0
543 -0.0055919110001760725 0.0
544 -0.005600918230508805 0.0
545 -0.005609911303090702 0.0
546 -0.005618890183250651 0.0
547 -0.005627854836372263 0.0
548 -0.005636805227893991 0.0
549 -0.005645741323309276 0.0
550 -0.005654663088166673 0.0
551 -0.005663570488069986 0.0
552 -0.0056724634886784015 0.0
553 -0.005681342055706618 0.0
554 -0.005690206154924981 0.0
555 -0.005699055752159612 0.0
556 -0.005707890813292547 0.0
557 -0.005716711304261858 0.0
558 -0.0057255171910617925 0.0
559 -0.005734308439742901 0.0
560 -0.005743085016412168 0.0
561 -0.0057518468872331426 0.0
562 -0.005760594018426072 0.0
563 -0.005769326376268027 0.0
564 -0.005778043927093035 0.0
565 -0.005786746637292209 0.0
566 -0.005795434473313879 0.0
567 -0.0058041074016637155 0.0
568 -0.005812765388904868 0.0
569 -0.005821408401658083 0.0
570 -0.005830036406601843 0.0
571 -0.005838649370472488 0.0
572 -0.0058472472600643475 0.0
573 -0.005855830042229865 0.0
574 -0.00586439768387973 0.0
575 -0.005872950151983001 0.0
576 -0.005881487413567238 0.0
577 -0.005890009435718625 0.0
578 -0.0058985161855820995 0.0
579 -0.005907007630361479 0.0
580 -0.005915483737319586 0.0
581 -0.005923944473778374 0.0
582 -0.005932389807119057 0.0
583 -0.005940819704782231 0.0
584 -0.005949234134268003 0.0
585 -0.005957633063136116 0.0
586 -0.005966016459006064 0.0
587 -0.0059743842895572385 0.0
588 -0.005982736522529031 0.0
589 -0.00599107312572097 0.0
590 -0.005999394066992839 0.0
591 -0.006007699314264808 0.0
592 -0.006015988835517548 0.0
593 -0.00602426259879236 0.0
594 -0.006032520572191297 0.0
595 -0.006040762723877289 0.0
596 -0.006048989022074258 0.0
597 -0.006057199435067252 0.0
598 -0.006065393931202559 0.0
599 -0.006073572478887832 0.0
600 -0.006081735046592209 0.0
601 -0.006089881602846437 0.0
602 -0.0060980121162429925 0.0
603 -0.006106126555436202 0.0
604 -0.006114224889142361 0.0
605 -0.0061223070861398604 0.0
606 -0.0061303731152693 0.0
607 -0.0061384229454336135 0.0
608 -0.006146456545598186 0.0
609 -0.006154473884790975 0.0
610 -0.006162474932102626 0.0
611 -0.006170459656686602 0.0
612 -0.006178428027759288 0.0
613 -0.006186380014600119 0.0
614 -0.0061943155865516976 0.0
615 -0.006202234713019911 0.0
616 -0.006210137363474048 0.0
617 -0.006218023507446916 0.0
618 -0.006225893114534964 0.0
619 -0.006233746154398393 0.0
620 -0.006241582596761275 0.0
621 -0.006249402411411673 0.0
622 -0.006257205568201755 0.0
623 -0.0062649920370479095 0.0
624 -0.006272761787930859 0.0
625 -0.006280514790895786 0.0
626 -0.006288251016052435 0.0
627 -0.006295970433575238 0.0
628 -0.006303673013703424 0.0
629 -0.006311358726741135 0.0
630 -0.006319027543057543 0.0
631 -0.00632667943308696 0.0
632 -0.006334314367328957 0.0
633 -0.00634193231634847 0.0
634 -0.0063495332507759236 0.0
635 -0.0063571171413073346 0.0
636 -0.006364683958704434 0.0
637 -0.00637223367379477 0.0
638 -0.006379766257471828 0.0
639 -0.0063872816806951425 0.0
640 -0.006394779914490404 0.0
641 -0.006402260929949573 0.0
642 -0.006409724698230995 0.0
643 -0.006417171190559507 0.0
644 -0.006424600378226551 0.0
645 -0.006432012232590281 0.0
646 -0.006439406725075682 0.0
647 -0.0064467838271746675 0.0
648 -0.006454143510446203 0.0
649 -0.0064614857465164054 0.0
650 -0.006468810507078656 0.0
651 -0.00647611776389371 0.0
652 -0.006483407488789806 0.0
653 -0.006490679653662774 0.0
654 -0.006497934230476141 0.0
655 -0.006505171191261243 0.0
656 -0.006512390508117331 0.0
657 -0.00651959215321168 0.0
658 -0.0065267760987796925 0.0
659 -0.00653394231712501 0.0
660 -0.00654109078061962 0.0
661 -0.006548221461703958 0.0
662 -0.006555334332887015 0.0
663 -0.006562429366746447 0.0
664 -0.006569506535928678 0.0
665 -0.006576565813149007 0.0
666 -0.006583607171191709 0.0
667 -0.006590630582910146 0.0
668 -0.006597636021226867 0.0
669 -0.006604623459133716 0.0
670 -0.00661159286969193 0.0
671 -0.006618544226032253 0.0
672 -0.00662547750135503 0.0
673 -0.006632392668930315 0.0
674 -0.0066392897020979705 0.0
675 -0.0066461685742677775 0.0
676 -0.0066530292589195295 0.0
677 -0.00665987172960314 0.0
678 -0.006666695959938744 0.0
679 -0.006673501923616797 0.0
680 -0.006680289594398178 0.0
681 -0.006687058946114292 0.0
682 -0.006693809952667172 0.0
683 -0.006700542588029571 0.0
684 -0.006707256826245075 0.0
685 -0.006713952641428194 0.0
686 -0.0067206300077644636 0.0
687 -0.006727288899510547 0.0
688 -0.006733929290994334 0.0
689 -0.006740551156615035 0.0
690 -0.006747154470843289 0.0
691 -0.0067537392082212475 0.0
692 -0.006760305343362691 0.0
693 -0.006766852850953112 0.0
694 -0.006773381705749821 0.0
695 -0.0067798918825820375 0.0
696 -0.006786383356350993 0.0
697 -0.006792856102030024 0.0
698 -0.006799310094664671 0.0
699 -0.0068057453093727715 0.0
700 -0.00681216172134456 0.0
701 -0.006818559305842758 0.0
702 -0.006824938038202676 0.0
703 -0.006831297893832307 0.0
704 -0.006837638848212412 0.0
705 -0.006843960876896631 0.0
706 -0.006850263955511564 0.0
707 -0.006856548059756869 0.0
708 -0.006862813165405358 0.0
709 -0.0068690592483030884 0.0
710 -0.006875286284369455 0.0
711 -0.006881494249597286 0.0
712 -0.006887683120052931 0.0
713 -0.006893852871876357 0.0
714 -0.0069000034812812415 0.0
715 -0.0069061349245550605 0.0
716 -0.006912247178059178 0.0
717 -0.0069183402182289465 0.0
718 -0.00692441402157379 0.0
719 -0.006930468564677293 0.0
720 -0.006936503824197297 0.0
721 -0.00694251977686599 0.0
722 -0.006948516399489989 0.0
723 -0.00695449366895044 0.0
724 -0.006960451562203094 0.0
725 -0.006966390056278413 0.0
726 -0.006972309128281639 0.0
727 -0.006978208755392899 0.0
728 -0.006984088914867286 0.0
729 -0.006989949584034942 0.0
730 -0.006995790740301153 0.0
731 -0.007001612361146436 0.0
732 -0.0070074144241266175 0.0
733 -0.00701319690687293 0.0
734 -0.007018959787092095 0.0
735 -0.007024703042566401 0.0
736 -0.007030426651153805 0.0
737 -0.007036130590788002 0.0
738 -0.007041814839478519 0.0
739 -0.007047479375310801 0.0
740 -0.007053124176446287 0.0
741 -0.007058749221122504 0.0
742 -0.007064354487653142 0.0
743 -0.007069939954428144 0.0
744 -0.0070755055999137915 0.0
745 -0.0070810514026527745 0.0
746 -0.0070865773412642896 0.0
747 -0.0070920833944441136 0.0
748 -0.0070975695409646895 0.0
749 -0.0071030357596752036 0.0
750 -0.007108482029501673 0.0
751 -0.007113908329447023 0.0
752 -0.0071193146385911685 0.0
753 -0.0071247009360910964 0.0
754 -0.007130067201180943 0.0
755 -0.007135413413172077 0.0
756 -0.007140739551453178 0.0
757 -0.007146045595490317 0.0
758 -0.007151331524827033 0.0
759 -0.007156597319084412 0.0
760 -0.007161842957961173 0.0
761 -0.007167068421233734 0.0
762 -0.0071722736887562975 0.0
763 -0.007177458740460931 0.0
764 -0.0071826235563576335 0.0
765 -0.007187768116534427 0.0
766 -0.007192892401157419 0.0
767 -0.007197996390470892 0.0
768 -0.007203080064797365 0.0
769 -0.0072081434045376865 0.0
770 -0.007213186390171095 0.0
771 -0.0072182090022553025 0.0
772 -0.007223211221426568 0.0
773 -0.007228193028399773 0.0
774 -0.0072331544039684875 0.0
775 -0.00723809532900506 0.0
776 -0.007243015784460677 0.0
777 -0.007247915751365442 0.0
778 -0.0072527952108284496 0.0
779 -0.007257654144037856 0.0
780 -0.007262492532260954 0.0
781 -0.007267310356844241 0.0
782 -0.007272107599213496 0.0
783 -0.00727688424087385 0.0
784 -0.007281640263409852 0.0
785 -0.007286375648485547 0.0
786 -0.007291090377844545 0.0
787 -0.007295784433310086 0.0
788 -0.0073004577967851194 0.0
789 -0.007305110450252366 0.0
790 -0.00730974237577439 0.0
791 -0.0073143535554936676 0.0
792 -0.00731894397163266 0.0
793 -0.007323513606493875 0.0
794 -0.007328062442459941 0.0
795 -0.00733259046199367 0.0
796 -0.007337097647638131 0.0
797 -0.007341583982016712 0.0
798 -0.00734604944783319 0.0
799 -0.007350494027871798 0.0
800 -0.007354917704997285 0.0
801 -0.007359320462154995 0.0
802 -0.007363702282370921 0.0
803 -0.0073680631487517715 0.0
804 -0.007372403044485045 0.0
805 -0.007376721952839083 0.0
806 -0.007381019857163143 0.0
807 -0.00738529674088746 0.0
808 -0.007389552587523306 0.0
809 -0.0073937873806630625 0.0
810 -0.007398001103980274 0.0
811 -0.007402193741229721 0.0
812 -0.0074063652762474735 0.0
813 -0.007410515692950958 0.0
814 -0.00741464497533902 0.0
815 -0.007418753107491983 0.0
816 -0.007422840073571712 0.0
817 -0.007426905857821673 0.0
818 -0.007430950444566996 0.0
819 -0.0074349738182145336 0.0
820 -0.007438975963252919 0.0
821 -0.007442956864252632 0.0
822 -0.0074469165058660535 0.0
823 -0.007450854872827526 0.0
824 -0.007454771949953412 0.0
825 -0.007458667722142152 0.0
826 -0.007462542174374327 0.0
827 -0.0074663952917127085 0.0
828 -0.0074702270593023255 0.0
829 -0.007474037462370514 0.0
830 -0.007477826486226976 0.0
831 -0.007481594116263842 0.0
832 -0.0074853403379557155 0.0
833 -0.007489065136859741 0.0
834 -0.0074927684986156535 0.0
835 -0.007496450408945833 0.0
836 -0.007500110853655364 0.0
837 -0.007503749818632085 0.0
838 -0.007507367289846649 0.0
839 -0.007510963253352572 0.0
840 -0.007514537695286288 0.0
841 -0.007518090601867205 0.0
842 -0.007521621959397756 0.0
843 -0.007525131754263453 0.0
844 -0.0075286199729329385 0.0
845 -0.007532086601958037 0.0
846 -0.007535531627973808 0.0
847 -0.007538955037698601 0.0
848 -0.007542356817934097 0.0
849 -0.00754573695556537 0.0
850 -0.007549095437560931 0.0
851 -0.00755243225097278 0.0
852 -0.0075557473829364575 0.0
853 -0.007559040820671094 0.0
854 -0.007562312551479454 0.0
855 -0.007565562562747991 0.0
856 -0.007568790841946896 0.0
857 -0.0075719973766301425 0.0
858 -0.0075751821544355336 0.0
859 -0.007578345163084756 0.0
860 -0.007581486390383421 0.0
861 -0.007584605824221114 0.0
862 -0.00758770345257144 0.0
863 -0.007590779263492074 0.0
864 -0.007593833245124802 0.0
865 -0.007596865385695568 0.0
866 -0.007599875673514522 0.0
867 -0.007602864096976062 0.0
868 -0.007605830644558879 0.0
869 -0.007608775304826007 0.0
870 -0.007611698066424855 0.0
871 -0.007614598918087265 0.0
872 -0.007617477848629545 0.0
873 -0.007620334846952518 0.0
874 -0.007623169902041559 0.0
875 -0.007625983002966644 0.0
876 -0.007628774138882389 0.0
877 -0.007631543299028091 0.0
878 -0.007634290472727772 0.0
879 -0.007637015649390216 0.0
880 -0.007639718818509015 0.0
881 -0.0076423999696626065 0.0
882 -0.007645059092514313 0.0
883 -0.007647696176812384 0.0
884 -0.007650311212390033 0.0
885 -0.007652904189165481 0.0
886 -0.007655475097141991 0.0
887 -0.007658023926407906 0.0
888 -0.007660550667136693 0.0
889 -0.007663055309586975 0.0
890 -0.0076655378441025735 0.0
891 -0.007667998261112538 0.0
892 -0.007670436551131193 0.0
893 -0.007672852704758166 0.0
894 -0.00767524671267843 0.0
895 -0.007677618565662334 0.0
896 -0.007679968254565642 0.0
897 -0.007682295770329569 0.0
898 -0.007684601103980813 0.0
899 -0.007686884246631592 0.0
900 -0.007689145189479674 0.0
901 -0.007691383923808419 0.0
902 -0.0076936004409868045 0.0
903 -0.007695794732469464 0.0
904 -0.0076979667897967155 0.0
905 -0.007700116604594601 0.0
906 -0.007702244168574908 0.0
907 -0.007704349473535214 0.0
908 -0.0077064325113589075 0.0
909 -0.0077084932740152275 0.0
910 -0.007710531753559288 0.0
911 -0.007712547942132115 0.0
912 -0.007714541831960666 0.0
913 -0.007716513415357874 0.0
914 -0.007718462684722668 0.0
915 -0.007720389632540005 0.0
916 -0.007722294251380896 0.0
917 -0.0077241765339024415 0.0
918 -0.007726036472847853 0.0
919 -0.007727874061046482 0.0
920 -0.007729689291413854 0.0
921 -0.007731482156951684 0.0
922 -0.007733252650747917 0.0
923 -0.0077350007659767435 0.0
924 -0.007736726495898633 0.0
925 -0.007738429833860358 0.0
926 -0.0077401107732950145 0.0
927 -0.007741769307722057 0.0
928 -0.007743405430747316 0.0
929 -0.007745019136063025 0.0
930 -0.007746610417447845 0.0
931 -0.007748179268766886 0.0
932 -0.007749725683971739 0.0
933 -0.007751249657100487 0.0
934 -0.007752751182277737 0.0
935 -0.00775423025371464 0.0
936 -0.007755686865708913 0.0
937 -0.007757121012644859 0.0
938 -0.007758532688993394 0.0
939 -0.007759921889312064 0.0
940 -0.007761288608245067 0.0
941 -0.007762632840523274 0.0
942 -0.007763954580964247 0.0
943 -0.0077652538244722645 0.0
944 -0.007766530566038337 0.0
945 -0.007767784800740223 0.0
946 -0.007769016523742459 0.0
947 -0.007770225730296365 0.0
948 -0.007771412415740072 0.0
949 -0.007772576575498536 0.0
950 -0.007773718205083557 0.0
951 -0.007774837300093795 0.0
952 -0.007775933856214789 0.0
953 -0.007777007869218972 0.0
954 -0.0077780593349656875 0.0
955 -0.007779088249401206 0.0
956 -0.007780094608558741 0.0
957 -0.007781078408558462 0.0
958 -0.007782039645607513 0.0
959 -0.0077829783160000224 0.0
960 -0.007783894416117125 0.0
961 -0.007784787942426965 0.0
962 -0.007785658891484721 0.0
963 -0.007786507259932612 0.0
964 -0.00778733304449991 0.0
965 -0.0077881362420029595 0.0
966 -0.007788916849345181 0.0
967 -0.007789674863517089 0.0
968 -0.007790410281596303 0.0
969 -0.007791123100747555 0.0
970 -0.007791813318222704 0.0
971 -0.0077924809313607455 0.0
972 -0.007793125937587822 0.0
973 -0.007793748334417234 0.0
974 -0.0077943481194494455 0.0
975 -0.007794925290372098 0.0
976 -0.007795479844960016 0.0
977 -0.0077960117810752195 0.0
978 -0.007796521096666928 0.0
979 -0.007797007789771569 0.0
980 -0.007797471858512789 0.0
981 -0.007797913301101459 0.0
982 -0.007798332115835678 0.0
983 -0.007798728301100785 0.0
984 -0.007799101855369362 0.0
985 -0.00779945277720124 0.0
986 -0.0077997810652435055 0.0
987 -0.007800086718230505 0.0
988 -0.007800369734983851 0.0
989 -0.007800630114412426 0.0
990 -0.007800867855512384 0.0
991 -0.00780108295736716 0.0
992 -0.007801275419147469 0.0
993 -0.007801445240111312 0.0
994 -0.007801592419603972 0.0
995 -0.007801716957058029 0.0
996 -0.007801818851993351 0.0
997 -0.007801898104017103 0.0
998 -0.007801954712823742 0.0
999 -0.007801988678195023 0.0
1000 -0.007802 0.0
1001 -0.007802 0.0
1002 -0.007802 0.0
1003 -0.007802 0.0
1004 -0.007802 0.0
1005 -0.007802 0.0
1006 -0.007802 0.0
1007 -0.007802 0.0
1008 -0.007802 0.0
1009 -0.007802 0.0
1010 -0.007802 0.0
1011 -0.007802 0.0
1012 -0.007802 0.0
1013 -0.007802 0.0
1014 -0.007802 0.0
1015 -0.007802 0.0
1016 -0.007802 0.0
1017 -0.007802 0.0
1018 -0.007802 0.0
1019 -0.007802 0.0
1020 -0.007802 0.0
1021 -0.007802 0.0
1022 -0.007802 0.0
1023 -0.007802 0.0
1024 -0.007802 0.0
1025 -0.007802 0.0
1026 -0.007802 0.0
1027 -0.007802 0.0
1028 -0.007802 0.0
1029 -0.007802 0.0
1030 -0.007802 0.0
1031 -0.007802 0.0
1032 -0.007802 0.0
1033 -0.007802 0.0
1034 -0.007802 0.0
1035 -0.007802 0.0
1036 -0.007802 0.0
1037 -0.007802 0.0
1038 -0.007802 0.0
1039 -0.007802 0.0
1040 -0.007802 0.0
1041 -0.007802 0.0
1042 -0.007802 0.0
1043 -0.007802 0.0
1044 -0.007802 0.0
1045 -0.007802 0.0
1046 -0.007802 0.0
1047 -0.007802 0.0
1048 -0.007802 0.0
1049 -0.007802 0.0
1050 -0.007802 0.0
1051 -0.007802 0.0
1052 -0.007802 0.0
1053 -0.007802 0.0
1054 -0.007802 0.0
1055 -0.007802 0.0
1056 -0.007802 0.0
1057 -0.007802 0.0
1058 -0.007802 0.0
1059 -0.007802 0.0
1060 -0.007802 0.0
1061 -0.007802 0.0
1062 -0.007802 0.0
1063 -0.007802 0.0
1064 -0.007802 0.0
1065 -0.007802 0.0
1066 -0.007802 0.0
1067 -0.007802 0.0
1068 -0.007802 0.0
1069 -0.007802 0.0
1070 -0.007802 0.0
1071 -0.007802 0.0
1072 -0.007802 0.0
1073 -0.007802 0.0
1074 -0.007802 0.0
1075 -0.007802 0.0
1076 -0.007802 0.0
1077 -0.007802 0.0
1078 -0.007802 0.0
1079 -0.007802 0.0
1080 -0.007802 0.0
1081 -0.007802 0.0
1082 -0.007802 0.0
1083 -0.007802 0.0
1084 -0.007802 0.0
1085 -0.007802 0.0
1086 -0.007802 0.0
1087 -0.007802 0.0
1088 -0.007802 0.0
1089 -0.007802 0.0
1090 -0.007802 0.0
1091 -0.007802 0.0
1092 -0.007802 0.0
1093 -0.007802 0.0
1094 -0.007802 0.0
1095 -0.007802 0.0
1096 -0.007802 0.0
1097 -0.007802 0.0
1098 -0.007802 0.0
1099 -0.007802 0.0
1100 -0.007802 0.0
1101 -0.007802 0.0
1102 -0.007802 0.0
1103 -0.007802 0.0
1104 -0.007802 0.0
1105 -0.007802 0.0
1106 -0.007802 0.0
1107 -0.007802 0.0
1108 -0.007802 0.0
1109 -0.007802 0.0
1110 -0.007802 0.0
1111 -0.007802 0.0
1112 -0.007802 0.0
1113 -0.007802 0.0
1114 -0.007802 0.0
1115 -0.007802 0.0
1116 -0.007802 0.0
1117 -0.007802 0.0
1118 -0.007802 0.0
1119 -0.007802 0.0
1120 -0.007802 0.0
1121 -0.007802 0.0
1122 -0.007802 0.0
1123 -0.007802 0.0
1124 -0.007802 0.0
1125 -0.007802 0.0
1126 -0.007802 0.0
1127 -0.007802 0.0
1128 -0.007802 0.0
1129 -0.007802 0.0
1130 -0.007802 0.0
1131 -0.007802 0.0
1132 -0.007802 0.0
1133 -0.007802 0.0
1134 -0.007802 0.0
1135 -0.007802 0.0
1136 -0.007802 0.0
1137 -0.007802 0.0
1138 -0.007802 0.0
1139 -0.007802 0.0
1140 -0.007802 0.0
1141 -0.007802 0.0
1142 -0.007802 0.0
1143 -0.007802 0.0
1144 -0.007802 0.0
1145 -0.007802 0.0
1146 -0.007802 0.0
1147 -0.007802 0.0
1148 -0.007802 0.0
1149 -0.007802 0.0
1150 -0.007802 0.0
1151 -0.007802 0.0
1152 -0.007802 0.0
1153 -0.007802 0.0
1154 -0.007802 0.0
1155 -0.007802 0.0
1156 -0.007802 0.0
1157 -0.007802 0.0
1158 -0.007802 0.0
1159 -0.007802 0.0
1160 -0.007802 0.0
1161 -0.007802 0.0
1162 -0.007802 0.0
1163 -0.007802 0.0
1164 -0.007802 0.0
1165 -0.007802 0.0
1166 -0.007802 0.0
1167 -0.007802 0.0
1168 -0.007802 0.0
1169 -0.007802 0.0
1170 -0.007802 0.0
1171 -0.007802 0.0
1172 -0.007802 0.0
1173 -0.007802 0.0
1174 -0.007802 0.0
1175 -0.007802 0.0
1176 -0.007802 0.0
1177 -0.007802 0.0
1178 -0.007802 0.0
1179 -0.007802 0.0
1180 -0.007802 0.0
1181 -0.007802 0.0
1182 -0.007802 0.0
1183 -0.007802 0.0
1184 -0.007802 0.0
1185 -0.007802 0.0
1186 -0.007802 0.0
1187 -0.007802 0.0
1188 -0.007802 0.0
1189 -0.007802 0.0
1190 -0.007802 0.0
1191 -0.007802 0.0
1192 -0.007802 0.0
1193 -0.007802 0.0
1194 -0.007802 0.0
1195 -0.007802 0.0
1196 -0.007802 0.0
1197 -0.007802 0.0
1198 -0.007802 0.0
1199 -0.007802 0.0
1200 -0.007802 0.0
1201 -0.007801988678195023 0.0
1202 -0.007801954712823742 0.0
1203 -0.007801898104017103 0.0
1204 -0.007801818851993351 0.0
1205 -0.007801716957058029 0.0
1206 -0.007801592419603972 0.0
1207 -0.007801445240111312 0.0
1208 -0.007801275419147469 0.0
1209 -0.00780108295736716 0.0
1210 -0.007800867855512384 0.0
1211 -0.007800630114412426 0.0
1212 -0.007800369734983851 0.0
1213 -0.007800086718230505 0.0
1214 -0.0077997810652435055 0.0
1215 -0.00779945277720124 0.0
1216 -0.007799101855369362 0.0
1217 -0.007798728301100785 0.0
1218 -0.007798332115835678 0.0
1219 -0.007797913301101459 0.0
1220 -0.007797471858512789 0.0
1221 -0.007797007789771569 0.0
1222 -0.007796521096666928 0.0
1223 -0.0077960117810752195 0.0
1224 -0.007795479844960016 0.0
1225 -0.007794925290372098 0.0
1226 -0.0077943481194494455 0.0
1227 -0.007793748334417234 0.0
1228 -0.007793125937587822 0.0
1229 -0.0077924809313607455 0.0
1230 -0.007791813318222704 0.0
1231 -0.007791123100747555 0.0
1232 -0.007790410281596303 0.0
1233 -0.007789674863517089 0.0
1234 -0.007788916849345181 0.0
1235 -0.0077881362420029595 0.0
1236 -0.007787333044499911 0.0
1237 -0.007786507259932612 0.0
1238 -0.007785658891484721 0.0
1239 -0.007784787942426965 0.0
1240 -0.007783894416117125 0.0
1241 -0.0077829783160000224 0.0
1242 -0.007782039645607513 0.0
1243 -0.007781078408558462 0.0
1244 -0.007780094608558741 0.0
1245 -0.007779088249401207 0.0
1246 -0.0077780593349656875 0.0
1247 -0.007777007869218973 0.0
1248 -0.007775933856214789 0.0
1249 -0.007774837300093795 0.0
1250 -0.007773718205083557 0.0
1251 -0.007772576575498537 0.0
1252 -0.007771412415740072 0.0
1253 -0.007770225730296365 0.0
1254 -0.007769016523742459 0.0
1255 -0.007767784800740223 0.0
1256 -0.007766530566038337 0.0
1257 -0.0077652538244722645 0.0
1258 -0.007763954580964247 0.0
1259 -0.007762632840523274 0.0
1260 -0.007761288608245067 0.0
1261 -0.0077599218893120644 0.0
1262 -0.007758532688993395 0.0
1263 -0.007757121012644859 0.0
1264 -0.007755686865708912 0.0
1265 -0.00775423025371464 0.0
1266 -0.007752751182277738 0.0
1267 -0.007751249657100487 0.0
1268 -0.007749725683971739 0.0
1269 -0.007748179268766886 0.0
1270 -0.007746610417447845 0.0
1271 -0.007745019136063025 0.0
1272 -0.007743405430747316 0.0
1273 -0.007741769307722057 0.0
1274 -0.0077401107732950145 0.0
1275 -0.007738429833860358 0.0
1276 -0.007736726495898634 0.0
1277 -0.0077350007659767435 0.0
1278 -0.007733252650747917 0.0
1279 -0.007731482156951684 0.0
1280 -0.007729689291413853 0.0
1281 -0.007727874061046482 0.0
1282 -0.007726036472847853 0.0
1283 -0.007724176533902442 0.0
1284 -0.007722294251380897 0.0
1285 -0.007720389632540005 0.0
1286 -0.007718462684722668 0.0
1287 -0.007716513415357874 0.0
1288 -0.007714541831960665 0.0
1289 -0.007712547942132115 0.0
1290 -0.007710531753559288 0.0
1291 -0.0077084932740152275 0.0
1292 -0.0077064325113589075 0.0
1293 -0.007704349473535214 0.0
1294 -0.007702244168574908 0.0
1295 -0.007700116604594601 0.0
1296 -0.0076979667897967155 0.0
1297 -0.007695794732469464 0.0
1298 -0.007693600440986805 0.0
1299 -0.007691383923808419 0.0
1300 -0.007689145189479674 0.0
1301 -0.007686884246631592 0.0
1302 -0.007684601103980813 0.0
1303 -0.00768229577032957 0.0
1304 -0.0076799682545656426 0.0
1305 -0.007677618565662334 0.0
1306 -0.0076752467126784294 0.0
1307 -0.007672852704758166 0.0
1308 -0.007670436551131193 0.0
1309 -0.007667998261112538 0.0
1310 -0.0076655378441025735 0.0
1311 -0.007663055309586976 0.0
1312 -0.0076605506671366935 0.0
1313 -0.007658023926407906 0.0
1314 -0.007655475097141991 0.0
1315 -0.007652904189165481 0.0
1316 -0.007650311212390033 0.0
1317 -0.007647696176812384 0.0
1318 -0.007645059092514313 0.0
1319 -0.007642399969662607 0.0
1320 -0.007639718818509016 0.0
1321 -0.007637015649390216 0.0
1322 -0.007634290472727772 0.0
1323 -0.0076315432990280915 0.0
1324 -0.007628774138882389 0.0
1325 -0.007625983002966644 0.0
1326 -0.007623169902041559 0.0
1327 -0.007620334846952518 0.0
1328 -0.007617477848629546 0.0
1329 -0.007614598918087266 0.0
1330 -0.007611698066424855 0.0
1331 -0.007608775304826007 0.0
1332 -0.007605830644558879 0.0
1333 -0.007602864096976062 0.0
1334 -0.007599875673514522 0.0
1335 -0.007596865385695568 0.0
1336 -0.007593833245124802 0.0
1337 -0.007590779263492074 0.0
1338 -0.00758770345257144 0.0
1339 -0.007584605824221114 0.0
1340 -0.007581486390383421 0.0
1341 -0.007578345163084756 0.0
1342 -0.007575182154435534 0.0
1343 -0.007571997376630143 0.0
1344 -0.0075687908419468965 0.0
1345 -0.007565562562747992 0.0
1346 -0.007562312551479454 0.0
1347 -0.007559040820671094 0.0
1348 -0.0075557473829364575 0.0
1349 -0.00755243225097278 0.0
1350 -0.007549095437560931 0.0
1351 -0.00754573695556537 0.0
1352 -0.007542356817934098 0.0
1353 -0.007538955037698602 0.0
1354 -0.007535531627973809 0.0
1355 -0.007532086601958037 0.0
1356 -0.0075286199729329385 0.0
1357 -0.007525131754263453 0.0
1358 -0.007521621959397757 0.0
1359 -0.007518090601867205 0.0
1360 -0.0075145376952862886 0.0
1361 -0.007510963253352572 0.0
1362 -0.00750736728984665 0.0
1363 -0.007503749818632085 0.0
1364 -0.007500110853655364 0.0
1365 -0.007496450408945833 0.0
1366 -0.0074927684986156535 0.0
1367 -0.007489065136859741 0.0
1368 -0.007485340337955716 0.0
1369 -0.007481594116263842 0.0
1370 -0.007477826486226977 0.0
1371 -0.007474037462370514 0.0
1372 -0.0074702270593023255 0.0
1373 -0.0074663952917127085 0.0
1374 -0.007462542174374327 0.0
1375 -0.007458667722142152 0.0
1376 -0.007454771949953412 0.0
1377 -0.007450854872827526 0.0
1378 -0.007446916505866055 0.0
1379 -0.007442956864252633 0.0
1380 -0.007438975963252918 0.0
1381 -0.007434973818214533 0.0
1382 -0.0074309504445669965 0.0
1383 -0.007426905857821673 0.0
1384 -0.007422840073571712 0.0
1385 -0.007418753107491983 0.0
1386 -0.00741464497533902 0.0
1387 -0.007410515692950959 0.0
1388 -0.0074063652762474735 0.0
1389 -0.007402193741229721 0.0
1390 -0.0073980011039802744 0.0
1391 -0.0073937873806630625 0.0
1392 -0.007389552587523306 0.0
1393 -0.00738529674088746 0.0
1394 -0.007381019857163144 0.0
1395 -0.007376721952839084 0.0
1396 -0.007372403044485044 0.0
1397 -0.0073680631487517715 0.0
1398 -0.007363702282370921 0.0
1399 -0.007359320462154995 0.0
1400 -0.007354917704997285 0.0
1401 -0.007350494027871798 0.0
1402 -0.00734604944783319 0.0
1403 -0.007341583982016713 0.0
1404 -0.007337097647638132 0.0
1405 -0.007332590461993671 0.0
1406 -0.007328062442459941 0.0
1407 -0.007323513606493875 0.0
1408 -0.007318943971632661 0.0
1409 -0.0073143535554936676 0.0
1410 -0.00730974237577439 0.0
1411 -0.007305110450252367 0.0
1412 -0.00730045779678512 0.0
1413 -0.007295784433310086 0.0
1414 -0.007291090377844544 0.0
1415 -0.007286375648485547 0.0
1416 -0.007281640263409852 0.0
1417 -0.00727688424087385 0.0
1418 -0.007272107599213496 0.0
1419 -0.007267310356844241 0.0
1420 -0.007262492532260955 0.0
1421 -0.007257654144037856 0.0
1422 -0.0072527952108284496 0.0
1423 -0.007247915751365443 0.0
1424 -0.007243015784460676 0.0
1425 -0.007238095329005061 0.0
1426 -0.007233154403968488 0.0
1427 -0.007228193028399772 0.0
1428 -0.00722321122142657 0.0
1429 -0.007218209002255303 0.0
1430 -0.007213186390171094 0.0
1431 -0.0072081434045376865 0.0
1432 -0.007203080064797365 0.0
1433 -0.007197996390470891 0.0
1434 -0.00719289240115742 0.0
1435 -0.007187768116534427 0.0
1436 -0.0071826235563576335 0.0
1437 -0.0071774587404609316 0.0
1438 -0.0071722736887562975 0.0
1439 -0.007167068421233734 0.0
1440 -0.007161842957961174 0.0
1441 -0.007156597319084413 0.0
1442 -0.007151331524827032 0.0
1443 -0.007146045595490318 0.0
1444 -0.007140739551453178 0.0
1445 -0.007135413413172077 0.0
1446 -0.007130067201180942 0.0
1447 -0.007124700936091096 0.0
1448 -0.0071193146385911685 0.0
1449 -0.007113908329447024 0.0
1450 -0.007108482029501673 0.0
1451 -0.007103035759675204 0.0
1452 -0.0070975695409646895 0.0
1453 -0.0070920833944441136 0.0
1454 -0.00708657734126429 0.0
1455 -0.007081051402652774 0.0
1456 -0.00707550559991379 0.0
1457 -0.007069939954428145 0.0
1458 -0.007064354487653142 0.0
1459 -0.007058749221122504 0.0
1460 -0.007053124176446288 0.0
1461 -0.007047479375310801 0.0
1462 -0.00704181483947852 0.0
1463 -0.007036130590788002 0.0
1464 -0.007030426651153805 0.0
1465 -0.007024703042566401 0.0
1466 -0.007018959787092095 0.0
1467 -0.007013196906872931 0.0
1468 -0.0070074144241266175 0.0
1469 -0.0070016123611464365 0.0
1470 -0.006995790740301155 0.0
1471 -0.0069899495840349424 0.0
1472 -0.006984088914867286 0.0
1473 -0.0069782087553929 0.0
1474 -0.00697230912828164 0.0
1475 -0.006966390056278413 0.0
1476 -0.006960451562203095 0.0
1477 -0.00695449366895044 0.0
1478 -0.006948516399489991 0.0
1479 -0.006942519776865991 0.0
1480 -0.006936503824197298 0.0
1481 -0.006930468564677293 0.0
1482 -0.00692441402157379 0.0
1483 -0.006918340218228948 0.0
1484 -0.006912247178059178 0.0
1485 -0.00690613492455506 0.0
1486 -0.006900003481281243 0.0
1487 -0.006893852871876358 0.0
1488 -0.00688768312005293 0.0
1489 -0.006881494249597286 0.0
1490 -0.0068752862843694555 0.0
1491 -0.0068690592483030884 0.0
1492 -0.006862813165405359 0.0
1493 -0.006856548059756869 0.0
1494 -0.006850263955511564 0.0
1495 -0.006843960876896632 0.0
1496 -0.006837638848212412 0.0
1497 -0.006831297893832307 0.0
1498 -0.006824938038202678 0.0
1499 -0.006818559305842758 0.0
1500 -0.006812161721344561 0.0
1501 -0.006805745309372772 0.0
1502 -0.006799310094664671 0.0
1503 -0.006792856102030024 0.0
1504 -0.006786383356350994 0.0
1505 -0.006779891882582037 0.0
1506 -0.006773381705749821 0.0
1507 -0.006766852850953113 0.0
1508 -0.006760305343362691 0.0
1509 -0.006753739208221249 0.0
1510 -0.006747154470843289 0.0
1511 -0.006740551156615036 0.0
1512 -0.006733929290994337 0.0
1513 -0.006727288899510547 0.0
1514 -0.0067206300077644636 0.0
1515 -0.006713952641428195 0.0
1516 -0.006707256826245076 0.0
1517 -0.0067005425880295715 0.0
1518 -0.006693809952667173 0.0
1519 -0.006687058946114294 0.0
1520 -0.006680289594398178 0.0
1521 -0.006673501923616797 0.0
1522 -0.006666695959938743 0.0
1523 -0.0066598717296031396 0.0
1524 -0.00665302925891953 0.0
1525 -0.0066461685742677775 0.0
1526 -0.0066392897020979705 0.0
1527 -0.006632392668930316 0.0
1528 -0.0066254775013550316 0.0
1529 -0.006618544226032253 0.0
1530 -0.00661159286969193 0.0
1531 -0.006604623459133715 0.0
1532 -0.006597636021226867 0.0
1533 -0.0065906305829101465 0.0
1534 -0.006583607171191709 0.0
1535 -0.0065765658131490086 0.0
1536 -0.00656950653592868 0.0
1537 -0.006562429366746448 0.0
1538 -0.006555334332887016 0.0
1539 -0.006548221461703958 0.0
1540 -0.00654109078061962 0.0
1541 -0.006533942317125011 0.0
1542 -0.0065267760987796925 0.0
1543 -0.00651959215321168 0.0
1544 -0.006512390508117332 0.0
1545 -0.0065051711912612435 0.0
1546 -0.00649793423047614 0.0
1547 -0.006490679653662774 0.0
1548 -0.006483407488789807 0.0
1549 -0.00647611776389371 0.0
1550 -0.006468810507078657 0.0
1551 -0.006461485746516406 0.0
1552 -0.006454143510446203 0.0
1553 -0.006446783827174669 0.0
1554 -0.006439406725075683 0.0
1555 -0.006432012232590282 0.0
1556 -0.006424600378226551 0.0
1557 -0.006417171190559507 0.0
1558 -0.006409724698230997 0.0
1559 -0.006402260929949574 0.0
1560 -0.006394779914490404 0.0
1561 -0.0063872816806951425 0.0
1562 -0.00637976625747183 0.0
1563 -0.006372233673794769 0.0
1564 -0.006364683958704434 0.0
1565 -0.006357117141307335 0.0
1566 -0.0063495332507759236 0.0
1567 -0.0063419323163484715 0.0
1568 -0.006334314367328958 0.0
1569 -0.006326679433086961 0.0
1570 -0.006319027543057545 0.0
1571 -0.006311358726741135 0.0
1572 -0.006303673013703423 0.0
1573 -0.006295970433575239 0.0
1574 -0.006288251016052435 0.0
1575 -0.0062805147908957856 0.0
1576 -0.006272761787930861 0.0
1577 -0.0062649920370479095 0.0
1578 -0.006257205568201756 0.0
1579 -0.006249402411411675 0.0
1580 -0.006241582596761274 0.0
1581 -0.006233746154398393 0.0
1582 -0.0062258931145349646 0.0
1583 -0.006218023507446916 0.0
1584 -0.006210137363474047 0.0
1585 -0.006202234713019912 0.0
1586 -0.006194315586551698 0.0
1587 -0.006186380014600119 0.0
1588 -0.006178428027759288 0.0
1589 -0.0061704596566866015 0.0
1590 -0.006162474932102628 0.0
1591 -0.006154473884790975 0.0
1592 -0.006146456545598186 0.0
1593 -0.006138422945433614 0.0
1594 -0.006130373115269301 0.0
1595 -0.006122307086139861 0.0
1596 -0.006114224889142362 0.0
1597 -0.006106126555436201 0.0
1598 -0.0060980121162429925 0.0
1599 -0.006089881602846439 0.0
1600 -0.00608173504659221 0.0
1601 -0.006073572478887832 0.0
1602 -0.006065393931202561 0.0
1603 -0.006057199435067253 0.0
1604 -0.0060489890220742585 0.0
1605 -0.006040762723877289 0.0
1606 -0.006032520572191297 0.0
1607 -0.006024262598792359 0.0
1608 -0.006015988835517548 0.0
1609 -0.006007699314264809 0.0
1610 -0.005999394066992839 0.0
1611 -0.0059910731257209705 0.0
1612 -0.005982736522529032 0.0
1613 -0.005974384289557239 0.0
1614 -0.005966016459006065 0.0
1615 -0.005957633063136115 0.0
1616 -0.005949234134268005 0.0
1617 -0.0059408197047822325 0.0
1618 -0.005932389807119057 0.0
1619 -0.005923944473778374 0.0
1620 -0.005915483737319587 0.0
1621 -0.005907007630361479 0.0
1622 -0.005898516185582101 0.0
1623 -0.005890009435718625 0.0
1624 -0.005881487413567238 0.0
1625 -0.005872950151983002 0.0
1626 -0.00586439768387973 0.0
1627 -0.005855830042229866 0.0
1628 -0.005847247260064349 0.0
1629 -0.00583864937047249 0.0
1630 -0.005830036406601842 0.0
1631 -0.005821408401658084 0.0
1632 -0.005812765388904868 0.0
1633 -0.0058041074016637155 0.0
1634 -0.00579543447331388 0.0
1635 -0.005786746637292211 0.0
1636 -0.005778043927093035 0.0
1637 -0.005769326376268029 0.0
1638 -0.005760594018426072 0.0
1639 -0.005751846887233143 0.0
1640 -0.005743085016412169 0.0
1641 -0.005734308439742901 0.0
1642 -0.0057255171910617925 0.0
1643 -0.00571671130426186 0.0
1644 -0.005707890813292548 0.0
1645 -0.005699055752159613 0.0
1646 -0.005690206154924981 0.0
1647 -0.005681342055706617 0.0
1648 -0.005672463488678402 0.0
1649 -0.005663570488069987 0.0
1650 -0.005654663088166673 0.0
1651 -0.005645741323309278 0.0
1652 -0.005636805227893992 0.0
1653 -0.005627854836372263 0.0
1654 -0.005618890183250654 0.0
1655 -0.0056099113030907005 0.0
1656 -0.005600918230508805 0.0
1657 -0.005591911000176074 0.0
1658 -0.005582889646818197 0.0
1659 -0.005573854205215315 0.0
1660 -0.005564804710201888 0.0
1661 -0.005555741196666545 0.0
1662 -0.005546663699551972 0.0
1663 -0.005537572253854759 0.0
1664 -0.005528466894625276 0.0
1665 -0.005519347656967533 0.0
1666 -0.005510214576039046 0.0
1667 -0.005501067687050696 0.0
1668 -0.005491907025266607 0.0
1669 -0.0054827326260039975 0.0
1670 -0.005473544524633046 0.0
1671 -0.005464342756576758 0.0
1672 -0.0054551273573108326 0.0
1673 -0.005445898362363516 0.0
1674 -0.005436655807315475 0.0
1675 -0.005427399727799648 0.0
1676 -0.005418130159501121 0.0
1677 -0.005408847138156981 0.0
1678 -0.005399550699556179 0.0
1679 -0.005390240879539397 0.0
1680 -0.005380917713998904 0.0
1681 -0.005371581238878421 0.0
1682 -0.005362231490172982 0.0
1683 -0.005352868503928798 0.0
1684 -0.005343492316243106 0.0
1685 -0.005334102963264047 0.0
1686 -0.005324700481190516 0.0
1687 -0.005315284906272021 0.0
1688 -0.00530585627480855 0.0
1689 -0.005296414623150435 0.0
1690 -0.005286959987698191 0.0
1691 -0.005277492404902401 0.0
1692 -0.005268011911263559 0.0
1693 -0.005258518543331933 0.0
1694 -0.005249012337707428 0.0
1695 -0.0052394933310394454 0.0
1696 -0.00522996156002673 0.0
1697 -0.005220417061417248 0.0
1698 -0.005210859872008024 0.0
1699 -0.005201290028645016 0.0
1700 -0.005191707568222967 0.0
1701 -0.005182112527685261 0.0
1702 -0.005172504944023778 0.0
1703 -0.005162884854278764 0.0
1704 -0.005153252295538677 0.0
1705 -0.005143607304940039 0.0
1706 -0.005133949919667317 0.0
1707 -0.005124280176952746 0.0
1708 -0.0051145981140762135 0.0
1709 -0.005104903768365104 0.0
1710 -0.005095197177194151 0.0
1711 -0.005085478377985303 0.0
1712 -0.005075747408207575 0.0
1713 -0.005066004305376895 0.0
1714 -0.0050562491070559774 0.0
1715 -0.0050464818508541695 0.0
1716 -0.005036702574427294 0.0
1717 -0.0050269113154775245 0.0
1718 -0.005017108111753231 0.0
1719 -0.005007293001048828 0.0
1720 -0.004997466021204641 0.0
1721 -0.004987627210106755 0.0
1722 -0.004977776605686862 0.0
1723 -0.0049679142459221285 0.0
1724 -0.00495804016883504 0.0
1725 -0.0049481544124932485 0.0
1726 -0.004938257015009441 0.0
1727 -0.004928348014541185 0.0
1728 -0.004918427449290775 0.0
1729 -0.004908495357505097 0.0
1730 -0.004898551777475471 0.0
1731 -0.004888596747537514 0.0
1732 -0.004878630306070981 0.0
1733 -0.004868652491499622 0.0
1734 -0.004858663342291033 0.0
1735 -0.004848662896956517 0.0
1736 -0.004838651194050914 0.0
1737 -0.004828628272172474 0.0
1738 -0.0048185941699627 0.0
1739 -0.0048085489261061945 0.0
1740 -0.004798492579330517 0.0
1741 -0.004788425168406035 0.0
1742 -0.0047783467321457634 0.0
1743 -0.00476825730940523 0.0
1744 -0.00475815693908232 0.0
1745 -0.0047480456601171174 0.0
1746 -0.004737923511491768 0.0
1747 -0.004727790532230328 0.0
1748 -0.004717646761398599 0.0
1749 -0.004707492238103994 0.0
1750 -0.004697327001495381 0.0
1751 -0.004687151090762923 0.0
1752 -0.004676964545137943 0.0
1753 -0.004666767403892766 0.0
1754 -0.004656559706340558 0.0
1755 -0.004646341491835191 0.0
1756 -0.004636112799771078 0.0
1757 -0.00462587366958303 0.0
1758 -0.004615624140746099 0.0
1759 -0.0046053642527754245 0.0
1760 -0.004595094045226086 0.0
1761 -0.004584813557692949 0.0
1762 -0.004574522829810513 0.0
1763 -0.004564221901252748 0.0
1764 -0.004553910811732965 0.0
1765 -0.004543589601003636 0.0
1766 -0.004533258308856261 0.0
1767 -0.004522916975121206 0.0
1768 -0.004512565639667546 0.0
1769 -0.0045022043424029195 0.0
1770 -0.004491833123273375 0.0
1771 -0.004481452022263199 0.0
1772 -0.004471061079394793 0.0
1773 -0.004460660334728493 0.0
1774 -0.004450249828362422 0.0
1775 -0.004439829600432342 0.0
1776 -0.004429399691111494 0.0
1777 -0.0044189601406104395 0.0
1778 -0.004408510989176915 0.0
1779 -0.004398052277095672 0.0
1780 -0.004387584044688312 0.0
1781 -0.004377106332313157 0.0
1782 -0.00436661918036506 0.0
1783 -0.0043561226292752765 0.0
1784 -0.004345616719511296 0.0
1785 -0.004335101491576692 0.0
1786 -0.004324576986010952 0.0
1787 -0.004314043243389345 0.0
1788 -0.004303500304322742 0.0
1789 -0.004292948209457477 0.0
1790 -0.004282386999475176 0.0
1791 -0.004271816715092608 0.0
1792 -0.004261237397061527 0.0
1793 -0.004250649086168521 0.0
1794 -0.0042400518232348335 0.0
1795 -0.004229445649116235 0.0
1796 -0.004218830604702846 0.0
1797 -0.004208206730918984 0.0
1798 -0.004197574068723009 0.0
1799 -0.004186932659107162 0.0
1800 -0.0041762825430974055 0.0
1801 -0.00416562376175327 0.0
1802 -0.0041549563561676965 0.0
1803 -0.004144280367466868 0.0
1804 -0.004133595836810064 0.0
1805 -0.004122902805389495 0.0
1806 -0.004112201314430144 0.0
1807 -0.004101491405189606 0.0
1808 -0.004090773118957939 0.0
1809 -0.004080046497057483 0.0
1810 -0.004069311580842727 0.0
1811 -0.004058568411700134 0.0
1812 -0.004047817031047979 0.0
1813 -0.004037057480336202 0.0
1814 -0.0040262898010462395 0.0
1815 -0.0040155140346908634 0.0
1816 -0.004004730222814029 0.0
1817 -0.0039939384069907005 0.0
1818 -0.00398313862882671 0.0
1819 -0.00397233092995858 0.0
1820 -0.0039615153520533766 0.0
1821 -0.003950691936808529 0.0
1822 -0.003939860725951701 0.0
1823 -0.003929021761240594 0.0
1824 -0.0039181750844628094 0.0
1825 -0.003907320737435686 0.0
1826 -0.0038964587620061207 0.0
1827 -0.003885589200050434 0.0
1828 -0.00387471209347419 0.0
1829 -0.0038638274842120344 0.0
1830 -0.003852935414227543 0.0
1831 -0.003842035925513061 0.0
1832 -0.003831129060089522 0.0
1833 -0.003820214860006307 0.0
1834 -0.0038092933673410786 0.0
1835 -0.0037983646241996015 0.0
1836 -0.0037874286727156052 0.0
1837 -0.0037764855550506066 0.0
1838 -0.003765535313393743 0.0
1839 -0.003754577989961632 0.0
1840 -0.0037436136269981784 0.0
1841 -0.0037326422667744354 0.0
1842 -0.0037216639515884296 0.0
1843 -0.0037106787237650056 0.0
1844 -0.0036996866256556495 0.0
1845 -0.0036886876996383416 0.0
1846 -0.003677681988117385 0.0
1847 -0.003666669533523242 0.0
1848 -0.003655650378312375 0.0
1849 -0.003644624564967069 0.0
1850 -0.0036335921359952903 0.0
1851 -0.0036225531339305057 0.0
1852 -0.00361150760133152 0.0
1853 -0.00360045558078232 0.0
1854 -0.003589397114891907 0.0
1855 -0.0035783322462941197 0.0
1856 -0.003567261017647498 0.0
1857 -0.003556183471635093 0.0
1858 -0.003545099650964307 0.0
1859 -0.00353400959836674 0.0
1860 -0.003522913356598018 0.0
1861 -0.003511810968437621 0.0
1862 -0.0035007024766887333 0.0
1863 -0.0034895879241780663 0.0
1864 -0.003478467353755699 0.0
1865 -0.0034673408082949117 0.0
1866 -0.003456208330692021 0.0
1867 -0.0034450699638662076 0.0
1868 -0.0034339257507593644 0.0
1869 -0.0034227757343359235 0.0
1870 -0.0034116199575826823 0.0
1871 -0.0034004584635086545 0.0
1872 -0.0033892912951448938 0.0
1873 -0.003378118495544328 0.0
1874 -0.0033669401077816 0.0
1875 -0.003355756174952888 0.0
1876 -0.0033445667401757555 0.0
1877 -0.0033333718465889785 0.0
1878 -0.0033221715373523706 0.0
1879 -0.003310965855646632 0.0
1880 -0.0032997548446731728 0.0
1881 -0.003288538547653948 0.0
1882 -0.0032773170078312947 0.0
1883 -0.0032660902684677634 0.0
1884 -0.003254858372845942 0.0
1885 -0.003243621364268307 0.0
1886 -0.003232379286057045 0.0
1887 -0.003221132181553882 0.0
1888 -0.003209880094119925 0.0
1889 -0.0031986230671355014 0.0
1890 -0.003187361143999965 0.0
1891 -0.0031760943681315573 0.0
1892 -0.003164822782967228 0.0
1893 -0.00315354643196246 0.0
1894 -0.0031422653585911195 0.0
1895 -0.003130979606345276 0.0
1896 -0.0031196892187350302 0.0
1897 -0.003108394239288371 0.0
1898 -0.003097094711550969 0.0
1899 -0.003085790679086045 0.0
1900 -0.0030744821854741837 0.0
1901 -0.0030631692743131626 0.0
1902 -0.003051851989217797 0.0
1903 -0.0030405303738197634 0.0
1904 -0.003029204471767435 0.0
1905 -0.003017874326725702 0.0
1906 -0.0030065399823758286 0.0
1907 -0.002995201482415253 0.0
1908 -0.0029838588705574437 0.0
1909 -0.0029725121905317215 0.0
1910 -0.0029611614860830847 0.0
1911 -0.0029498068009720536 0.0
1912 -0.0029384481789744956 0.0
1913 -0.0029270856638814466 0.0
1914 -0.0029157192994989653 0.0
1915 -0.0029043491296479444 0.0
1916 -0.002892975198163942 0.0
1917 -0.0028815975488970264 0.0
1918 -0.0028702162257115992 0.0
1919 -0.0028588312724862177 0.0
1920 -0.0028474427331134436 0.0
1921 -0.0028360506514996595 0.0
1922 -0.0028246550715649056 0.0
1923 -0.0028132560372427094 0.0
1924 -0.0028018535924799184 0.0
1925 -0.002790447781236521 0.0
1926 -0.0027790386474854916 0.0
1927 -0.0027676262352126146 0.0
1928 -0.0027562105884163055 0.0
1929 -0.0027447917511074587 0.0
1930 -0.0027333697673092654 0.0
1931 -0.0027219446810570484 0.0
1932 -0.002710516536398093 0.0
1933 -0.0026990853773914696 0.0
1934 -0.0026876512481078755 0.0
1935 -0.0026762141926294607 0.0
1936 -0.002664774255049648 0.0
1937 -0.0026533314794729805 0.0
1938 -0.0026418859100149393 0.0
1939 -0.0026304375908017767 0.0
1940 -0.0026189865659703463 0.0
1941 -0.002607532879667936 0.0
1942 -0.002596076576052085 0.0
1943 -0.002584617699290433 0.0
1944 -0.002573156293560538 0.0
1945 -0.0025616924030497016 0.0
1946 -0.0025502260719548094 0.0
1947 -0.002538757344482165 0.0
1948 -0.002527286264847294 0.0
1949 -0.002515812877274801 0.0
1950 -0.002504337225998189 0.0
1951 -0.0024928593552596802 0.0
1952 -0.0024813793093100608 0.0
1953 -0.002469897132408504 0.0
1954 -0.0024584128688223896 0.0
1955 -0.0024469265628271515 0.0
1956 -0.002435438258706094 0.0
1957 -0.002423948000750225 0.0
1958 -0.002412455833258088 0.0
1959 -0.0024009618005355797 0.0
1960 -0.002389465946895797 0.0
1961 -0.002377968316658853 0.0
1962 -0.0023664689541517143 0.0
1963 -0.0023549679037080137 0.0
1964 -0.002343465209667911 0.0
1965 -0.002331960916377884 0.0
1966 -0.0023204550681905868 0.0
1967 -0.0023089477094646676 0.0
1968 -0.002297438884564591 0.0
1969 -0.002285928637860481 0.0
1970 -0.0022744170137279445 0.0
1971 -0.002262904056547887 0.0
1972 -0.00225138981070637 0.0
1973 -0.0022398743205944145 0.0
1974 -0.0022283576306078344 0.0
1975 -0.0022168397851470762 0.0
1976 -0.002205320828617042 0.0
1977 -0.002193800805426909 0.0
1978 -0.0021822797599899747 0.0
1979 -0.002170757736723478 0.0
1980 -0.0021592347800484164 0.0
1981 -0.002147710934389405 0.0
1982 -0.0021361862441744684 0.0
1983 -0.002124660753834896 0.0
1984 -0.002113134507805061 0.0
1985 -0.0021016075505222516 0.0
1986 -0.0020900799264264905 0.0
1987 -0.0020785516799603798 0.0
1988 -0.002067022855568917 0.0
1989 -0.0020554934976993286 0.0
1990 -0.0020439636508009004 0.0
1991 -0.0020324333593247958 0.0
1992 -0.0020209026677238994 0.0
1993 -0.002009371620452639 0.0
1994 -0.0019978402619668057 0.0
1995 -0.001986308636723398 0.0
1996 -0.0019747767891804403 0.0
1997 -0.0019632447637968143 0.0
1998 -0.0019517126050320873 0.0
1999 -0.001940180357346343 0.0
2000 -0.0019286480651999997 0.0
2001 -0.0019286480651999997 0.0
2002 -0.0019286480651999997 0.0
2003 -0.0019286480651999997 0.0
2004 -0.0019286480651999997 0.0
2005 -0.0019286480651999997 0.0
2006 -0.0019286480651999997 0.0
2007 -0.0019286480651999997 0.0
2008 -0.0019286480651999997 0.0
2009 -0.0019286480651999997 0.0
2010 -0.0019286480651999997 0.0
2011 -0.0019286480651999997 0.0
2012 -0.0019286480651999997 0.0
2013 -0.0019286480651999997 0.0
2014 -0.0019286480651999997 0.0
2015 -0.0019286480651999997 0.0
2016 -0.0019286480651999997 0.0
2017 -0.0019286480651999997 0.0
2018 -0.0019286480651999997 0.0
2019 -0.0019286480651999997 0.0
2020 -0.0019286480651999997 0.0
2021 -0.0019286480651999997 0.0
2022 -0.0019286480651999997 0.0
2023 -0.0019286480651999997 0.0
2024 -0.0019286480651999997 0.0
2025 -0.0019286480651999997 0.0
2026 -0.0019286480651999997 0.0
2027 -0.0019286480651999997 0.0
2028 -0.0019286480651999997 0.0
2029 -0.0019286480651999997 0.0
2030 -0.0019286480651999997 0.0
2031 -0.0019286480651999997 0.0
2032 -0.0019286480651999997 0.0
2033 -0.0019286480651999997 0.0
2034 -0.0019286480651999997 0.0
2035 -0.0019286480651999997 0.0
2036 -0.0019286480651999997 0.0
2037 -0.0019286480651999997 0.0
2038 -0.0019286480651999997 0.0
2039 -0.0019286480651999997 0.0
2040 -0.0019286480651999997 0.0
2041 -0.0019286480651999997 0.0
2042 -0.0019286480651999997 0.0
2043 -0.0019286480651999997 0.0
2044 -0.0019286480651999997 0.0
2045 -0.0019286480651999997 0.0
2046 -0.0019286480651999997 0.0
2047 -0.0019286480651999997 0.0
2048 -0.0019286480651999997 0.0
2049 -0.0019286480651999997 0.0
2050 -0.0019286480651999997 0.0
2051 -0.0019286480651999997 0.0
2052 -0.0019286480651999997 0.0
2053 -0.0019286480651999997 0.0
2054 -0.0019286480651999997 0.0
2055 -0.0019286480651999997 0.0
2056 -0.0019286480651999997 0.0
2057 -0.0019286480651999997 0.0
2058 -0.0019286480651999997 0.0
2059 -0.0019286480651999997 0.0
2060 -0.0019286480651999997 0.0
2061 -0.0019286480651999997 0.0
2062 -0.0019286480651999997 0.0
2063 -0.0019286480651999997 0.0
2064 -0.0019286480651999997 0.0
2065 -0.0019286480651999997 0.0
2066 -0.0019286480651999997 0.0
2067 -0.0019286480651999997 0.0
2068 -0.0019286480651999997 0.0
2069 -0.0019286480651999997 0.0
2070 -0.0019286480651999997 0.0
2071 -0.0019286480651999997 0.0
2072 -0.0019286480651999997 0.0
2073 -0.0019286480651999997 0.0
2074 -0.0019286480651999997 0.0
2075 -0.0019286480651999997 0.0
2076 -0.0019286480651999997 0.0
2077 -0.0019286480651999997 0.0
2078 -0.0019286480651999997 0.0
2079 -0.0019286480651999997 0.0
2080 -0.0019286480651999997 0.0
2081 -0.0019286480651999997 0.0
2082 -0.0019286480651999997 0.0
2083 -0.0019286480651999997 0.0
2084 -0.0019286480651999997 0.0
2085 -0.0019286480651999997 0.0
2086 -0.0019286480651999997 0.0
2087 -0.0019286480651999997 0.0
2088 -0.0019286480651999997 0.0
2089 -0.0019286480651999997 0.0
2090 -0.0019286480651999997 0.0
2091 -0.0019286480651999997 0.0
2092 -0.0019286480651999997 0.0
2093 -0.0019286480651999997 0.0
2094 -0.0019286480651999997 0.0
2095 -0.0019286480651999997 0.0
2096 -0.0019286480651999997 0.0
2097 -0.0019286480651999997 0.0
2098 -0.0019286480651999997 0.0
2099 -0.0019286480651999997 0.0
2100 -0.0019286480651999997 0.0
2101 -0.0019286480651999997 0.0
2102 -0.0019286480651999997 0.0
2103 -0.0019286480651999997 0.0
2104 -0.0019286480651999997 0.0
2105 -0.0019286480651999997 0.0
2106 -0.0019286480651999997 0.0
2107 -0.0019286480651999997 0.0
2108 -0.0019286480651999997 0.0
2109 -0.0019286480651999997 0.0
2110 -0.0019286480651999997 0.0
2111 -0.0019286480651999997 0.0
2112 -0.0019286480651999997 0.0
2113 -0.0019286480651999997 0.0
2114 -0.0019286480651999997 0.0
2115 -0.0019286480651999997 0.0
2116 -0.0019286480651999997 0.0
2117 -0.0019286480651999997 0.0
2118 -0.0019286480651999997 0.0
2119 -0.0019286480651999997 0.0
2120 -0.0019286480651999997 0.0
2121 -0.0019286480651999997 0.0
2122 -0.0019286480651999997 0.0
2123 -0.0019286480651999997 0.0
2124 -0.0019286480651999997 0.0
2125 -0.0019286480651999997 0.0
2126 -0.0019286480651999997 0.0
2127 -0.0019286480651999997 0.0
2128 -0.0019286480651999997 0.0
2129 -0.0019286480651999997 0.0
2130 -0.0019286480651999997 0.0
2131 -0.0019286480651999997 0.0
2132 -0.0019286480651999997 0.0
2133 -0.0019286480651999997 0.0
2134 -0.0019286480651999997 0.0
2135 -0.0019286480651999997 0.0
2136 -0.0019286480651999997 0.0
2137 -0.0019286480651999997 0.0
2138 -0.0019286480651999997 0.0
2139 -0.0019286480651999997 0.0
2140 -0.0019286480651999997 0.0
2141 -0.0019286480651999997 0.0
2142 -0.0019286480651999997 0.0
2143 -0.0019286480651999997 0.0
2144 -0.0019286480651999997 0.0
2145 -0.0019286480651999997 0.0
2146 -0.0019286480651999997 0.0
2147 -0.0019286480651999997 0.0
2148 -0.0019286480651999997 0.0
2149 -0.0019286480651999997 0.0
2150 -0.0019286480651999997 0.0
2151 -0.0019286480651999997 0.0
2152 -0.0019286480651999997 0.0
2153 -0.0019286480651999997 0.0
2154 -0.0019286480651999997 0.0
2155 -0.0019286480651999997 0.0
2156 -0.0019286480651999997 0.0
2157 -0.0019286480651999997 0.0
2158 -0.0019286480651999997 0.0
2159 -0.0019286480651999997 0.0
2160 -0.0019286480651999997 0.0
2161 -0.0019286480651999997 0.0
2162 -0.0019286480651999997 0.0
2163 -0.0019286480651999997 0.0
2164 -0.0019286480651999997 0.0
2165 -0.0019286480651999997 0.0
2166 -0.0019286480651999997 0.0
2167 -0.0019286480651999997 0.0
2168 -0.0019286480651999997 0.0
2169 -0.0019286480651999997 0.0
2170 -0.0019286480651999997 0.0
2171 -0.0019286480651999997 0.0
2172 -0.0019286480651999997 0.0
2173 -0.0019286480651999997 0.0
2174 -0.0019286480651999997 0.0
2175 -0.0019286480651999997 0.0
2176 -0.0019286480651999997 0.0
2177 -0.0019286480651999997 0.0
2178 -0.0019286480651999997 0.0
2179 -0.0019286480651999997 0.0
2180 -0.0019286480651999997 0.0
2181 -0.0019286480651999997 0.0
2182 -0.0019286480651999997 0.0
2183 -0.0019286480651999997 0.0
2184 -0.0019286480651999997 0.0
2185 -0.0019286480651999997 0.0
2186 -0.0019286480651999997 0.0
2187 -0.0019286480651999997 0.0
2188 -0.0019286480651999997 0.0
2189 -0.0019286480651999997 0.0
2190 -0.0019286480651999997 0.0
2191 -0.0019286480651999997 0.0
2192 -0.0019286480651999997 0.0
2193 -0.0019286480651999997 0.0
2194 -0.0019286480651999997 0.0
2195 -0.0019286480651999997 0.0
2196 -0.0019286480651999997 0.0
2197 -0.0019286480651999997 0.0
2198 -0.0019286480651999997 0.0
2199 -0.0019286480651999997 0.0