2200 0.000002100546602 1.0
2
0 0.0 0.0
1 0.0 0.0
2 0.0 0.0
3 0.0 0.0
4 0.0 0.0
5 0.0 0.0
6 0.0 0.0
7 0.0 0.0
8 0.0 0.0
9 0.0 0.0
10 0.0 0.0
11 0.0 0.0
12 0.0 0.0
13 0.0 0.0
14 0.0 0.0
15 0.0 0.0
16 0.0 0.0
17 0.0 0.0
18 0.0 0.0
19 0.0 0.0
20 0.0 0.0
21 0.0 0.0
22 0.0 0.0
23 0.0 0.0
24 0.0 0.0
25 0.0 0.0
26 0.0 0.0
27 0.0 0.0
28 0.0 0.0
29 0.0 0.0
30 0.0 0.0
31 0.0 0.0
32 0.0 0.0
33 0.0 0.0
34 0.0 0.0
35 0.0 0.0
36 0.0 0.0
37 0.0 0.0
38 0.0 0.0
39 0.0 0.0
40 0.0 0.0
41 0.0 0.0
42 0.0 0.0
43 0.0 0.0
44 0.0 0.0
45 0.0 0.0
46 0.0 0.0
47 0.0 0.0
48 0.0 0.0
49 0.0 0.0
50 0.0 0.0
51 0.0 0.0
52 0.0 0.0
53 0.0 0.0
54 0.0 0.0
55 0.0 0.0
56 0.0 0.0
57 0.0 0.0
58 0.0 0.0
59 0.0 0.0
60 0.0 0.0
61 0.0 0.0
62 0.0 0.0
63 0.0 0.0
64 0.0 0.0
65 0.0 0.0
66 0.0 0.0
67 0.0 0.0
68 0.0 0.0
69 0.0 0.0
70 0.0 0.0
71 0.0 0.0
72 0.0 0.0
73 0.0 0.0
74 0.0 0.0
75 0.0 0.0
76 0.0 0.0
77 0.0 0.0
78 0.0 0.0
79 0.0 0.0
80 0.0 0.0
81 0.0 0.0
82 0.0 0.0
83 0.0 0.0
84 0.0 0.0
85 0.0 0.0
86 0.0 0.0
87 0.0 0.0
88 0.0 0.0
89 0.0 0.0
90 0.0 0.0
91 0.0 0.0
92 0.0 0.0
93 0.0 0.0
94 0.0 0.0
95 0.0 0.0
96 0.0 0.0
97 0.0 0.0
98 0.0 0.0
99 0.0 0.0
100 0.0 0.0
101 0.0 0.0
102 0.0 0.0
103 0.0 0.0
104 0.0 0.0
105 0.0 0.0
106 0.0 0.0
107 0.0 0.0
108 0.0 0.0
109 0.0 0.0
110 0.0 0.0
111 0.0 0.0
112 0.0 0.0
113 0.0 0.0
114 0.0 0.0
115 0.0 0.0
116 0.0 0.0
117 0.0 0.0
118 0.0 0.0
119 0.0 0.0
120 0.0 0.0
121 0.0 0.0
122 0.0 0.0
123 0.0 0.0
124 0.0 0.0
125 0.0 0.0
126 0.0 0.0
127 0.0 0.0
128 0.0 0.0
129 0.0 0.0
130 0.0 0.0
131 0.0 0.0
132 0.0 0.0
133 0.0 0.0
134 0.0 0.0
135 0.0 0.0
136 0.0 0.0
137 0.0 0.0
138 0.0 0.0
139 0.0 0.0
140 0.0 0.0
141 0.0 0.0
142 0.0 0.0
143 0.0 0.0
144 0.0 0.0
145 0.0 0.0
146 0.0 0.0
147 0.0 0.0
148 0.0 0.0
149 0.0 0.0
150 0.0 0.0
151 0.0 0.0
152 0.0 0.0
153 0.0 0.0
154 0.0 0.0
155 0.0 0.0
156 0.0 0.0
157 0.0 0.0
158 0.0 0.0
159 0.0 0.0
160 0.0 0.0
161 0.0 0.0
162 0.0 0.0
163 0.0 0.0
164 0.0 0.0
165 0.0 0.0
166 0.0 0.0
167 0.0 0.0
168 0.0 0.0
169 0.0 0.0
170 0.0 0.0
171 0.0 0.0
172 0.0 0.0
173 0.0 0.0
174 0.0 0.0
175 0.0 0.0
176 0.0 0.0
177 0.0 0.0
178 0.0 0.0
179 0.0 0.0
180 0.0 0.0
181 0.0 0.0
182 0.0 0.0
183 0.0 0.0
184 0.0 0.0
185 0.0 0.0
186 0.0 0.0
187 0.0 0.0
188 0.0 0.0
189 0.0 0.0
190 0.0 0.0
191 0.0 0.0
192 0.0 0.0
193 0.0 0.0
194 0.0 0.0
195 0.0 0.0
196 0.0 0.0
197 0.0 0.0
198 0.0 0.0
199 0.0 0.0
200 0.0 0.0
201 6.645189516131853e-05 0.0
202 0.00013290358789864 0.0
203 0.00019935487578858402 0.0
204 0.00026580555640900327 0.0
205 0.00033225542733960055 0.0
206 0.0003987042861625449 0.0
207 0.0004651519304630884 0.0
208 0.0005315981578301829 0.0
209 0.0005980427658570965 0.0
210 0.0006644855521420299 0.0
211 0.0007309263142887335 0.0
212 0.000797364849907123 0.0
213 0.000863800956613897 0.0
214 0.000930234432033153 0.0
215 0.0009966650737970033 0.0
216 0.0010630926795461928 0.0
217 0.0011295170469307137 0.0
218 0.0011959379736104236 0.0
219 0.001262355257255661 0.0
220 0.0013287686955478612 0.0
221 0.0013951780861801738 0.0
222 0.0014615832268580775 0.0
223 0.0015279839152999978 0.0
224 0.0015943799492379221 0.0
225 0.0016607711264180164 0.0
226 0.0017271572446012405 0.0
227 0.0017935381015639666 0.0
228 0.0018599134950985914 0.0
229 0.0019262832230141555 0.0
230 0.0019926470831369576 0.0
231 0.00205900487331117 0.0
232 0.0021253563913994564 0.0
233 0.0021917014352835855 0.0
234 0.0022580398028650478 0.0
235 0.002324371292065671 0.0
236 0.0023906957008282353 0.0
237 0.00245701282711709 0.0
238 0.002523322468918766 0.0
239 0.0025896244242425955 0.0
240 0.0026559184911213243 0.0
241 0.002722204467611728 0.0
242 0.0027884821517952254 0.0
243 0.002854751341778498 0.0
244 0.002921011835694098 0.0
245 0.0029872634317010724 0.0
246 0.0030535059279855684 0.0
247 0.003119739122761455 0.0
248 0.0031859628142709337 0.0
249 0.0032521768007851555 0.0
250 0.0033183808806048353 0.0
251 0.0033845748520608637 0.0
252 0.003450758513514924 0.0
253 0.003516931663360106 0.0
254 0.003583094100021519 0.0
255 0.0036492456219569067 0.0
256 0.003715386027657261 0.0
257 0.0037815151156474353 0.0
258 0.0038476326844867595 0.0
259 0.003913738532769653 0.0
260 0.003979832459126237 0.0
261 0.00404591426222295 0.0
262 0.004111983740763159 0.0
263 0.004178040693487774 0.0
264 0.004244084919175862 0.0
265 0.0043101162166452565 0.0
266 0.004376134384753176 0.0
267 0.00444213922239683 0.0
268 0.004508130528514037 0.0
269 0.004574108102083831 0.0
270 0.004640071742127086 0.0
271 0.00470602124770711 0.0
272 0.004771956417930275 0.0
273 0.004837877051946615 0.0
274 0.004903782948950449 0.0
275 0.0049696739081809835 0.0
276 0.00503554972892293 0.0
277 0.005101410210507114 0.0
278 0.005167255152311086 0.0
279 0.005233084353759736 0.0
280 0.005298897614325899 0.0
281 0.005364694733530969 0.0
282 0.0054304755109455104 0.0
283 0.005496239746189867 0.0
284 0.005561987238934775 0.0
285 0.005627717788901966 0.0
286 0.00569343119586479 0.0
287 0.005759127259648807 0.0
288 0.0058248057801324185 0.0
289 0.005890466557247459 0.0
290 0.005956109390979814 0.0
291 0.006021734081370028 0.0
292 0.006087340428513914 0.0
293 0.00615292823256316 0.0
294 0.006218497293725941 0.0
295 0.006284047412267524 0.0
296 0.006349578388510881 0.0
297 0.006415090022837292 0.0
298 0.00648058211568696 0.0
299 0.0065460544675596125 0.0
300 0.0066115068790151095 0.0
301 0.0066769391506740555 0.0
302 0.0067423510832184015 0.0
303 0.006807742477392059 0.0
304 0.0068731131340015 0.0
305 0.00693846285391637 0.0
306 0.007003791438070084 0.0
307 0.00706909868746045 0.0
308 0.007134384403150256 0.0
309 0.007199648386267895 0.0
310 0.0072648904380079515 0.0
311 0.007330110359631823 0.0
312 0.007395307952468319 0.0
313 0.007460483017914263 0.0
314 0.007525635357435103 0.0
315 0.007590764772565513 0.0
316 0.007655871064910002 0.0
317 0.00772095403614351 0.0
318 0.00778601348801202 0.0
319 0.00785104922233316 0.0
320 0.007916061040996802 0.0
321 0.007981048745965677 0.0
322 0.008046012139275959 0.0
323 0.008110951023037887 0.0
324 0.008175865199436364 0.0
325 0.008240754470731545 0.0
326 0.008305618639259459 0.0
327 0.008370457507432597 0.0
328 0.008435270877740528 0.0
329 0.00850005855275048 0.0
330 0.008564820335107961 0.0
331 0.008629556027537351 0.0
332 0.008694265432842503 0.0
333 0.008758948353907349 0.0
334 0.00882360459369649 0.0
335 0.008888233955255809 0.0
336 0.008952836241713061 0.0
337 0.00901741125627848 0.0
338 0.009081958802245372 0.0
339 0.009146478682990716 0.0
340 0.009210970701975768 0.0
341 0.009275434662746653 0.0
342 0.009339870368934964 0.0
343 0.009404277624258372 0.0
344 0.0094686562325212 0.0
345 0.00953300599761505 0.0
346 0.009597326723519367 0.0
347 0.009661618214302076 0.0
348 0.009725880274120142 0.0
349 0.009790112707220187 0.0
350 0.009854315317939075 0.0
351 0.009918487910704528 0.0
352 0.009982630290035694 0.0
353 0.010046742260543763 0.0
354 0.010110823626932552 0.0
355 0.010174874193999109 0.0
356 0.0102388937666343 0.0
357 0.0103028821498234 0.0
358 0.010366839148646698 0.0
359 0.010430764568280083 0.0
360 0.010494658213995645 0.0
361 0.010558519891162252 0.0
362 0.010622349405246166 0.0
363 0.010686146561811615 0.0
364 0.010749911166521395 0.0
365 0.010813643025137461 0.0
366 0.01087734194352152 0.0
367 0.010941007727635624 0.0
368 0.01100464018354275 0.0
369 0.011068239117407399 0.0
370 0.011131804335496192 0.0
371 0.011195335644178451 0.0
372 0.011258832849926792 0.0
373 0.01132229575931771 0.0
374 0.011385724179032183 0.0
375 0.011449117915856243 0.0
376 0.011512476776681569 0.0
377 0.01157580056850609 0.0
378 0.01163908909843455 0.0
379 0.011702342173679112 0.0
380 0.011765559601559937 0.0
381 0.011828741189505781 0.0
382 0.011891886745054566 0.0
383 0.011954996075853978 0.0
384 0.012018068989662054 0.0
385 0.01208110529434776 0.0
386 0.012144104797891577 0.0
387 0.012207067308386091 0.0
388 0.01226999263403658 0.0
389 0.012332880583161588 0.0
390 0.012395730964193516 0.0
391 0.012458543585679199 0.0
392 0.012521318256280502 0.0
393 0.012584054784774893 0.0
394 0.012646752980056025 0.0
395 0.012709412651134323 0.0
396 0.012772033607137556 0.0
397 0.012834615657311442 0.0
398 0.012897158611020195 0.0
399 0.012959662277747135 0.0
400 0.013022126467095253 0.0
401 0.013084550988787797 0.0
402 0.013146935652668843 0.0
403 0.01320928026870389 0.0
404 0.013271584646980422 0.0
405 0.013333848597708503 0.0
406 0.013396071931221339 0.0
407 0.013458254457975861 0.0
408 0.013520395988553311 0.0
409 0.013582496333659815 0.0
410 0.013644555304126945 0.0
411 0.013706572710912315 0.0
412 0.013768548365100152 0.0
413 0.013830482077901865 0.0
414 0.013892373660656624 0.0
415 0.013954222924831934 0.0
416 0.014016029682024204 0.0
417 0.014077793743959342 0.0
418 0.0141395149224933 0.0
419 0.014201193029612666 0.0
420 0.014262827877435222 0.0
421 0.014324419278210541 0.0
422 0.014385967044320535 0.0
423 0.014447470988280028 0.0
424 0.014508930922737343 0.0
425 0.014570346660474865 0.0
426 0.014631718014409599 0.0
427 0.014693044797593764 0.0
428 0.01475432682321534 0.0
429 0.014815563904598646 0.0
430 0.014876755855204917 0.0
431 0.014937902488632858 0.0
432 0.01499900361861922 0.0
433 0.015060059059039364 0.0
434 0.015121068623907828 0.0
435 0.015182032127378899 0.0
436 0.015242949383747172 0.0
437 0.015303820207448115 0.0
438 0.015364644413058652 0.0
439 0.015425421815297699 0.0
440 0.015486152229026749 0.0
441 0.015546835469250429 0.0
442 0.015607471351117069 0.0
443 0.015668059689919252 0.0
444 0.01572860030109439 0.0
445 0.015789093000225282 0.0
446 0.015849537603040684 0.0
447 0.015909933925415846 0.0
448 0.0159702817833731 0.0
449 0.016030580993082397 0.0
450 0.016090831370861893 0.0
451 0.01615103273317849 0.0
452 0.016211184896648394 0.0
453 0.01627128767803768 0.0
454 0.01633134089426286 0.0
455 0.01639134436239142 0.0
456 0.016451297899642395 0.0
457 0.016511201323386904 0.0
458 0.016571054451148735 0.0
459 0.016630857100604874 0.0
460 0.016690609089586087 0.0
461 0.016750310236077454 0.0
462 0.016809960358218926 0.0
463 0.016869559274305883 0.0
464 0.01692910680278969 0.0
465 0.01698860276227826 0.0
466 0.017048046971536574 0.0
467 0.01710743924948726 0.0
468 0.017166779415211136 0.0
469 0.017226067287947778 0.0
470 0.017285302687096035 0.0
471 0.01734448543221461 0.0
472 0.0174036153430226 0.0
473 0.01746269223940004 0.0
474 0.017521715941388457 0.0
475 0.017580686269191417 0.0
476 0.01763960304317508 0.0
477 0.01769846608386873 0.0
478 0.017757275211965344 0.0
479 0.017816030248322113 0.0
480 0.017874731013961007 0.0
481 0.017933377330069313 0.0
482 0.017991969018000185 0.0
483 0.018050505899273175 0.0
484 0.018108987795574794 0.0
485 0.018167414528759047 0.0
486 0.018225785920847965 0.0
487 0.018284101794032174 0.0
488 0.018342361970671402 0.0
489 0.01840056627329505 0.0
490 0.018458714524602717 0.0
491 0.018516806547464747 0.0
492 0.018574842164922764 0.0
493 0.018632821200190216 0.0
494 0.018690743476652897 0.0
495 0.018748608817869515 0.0
496 0.01880641704757221 0.0
497 0.01886416798966708 0.0
498 0.018921861468234737 0.0
499 0.018979497307530846 0.0
500 0.019037075331986647 0.0
501 0.01909459536620949 0.0
502 0.019152057234983377 0.0
503 0.019209460763269487 0.0
504 0.019266805776206715 0.0
505 0.019324092099112213 0.0
506 0.01938131955748191 0.0
507 0.019438487976991027 0.0
508 0.01949559718349466 0.0
509 0.019552647003028254 0.0
510 0.019609637261808168 0.0
511 0.01966656778623219 0.0
512 0.01972343840288007 0.0
513 0.01978024893851404 0.0
514 0.019836999220079365 0.0
515 0.01989368907470484 0.0
516 0.01995031832970334 0.0
517 0.02000688681257233 0.0
518 0.020063394350994405 0.0
519 0.020119840772837797 0.0
520 0.020176225906156923 0.0
521 0.020232549579192884 0.0
522 0.020288811620374 0.0
523 0.02034501185831635 0.0
524 0.020401150121824252 0.0
525 0.02045722623989082 0.0
526 0.02051324004169847 0.0
527 0.020569191356619457 0.0
528 0.020625080014216368 0.0
529 0.02068090584424266 0.0
530 0.02073666867664317 0.0
531 0.020792368341554644 0.0
532 0.02084800466930624 0.0
533 0.020903577490420062 0.0
534 0.02095908663561165 0.0
535 0.02101453193579052 0.0
536 0.021069913222060685 0.0
537 0.02112523032572113 0.0
538 0.021180483078266362 0.0
539 0.021235671311386928 0.0
540 0.021290794856969893 0.0
541 0.02134585354709937 0.0
542 0.021400847214057054 0.0
543 0.02145577569032269 0.0
544 0.02151063880857461 0.0
545 0.021565436401690244 0.0
546 0.021620168302746618 0.0
547 0.02167483434502088 0.0
548 0.021729434361990773 0.0
549 0.021783968187335183 0.0
550 0.02183843565493462 0.0
551 0.02189283659887173 0.0
552 0.0219471708534318 0.0
553 0.022001438253103276 0.0
554 0.02205563863257824 0.0
555 0.022109771826752937 0.0
556 0.02216383767072827 0.0
557 0.022217835999810306 0.0
558 0.022271766649510766 0.0
559 0.02232562945554754 0.0
560 0.02237942425384518 0.0
561 0.0224331508805354 0.0
562 0.022486809171957577 0.0
563 0.022540398964659248 0.0
564 0.022593920095396618 0.0
565 0.02264737240113503 0.0
566 0.0227007557190495 0.0
567 0.02275406988652518 0.0
568 0.02280731474115787 0.0
569 0.0228604901207545 0.0
570 0.022913595863333667 0.0
571 0.022966631807126048 0.0
572 0.02301959779057496 0.0
573 0.02307249365233684 0.0
574 0.023125319231281718 0.0
575 0.023178074366493717 0.0
576 0.023230758897271546 0.0
577 0.02328337266312899 0.0
578 0.02333591550379539 0.0
579 0.02338838725921615 0.0
580 0.023440787769553193 0.0
581 0.02349311687518548 0.0
582 0.023545374416709487 0.0
583 0.023597560234939665 0.0
584 0.023649674170908973 0.0
585 0.023701716065869318 0.0
586 0.023753685761292068 0.0
587 0.023805583098868516 0.0
588 0.02385740792051037 0.0
589 0.023909160068350237 0.0
590 0.023960839384742107 0.0
591 0.024012445712261805 0.0
592 0.02406397889370751 0.0
593 0.024115438772100227 0.0
594 0.02416682519068423 0.0
595 0.02421813799292758 0.0
596 0.024269377022522583 0.0
597 0.024320542123386267 0.0
598 0.024371633139660866 0.0
599 0.02442264991571428 0.0
600 0.02447359229614056 0.0
601 0.024524460125760386 0.0
602 0.024575253249621523 0.0
603 0.02462597151299931 0.0
604 0.024676614761397115 0.0
605 0.024727182840546827 0.0
606 0.024777675596409303 0.0
607 0.024828092875174856 0.0
608 0.024878434523263705 0.0
609 0.02492870038732647 0.0
610 0.024978890314244603 0.0
611 0.025029004151130883 0.0
612 0.025079041745329874 0.0
613 0.025129002944418385 0.0
614 0.02517888759620594 0.0
615 0.025228695548735244 0.0
616 0.02527842665028262 0.0
617 0.02532808074935853 0.0
618 0.025377657694707956 0.0
619 0.025427157335310934 0.0
620 0.02547657952038298 0.0
621 0.025525924099375537 0.0
622 0.02557519092197646 0.0
623 0.025624379838110476 0.0
624 0.025673490697939602 0.0
625 0.025722523351863646 0.0
626 0.025771477650520645 0.0
627 0.025820353444787315 0.0
628 0.025869150585779505 0.0
629 0.025917868924852663 0.0
630 0.02596650831360228 0.0
631 0.02601506860386434 0.0
632 0.026063549647715782 0.0
633 0.026111951297474935 0.0
634 0.026160273405701984 0.0
635 0.0262085158251994 0.0
636 0.026256678409012413 0.0
637 0.026304761010429445 0.0
638 0.026352763482982537 0.0
639 0.026400685680447844 0.0
640 0.026448527456846043 0.0
641 0.02649628866644278 0.0
642 0.02654396916374913 0.0
643 0.026591568803522033 0.0
644 0.02663908744076473 0.0
645 0.026686524930727207 0.0
646 0.026733881128906643 0.0
647 0.026781155891047848 0.0
648 0.026828349073143697 0.0
649 0.02687546053143558 0.0
650 0.02692249012241381 0.0
651 0.026969437702818108 0.0
652 0.027016303129638004 0.0
653 0.027063086260113264 0.0
654 0.027109786951734383 0.0
655 0.027156405062242938 0.0
656 0.027202940449632083 0.0
657 0.02724939297214696 0.0
658 0.027295762488285125 0.0
659 0.027342048856797002 0.0
660 0.027388251936686273 0.0
661 0.027434371587210352 0.0
662 0.027480407667880777 0.0
663 0.02752636003846367 0.0
664 0.027572228558980134 0.0
665 0.027618013089706708 0.0
666 0.027663713491175766 0.0
667 0.02770932962417596 0.0
668 0.027754861349752642 0.0
669 0.027800308529208274 0.0
670 0.02784567102410287 0.0
671 0.0278909486962544 0.0
672 0.02793614140773923 0.0
673 0.027981249020892513 0.0
674 0.028026271398308645 0.0
675 0.028071208402841653 0.0
676 0.028116059897605624 0.0
677 0.028160825745975133 0.0
678 0.028205505811585634 0.0
679 0.028250099958333913 0.0
680 0.02829460805037845 0.0
681 0.028339029952139893 0.0
682 0.028383365528301407 0.0
683 0.028427614643809152 0.0
684 0.02847177716387265 0.0
685 0.028515852953965186 0.0
686 0.028559841879824285 0.0
687 0.028603743807452033 0.0
688 0.028647558603115554 0.0
689 0.028691286133347378 0.0
690 0.02873492626494586 0.0
691 0.028778478864975605 0.0
692 0.028821943800767826 0.0
693 0.0288653209399208 0.0
694 0.02890861015030023 0.0
695 0.02895181130003968 0.0
696 0.028994924257540945 0.0
697 0.029037948891474496 0.0
698 0.02908088507077983 0.0
699 0.029123732664665895 0.0
700 0.029166491542611493 0.0
701 0.029209161574365664 0.0
702 0.029251742629948094 0.0
703 0.0292942345796495 0.0
704 0.029336637294032037 0.0
705 0.02937895064392968 0.0
706 0.029421174500448625 0.0
707 0.02946330873496769 0.0
708 0.029505353219138688 0.0
709 0.029547307824886824 0.0
710 0.029589172424411093 0.0
711 0.029630946890184674 0.0
712 0.029672631094955285 0.0
713 0.02971422491174562 0.0
714 0.029755728213853694 0.0
715 0.029797140874853252 0.0
716 0.029838462768594157 0.0
717 0.029879693769202735 0.0
718 0.02992083375108222 0.0
719 0.029961882588913094 0.0
720 0.030002840157653473 0.0
721 0.030043706332539503 0.0
722 0.03008448098908572 0.0
723 0.030125164003085462 0.0
724 0.030165755250611204 0.0
725 0.030206254608014967 0.0
726 0.030246661951928686 0.0
727 0.030286977159264587 0.0
728 0.03032720010721555 0.0
729 0.030367330673255505 0.0
730 0.03040736873513979 0.0
731 0.03044731417090552 0.0
732 0.030487166858871973 0.0
733 0.030526926677640943 0.0
734 0.030566593506097143 0.0
735 0.030606167223408517 0.0
736 0.030645647709026665 0.0
737 0.030685034842687187 0.0
738 0.030724328504410037 0.0
739 0.030763528574499908 0.0
740 0.03080263493354659 0.0
741 0.030841647462425327 0.0
742 0.03088056604229719 0.0
743 0.030919390554609447 0.0
744 0.030958120881095886 0.0
745 0.030996756903777217 0.0
746 0.031035298504961426 0.0
747 0.0310737455672441 0.0
748 0.031112097973508827 0.0
749 0.031150355606927523 0.0
750 0.031188518350960804 0.0
751 0.03122658608935833 0.0
752 0.031264558706159164 0.0
753 0.031302436085692144 0.0
754 0.03134021811257619 0.0
755 0.031377904671720705 0.0
756 0.03141549564832588 0.0
757 0.0314529909278831 0.0
758 0.031490390396175225 0.0
759 0.031527693939277 0.0
760 0.03156490144355536 0.0
761 0.03160201279566978 0.0
762 0.03163902788257267 0.0
763 0.031675946591509636 0.0
764 0.0317127688100199 0.0
765 0.03174949442593659 0.0
766 0.031786123327387124 0.0
767 0.0318226554027935 0.0
768 0.03185909054087269 0.0
769 0.03189542863063694 0.0
770 0.03193166956139413 0.0
771 0.0319678132227481 0.0
772 0.03200385950459899 0.0
773 0.03203980829714357 0.0
774 0.03207565949087559 0.0
775 0.03211141297658608 0.0
776 0.03214706864536375 0.0
777 0.032182626388595224 0.0
778 0.03221808609796546 0.0
779 0.032253447665458033 0.0
780 0.03228871098335548 0.0
781 0.03232387594423961 0.0
782 0.03235894244099186 0.0
783 0.0323939103667936 0.0
784 0.03242877961512646 0.0
785 0.03246355007977266 0.0
786 0.03249822165481534 0.0
787 0.03253279423463888 0.0
788 0.032567267713929184 0.0
789 0.03260164198767407 0.0
790 0.03263591695116353 0.0
791 0.03267009249999009 0.0
792 0.032704168530049094 0.0
793 0.03273814493753905 0.0
794 0.03277202161896193 0.0
795 0.03280579847112347 0.0
796 0.03283947539113355 0.0
797 0.03287305227640641 0.0
798 0.032906529024661034 0.0
799 0.03293990553392146 0.0
800 0.03297318170251703 0.0
801 0.033006357429082776 0.0
802 0.03303943261255968 0.0
803 0.03307240715219499 0.0
804 0.03310528094754255 0.0
805 0.033138053898463075 0.0
806 0.03317072590512447 0.0
807 0.033203296868002136 0.0
808 0.033235766687879274 0.0
809 0.03326813526584718 0.0
810 0.03330040250330556 0.0
811 0.0333325683019628 0.0
812 0.03336463256383631 0.0
813 0.03339659519125277 0.0
814 0.0334284560868485 0.0
815 0.033460215153569665 0.0
816 0.03349187229467265 0.0
817 0.03352342741372431 0.0
818 0.033554880414602285 0.0
819 0.03358623120149527 0.0
820 0.03361747967890334 0.0
821 0.033648625751638205 0.0
822 0.03367966932482354 0.0
823 0.033710610303895217 0.0
824 0.033741448594601674 0.0
825 0.033772184103004095 0.0
826 0.033802816735476825 0.0
827 0.03383334639870753 0.0
828 0.03386377299969758 0.0
829 0.03389409644576226 0.0
830 0.033924316644531084 0.0
831 0.03395443350394811 0.0
832 0.03398444693227214 0.0
833 0.03401435683807709 0.0
834 0.034044163130252166 0.0
835 0.034073865718002264 0.0
836 0.034103464510848135 0.0
837 0.03413295941862672 0.0
838 0.034162350351491434 0.0
839 0.03419163721991238 0.0
840 0.03422081993467668 0.0
841 0.034249898406888725 0.0
842 0.034278872547970456 0.0
843 0.034307742269661594 0.0
844 0.03433650748401998 0.0
845 0.03436516810342177 0.0
846 0.03439372404056176 0.0
847 0.034422175208453594 0.0
848 0.03445052152043011 0.0
849 0.03447876289014349 0.0
850 0.034506899231565635 0.0
851 0.03453493045898839 0.0
852 0.03456285648702376 0.0
853 0.03459067723060421 0.0
854 0.034618392604982944 0.0
855 0.034646002525734125 0.0
856 0.03467350690875315 0.0
857 0.034700905670256875 0.0
858 0.034728198726783954 0.0
859 0.03475538599519498 0.0
860 0.03478246739267282 0.0
861 0.034809442836722854 0.0
862 0.034836312245173195 0.0
863 0.03486307553617496 0.0
864 0.03488973262820253 0.0
865 0.03491628344005378 0.0
866 0.03494272789085032 0.0
867 0.034969065900037774 0.0
868 0.034995297387386014 0.0
869 0.03502142227298935 0.0
870 0.03504744047726688 0.0
871 0.035073351920962614 0.0
872 0.03509915652514583 0.0
873 0.035124854211211205 0.0
874 0.03515044490087914 0.0
875 0.03517592851619595 0.0
876 0.03520130497953414 0.0
877 0.03522657421359258 0.0
878 0.03525173614139681 0.0
879 0.03527679068629924 0.0
880 0.03530173777197937 0.0
881 0.03532657732244406 0.0
882 0.03535130926202773 0.0
883 0.0353759335153926 0.0
884 0.03540045000752893 0.0
885 0.03542485866375523 0.0
886 0.03544915940971848 0.0
887 0.035473352171394426 0.0
888 0.03549743687508771 0.0
889 0.035521413447432135 0.0
890 0.03554528181539091 0.0
891 0.03556904190625686 0.0
892 0.03559269364765261 0.0
893 0.03561623696753086 0.0
894 0.03563967179417457 0.0
895 0.0356629980561972 0.0
896 0.03568621568254292 0.0
897 0.03570932460248679 0.0
898 0.035732324745635057 0.0
899 0.03575521604192528 0.0
900 0.0357779984216266 0.0
901 0.03580067181533995 0.0
902 0.03582323615399823 0.0
903 0.03584569136886656 0.0
904 0.03586803739154245 0.0
905 0.03589027415395605 0.0
906 0.035912401588370314 0.0
907 0.035934419627381246 0.0
908 0.035956328203918086 0.0
909 0.035978127251243504 0.0
910 0.03599981670295382 0.0
911 0.0360213964929792 0.0
912 0.03604286655558388 0.0
913 0.0360642268253663 0.0
914 0.036085477237259383 0.0
915 0.036106617726530704 0.0
916 0.036127648228782644 0.0
917 0.036148568679952656 0.0
918 0.036169379016313424 0.0
919 0.03619007917447305 0.0
920 0.036210669091375255 0.0
921 0.03623114870429959 0.0
922 0.036251517950861595 0.0
923 0.03627177676901302 0.0
924 0.03629192509704199 0.0
925 0.036311962873573196 0.0
926 0.0363318900375681 0.0
927 0.03635170652832512 0.0
928 0.03637141228547976 0.0
929 0.03639100724900488 0.0
930 0.03641049135921083 0.0
931 0.03642986455674563 0.0
932 0.03644912678259515 0.0
933 0.03646827797808331 0.0
934 0.03648731808487225 0.0
935 0.03650624704496252 0.0
936 0.036525064800693195 0.0
937 0.03654377129474215 0.0
938 0.036562366470126145 0.0
939 0.03658085027020107 0.0
940 0.03659922263866205 0.0
941 0.03661748351954366 0.0
942 0.0366356328572201 0.0
943 0.036653670596405334 0.0
944 0.036671596682153286 0.0
945 0.036689411059857985 0.0
946 0.03670711367525375 0.0
947 0.036724704474415344 0.0
948 0.03674218340375814 0.0
949 0.0367595504100383 0.0
950 0.03677680544035289 0.0
951 0.0367939484421401 0.0
952 0.0368109793631794 0.0
953 0.03682789815159161 0.0
954 0.036844704755839196 0.0
955 0.036861399124726316 0.0
956 0.036877981207399026 0.0
957 0.03689445095334543 0.0
958 0.03691080831239583 0.0
959 0.03692705323472287 0.0
960 0.036943185670841684 0.0
961 0.0369592055716101 0.0
962 0.0369751128882287 0.0
963 0.03699090757224106 0.0
964 0.037006589575533815 0.0
965 0.03702215885033686 0.0
966 0.03703761534922351 0.0
967 0.03705295902511056 0.0
968 0.037068189831258536 0.0
969 0.03708330772127174 0.0
970 0.03709831264909847 0.0
971 0.03711320456903111 0.0
972 0.037127983435706294 0.0
973 0.037142649204105024 0.0
974 0.03715720182955283 0.0
975 0.03717164126771989 0.0
976 0.037185967474621176 0.0
977 0.037200180406616566 0.0
978 0.037214280020411016 0.0
979 0.037228266273054644 0.0
980 0.03724213912194292 0.0
981 0.03725589852481672 0.0
982 0.03726954443976252 0.0
983 0.03728307682521251 0.0
984 0.03729649563994468 0.0
985 0.037309800843082996 0.0
986 0.03732299239409752 0.0
987 0.03733607025280448 0.0
988 0.03734903437936645 0.0
989 0.03736188473429247 0.0
990 0.03737462127843812 0.0
991 0.03738724397300567 0.0
992 0.03739975277954421 0.0
993 0.03741214765994975 0.0
994 0.03742442857646533 0.0
995 0.03743659549168114 0.0
996 0.037448648368534676 0.0
997 0.03746058717031075 0.0
998 0.037472411860641715 0.0
999 0.03748412240350752 0.0
1000 0.03749571876323581 0.0
1001 0.03750720090450208 0.0
1002 0.03751856879232971 0.0
1003 0.037529822392090156 0.0
1004 0.037540961669503006 0.0
1005 0.037551986590636084 0.0
1006 0.03756289712190557 0.0
1007 0.03757369323007609 0.0
1008 0.037584374882260824 0.0
1009 0.03759494204592162 0.0
1010 0.03760539468886905 0.0
1011 0.037615732779262556 0.0
1012 0.03762595628561053 0.0
1013 0.037636065176770386 0.0
1014 0.037646059421948694 0.0
1015 0.03765593899070125 0.0
1016 0.03766570385293318 0.0
1017 0.03767535397889901 0.0
1018 0.03768488933920278 0.0
1019 0.03769430990479815 0.0
1020 0.03770361564698842 0.0
1021 0.037712806537426695 0.0
1022 0.037721882548115926 0.0
1023 0.03773084365140902 0.0
1024 0.03773968982000889 0.0
1025 0.03774842102696858 0.0
1026 0.037757037245691315 0.0
1027 0.03776553844993061 0.0
1028 0.037773924613790304 0.0
1029 0.03778219571172469 0.0
1030 0.03779035171853858 0.0
1031 0.03779839260938737 0.0
1032 0.03780631835977709 0.0
1033 0.03781412894556454 0.0
1034 0.037821824342957326 0.0
1035 0.037829404528513924 0.0
1036 0.03783686947914379 0.0
1037 0.03784421917210737 0.0
1038 0.03785145358501623 0.0
1039 0.0378585726958331 0.0
1040 0.03786557648287193 0.0
1041 0.03787246492479797 0.0
1042 0.037879238000627834 0.0
1043 0.037885895689729554 0.0
1044 0.03789243797182266 0.0
1045 0.03789886482697822 0.0
1046 0.03790517623561892 0.0
1047 0.03791137217851912 0.0
1048 0.0379174526368049 0.0
1049 0.037923417591954126 0.0
1050 0.03792926702579651 0.0
1051 0.037935000920513676 0.0
1052 0.03794061925863917 0.0
1053 0.03794612202305856 0.0
1054 0.037951509197009486 0.0
1055 0.03795678076408167 0.0
1056 0.037961936708217 0.0
1057 0.03796697701370959 0.0
1058 0.03797190166520579 0.0
1059 0.03797671064770425 0.0
1060 0.03798140394655598 0.0
1061 0.03798598154746439 0.0
1062 0.03799044343648529 0.0
1063 0.03799478960002701 0.0
1064 0.03799902002485038 0.0
1065 0.038003134698068784 0.0
1066 0.03800713360714822 0.0
1067 0.03801101673990732 0.0
1068 0.03801478408451738 0.0
1069 0.038018435629502426 0.0
1070 0.03802197136373921 0.0
1071 0.03802539127645727 0.0
1072 0.03802869535723897 0.0
1073 0.0380318835960195 0.0
1074 0.03803495598308693 0.0
1075 0.038037912509082235 0.0
1076 0.03804075316499933 0.0
1077 0.038043477942185086 0.0
1078 0.03804608683233935 0.0
1079 0.038048579827515 0.0
1080 0.03805095692011793 0.0
1081 0.03805321810290711 0.0
1082 0.03805536336899459 0.0
1083 0.03805739271184551 0.0
1084 0.038059306125278136 0.0
1085 0.03806110360346389 0.0
1086 0.038062785140927334 0.0
1087 0.038064350732546215 0.0
1088 0.03806580037355147 0.0
1089 0.03806713405952724 0.0
1090 0.03806835178641089 0.0
1091 0.03806945355049301 0.0
1092 0.03807043934841743 0.0
1093 0.038071309177181246 0.0
1094 0.03807206303413481 0.0
1095 0.038072700916981735 0.0
1096 0.038073222823778924 0.0
1097 0.038073628752936566 0.0
1098 0.038073918703218114 0.0
1099 0.038074092673740345 0.0
1100 0.0380741506639733 0.0
1101 0.038074092673740345 0.0
1102 0.038073918703218114 0.0
1103 0.038073628752936566 0.0
1104 0.038073222823778924 0.0
1105 0.038072700916981735 0.0
1106 0.03807206303413481 0.0
1107 0.038071309177181246 0.0
1108 0.03807043934841743 0.0
1109 0.03806945355049301 0.0
1110 0.03806835178641089 0.0
1111 0.03806713405952724 0.0
1112 0.03806580037355147 0.0
1113 0.038064350732546215 0.0
1114 0.038062785140927334 0.0
1115 0.03806110360346389 0.0
1116 0.038059306125278136 0.0
1117 0.03805739271184551 0.0
1118 0.03805536336899459 0.0
1119 0.03805321810290711 0.0
1120 0.03805095692011793 0.0
1121 0.038048579827515 0.0
1122 0.03804608683233935 0.0
1123 0.038043477942185086 0.0
1124 0.03804075316499933 0.0
1125 0.038037912509082235 0.0
1126 0.03803495598308693 0.0
1127 0.0380318835960195 0.0
1128 0.03802869535723897 0.0
1129 0.03802539127645727 0.0
1130 0.03802197136373921 0.0
1131 0.038018435629502426 0.0
1132 0.03801478408451738 0.0
1133 0.03801101673990732 0.0
1134 0.038007133607148226 0.0
1135 0.038003134698068784 0.0
1136 0.03799902002485038 0.0
1137 0.03799478960002701 0.0
1138 0.03799044343648529 0.0
1139 0.03798598154746439 0.0
1140 0.03798140394655598 0.0
1141 0.03797671064770425 0.0
1142 0.03797190166520579 0.0
1143 0.03796697701370959 0.0
1144 0.037961936708217 0.0
1145 0.03795678076408167 0.0
1146 0.037951509197009486 0.0
1147 0.03794612202305856 0.0
1148 0.03794061925863917 0.0
1149 0.037935000920513676 0.0
1150 0.03792926702579651 0.0
1151 0.037923417591954126 0.0
1152 0.0379174526368049 0.0
1153 0.03791137217851912 0.0
1154 0.03790517623561892 0.0
1155 0.03789886482697822 0.0
1156 0.03789243797182266 0.0
1157 0.03788589568972956 0.0
1158 0.037879238000627834 0.0
1159 0.03787246492479797 0.0
1160 0.037865576482871935 0.0
1161 0.0378585726958331 0.0
1162 0.03785145358501623 0.0
1163 0.03784421917210737 0.0
1164 0.03783686947914379 0.0
1165 0.037829404528513924 0.0
1166 0.037821824342957326 0.0
1167 0.037814128945564546 0.0
1168 0.03780631835977709 0.0
1169 0.03779839260938737 0.0
1170 0.03779035171853859 0.0
1171 0.0377821957117247 0.0
1172 0.0377739246137903 0.0
1173 0.03776553844993061 0.0
1174 0.037757037245691315 0.0
1175 0.037748421026968584 0.0
1176 0.03773968982000889 0.0
1177 0.03773084365140902 0.0
1178 0.037721882548115926 0.0
1179 0.037712806537426695 0.0
1180 0.03770361564698842 0.0
1181 0.03769430990479815 0.0
1182 0.03768488933920278 0.0
1183 0.03767535397889901 0.0
1184 0.03766570385293318 0.0
1185 0.03765593899070125 0.0
1186 0.0376460594219487 0.0
1187 0.037636065176770386 0.0
1188 0.03762595628561053 0.0
1189 0.037615732779262556 0.0
1190 0.037605394688869045 0.0
1191 0.03759494204592162 0.0
1192 0.037584374882260824 0.0
1193 0.037573693230076095 0.0
1194 0.037562897121905574 0.0
1195 0.037551986590636084 0.0
1196 0.03754096166950301 0.0
1197 0.037529822392090156 0.0
1198 0.03751856879232971 0.0
1199 0.037507200904502075 0.0
1200 0.03749571876323581 0.0
1201 0.03748412240350753 0.0
1202 0.03747241186064172 0.0
1203 0.03746058717031075 0.0
1204 0.037448648368534676 0.0
1205 0.03743659549168115 0.0
1206 0.03742442857646533 0.0
1207 0.03741214765994975 0.0
1208 0.03739975277954421 0.0
1209 0.03738724397300567 0.0
1210 0.03737462127843812 0.0
1211 0.03736188473429247 0.0
1212 0.03734903437936646 0.0
1213 0.03733607025280448 0.0
1214 0.03732299239409752 0.0
1215 0.037309800843082996 0.0
1216 0.03729649563994468 0.0
1217 0.03728307682521251 0.0
1218 0.03726954443976252 0.0
1219 0.03725589852481672 0.0
1220 0.03724213912194292 0.0
1221 0.03722826627305465 0.0
1222 0.037214280020411016 0.0
1223 0.037200180406616566 0.0
1224 0.037185967474621176 0.0
1225 0.03717164126771989 0.0
1226 0.03715720182955284 0.0
1227 0.037142649204105024 0.0
1228 0.0371279834357063 0.0
1229 0.03711320456903111 0.0
1230 0.03709831264909847 0.0
1231 0.03708330772127174 0.0
1232 0.037068189831258536 0.0
1233 0.03705295902511056 0.0
1234 0.03703761534922351 0.0
1235 0.03702215885033687 0.0
1236 0.03700658957553381 0.0
1237 0.03699090757224106 0.0
1238 0.0369751128882287 0.0
1239 0.0369592055716101 0.0
1240 0.036943185670841684 0.0
1241 0.03692705323472287 0.0
1242 0.03691080831239583 0.0
1243 0.03689445095334543 0.0
1244 0.03687798120739903 0.0
1245 0.036861399124726316 0.0
1246 0.036844704755839196 0.0
1247 0.03682789815159161 0.0
1248 0.0368109793631794 0.0
1249 0.03679394844214011 0.0
1250 0.03677680544035289 0.0
1251 0.0367595504100383 0.0
1252 0.03674218340375815 0.0
1253 0.03672470447441535 0.0
1254 0.03670711367525375 0.0
1255 0.036689411059857985 0.0
1256 0.036671596682153286 0.0
1257 0.036653670596405334 0.0
1258 0.0366356328572201 0.0
1259 0.03661748351954366 0.0
1260 0.03659922263866205 0.0
1261 0.03658085027020107 0.0
1262 0.03656236647012615 0.0
1263 0.03654377129474215 0.0
1264 0.036525064800693195 0.0
1265 0.03650624704496252 0.0
1266 0.03648731808487225 0.0
1267 0.036468277978083316 0.0
1268 0.03644912678259515 0.0
1269 0.03642986455674563 0.0
1270 0.03641049135921084 0.0
1271 0.03639100724900489 0.0
1272 0.036371412285479764 0.0
1273 0.03635170652832512 0.0
1274 0.03633189003756811 0.0
1275 0.036311962873573196 0.0
1276 0.03629192509704199 0.0
1277 0.03627177676901302 0.0
1278 0.036251517950861595 0.0
1279 0.03623114870429959 0.0
1280 0.036210669091375255 0.0
1281 0.036190079174473054 0.0
1282 0.036169379016313424 0.0
1283 0.03614856867995266 0.0
1284 0.036127648228782644 0.0
1285 0.036106617726530704 0.0
1286 0.036085477237259383 0.0
1287 0.0360642268253663 0.0
1288 0.03604286655558388 0.0
1289 0.03602139649297921 0.0
1290 0.03599981670295382 0.0
1291 0.035978127251243504 0.0
1292 0.035956328203918086 0.0
1293 0.03593441962738125 0.0
1294 0.035912401588370314 0.0
1295 0.03589027415395605 0.0
1296 0.03586803739154245 0.0
1297 0.03584569136886656 0.0
1298 0.03582323615399823 0.0
1299 0.035800671815339954 0.0
1300 0.03577799842162661 0.0
1301 0.03575521604192528 0.0
1302 0.035732324745635057 0.0
1303 0.0357093246024868 0.0
1304 0.03568621568254292 0.0
1305 0.0356629980561972 0.0
1306 0.03563967179417457 0.0
1307 0.03561623696753086 0.0
1308 0.03559269364765261 0.0
1309 0.03556904190625686 0.0
1310 0.03554528181539091 0.0
1311 0.035521413447432135 0.0
1312 0.03549743687508771 0.0
1313 0.03547335217139443 0.0
1314 0.03544915940971848 0.0
1315 0.03542485866375523 0.0
1316 0.03540045000752893 0.0
1317 0.0353759335153926 0.0
1318 0.03535130926202774 0.0
1319 0.03532657732244406 0.0
1320 0.035301737771979376 0.0
1321 0.03527679068629924 0.0
1322 0.03525173614139682 0.0
1323 0.03522657421359257 0.0
1324 0.03520130497953414 0.0
1325 0.03517592851619595 0.0
1326 0.03515044490087914 0.0
1327 0.035124854211211205 0.0
1328 0.03509915652514583 0.0
1329 0.03507335192096262 0.0
1330 0.03504744047726688 0.0
1331 0.03502142227298936 0.0
1332 0.03499529738738601 0.0
1333 0.03496906590003778 0.0
1334 0.034942727890850324 0.0
1335 0.03491628344005378 0.0
1336 0.03488973262820253 0.0
1337 0.034863075536174966 0.0
1338 0.034836312245173195 0.0
1339 0.03480944283672286 0.0
1340 0.03478246739267283 0.0
1341 0.03475538599519498 0.0
1342 0.03472819872678395 0.0
1343 0.03470090567025688 0.0
1344 0.03467350690875315 0.0
1345 0.03464600252573413 0.0
1346 0.03461839260498295 0.0
1347 0.03459067723060421 0.0
1348 0.03456285648702375 0.0
1349 0.03453493045898839 0.0
1350 0.03450689923156564 0.0
1351 0.03447876289014348 0.0
1352 0.0344505215204301 0.0
1353 0.0344221752084536 0.0
1354 0.03439372404056176 0.0
1355 0.03436516810342177 0.0
1356 0.03433650748401998 0.0
1357 0.034307742269661594 0.0
1358 0.034278872547970456 0.0
1359 0.03424989840688873 0.0
1360 0.034220819934676676 0.0
1361 0.03419163721991238 0.0
1362 0.034162350351491434 0.0
1363 0.03413295941862673 0.0
1364 0.03410346451084814 0.0
1365 0.034073865718002264 0.0
1366 0.03404416313025217 0.0
1367 0.03401435683807709 0.0
1368 0.03398444693227215 0.0
1369 0.03395443350394811 0.0
1370 0.03392431664453109 0.0
1371 0.03389409644576226 0.0
1372 0.03386377299969758 0.0
1373 0.03383334639870754 0.0
1374 0.033802816735476825 0.0
1375 0.0337721841030041 0.0
1376 0.033741448594601674 0.0
1377 0.03371061030389523 0.0
1378 0.03367966932482354 0.0
1379 0.03364862575163821 0.0
1380 0.03361747967890335 0.0
1381 0.03358623120149527 0.0
1382 0.033554880414602285 0.0
1383 0.03352342741372431 0.0
1384 0.03349187229467265 0.0
1385 0.033460215153569665 0.0
1386 0.0334284560868485 0.0
1387 0.03339659519125277 0.0
1388 0.0333646325638363 0.0
1389 0.0333325683019628 0.0
1390 0.033300402503305564 0.0
1391 0.03326813526584719 0.0
1392 0.033235766687879274 0.0
1393 0.033203296868002136 0.0
1394 0.033170725905124473 0.0
1395 0.033138053898463075 0.0
1396 0.03310528094754256 0.0
1397 0.03307240715219499 0.0
1398 0.03303943261255968 0.0
1399 0.03300635742908278 0.0
1400 0.032973181702517035 0.0
1401 0.032939905533921454 0.0
1402 0.032906529024661034 0.0
1403 0.03287305227640641 0.0
1404 0.032839475391133556 0.0
1405 0.032805798471123485 0.0
1406 0.03277202161896193 0.0
1407 0.03273814493753905 0.0
1408 0.0327041685300491 0.0
1409 0.032670092499990096 0.0
1410 0.03263591695116353 0.0
1411 0.03260164198767407 0.0
1412 0.03256726771392919 0.0
1413 0.03253279423463888 0.0
1414 0.032498221654815355 0.0
1415 0.03246355007977267 0.0
1416 0.03242877961512646 0.0
1417 0.03239391036679361 0.0
1418 0.03235894244099186 0.0
1419 0.03232387594423961 0.0
1420 0.032288710983355486 0.0
1421 0.032253447665458033 0.0
1422 0.03221808609796546 0.0
1423 0.032182626388595224 0.0
1424 0.03214706864536374 0.0
1425 0.03211141297658608 0.0
1426 0.03207565949087558 0.0
1427 0.03203980829714357 0.0
1428 0.03200385950459899 0.0
1429 0.031967813222748095 0.0
1430 0.03193166956139413 0.0
1431 0.03189542863063694 0.0
1432 0.031859090540872693 0.0
1433 0.0318226554027935 0.0
1434 0.031786123327387124 0.0
1435 0.031749494425936595 0.0
1436 0.0317127688100199 0.0
1437 0.03167594659150964 0.0
1438 0.03163902788257267 0.0
1439 0.031602012795669786 0.0
1440 0.03156490144355536 0.0
1441 0.031527693939277006 0.0
1442 0.03149039039617524 0.0
1443 0.0314529909278831 0.0
1444 0.03141549564832589 0.0
1445 0.03137790467172071 0.0
1446 0.0313402181125762 0.0
1447 0.031302436085692144 0.0
1448 0.03126455870615917 0.0
1449 0.031226586089358334 0.0
1450 0.03118851835096081 0.0
1451 0.031150355606927537 0.0
1452 0.03111209797350883 0.0
1453 0.03107374556724411 0.0
1454 0.031035298504961433 0.0
1455 0.03099675690377722 0.0
1456 0.030958120881095886 0.0
1457 0.03091939055460945 0.0
1458 0.030880566042297188 0.0
1459 0.030841647462425324 0.0
1460 0.03080263493354659 0.0
1461 0.030763528574499904 0.0
1462 0.030724328504410033 0.0
1463 0.030685034842687187 0.0
1464 0.03064564770902667 0.0
1465 0.03060616722340852 0.0
1466 0.03056659350609714 0.0
1467 0.03052692667764095 0.0
1468 0.030487166858871973 0.0
1469 0.030447314170905525 0.0
1470 0.030407368735139786 0.0
1471 0.030367330673255505 0.0
1472 0.030327200107215554 0.0
1473 0.03028697715926459 0.0
1474 0.030246661951928697 0.0
1475 0.030206254608014967 0.0
1476 0.030165755250611204 0.0
1477 0.030125164003085465 0.0
1478 0.03008448098908573 0.0
1479 0.0300437063325395 0.0
1480 0.030002840157653476 0.0
1481 0.029961882588913098 0.0
1482 0.029920833751082232 0.0
1483 0.029879693769202745 0.0
1484 0.029838462768594157 0.0
1485 0.029797140874853262 0.0
1486 0.029755728213853704 0.0
1487 0.029714224911745628 0.0
1488 0.0296726310949553 0.0
1489 0.029630946890184678 0.0
1490 0.029589172424411104 0.0
1491 0.029547307824886834 0.0
1492 0.02950535321913869 0.0
1493 0.029463308734967695 0.0
1494 0.029421174500448635 0.0
1495 0.029378950643929678 0.0
1496 0.029336637294032037 0.0
1497 0.029294234579649504 0.0
1498 0.02925174262994809 0.0
1499 0.029209161574365664 0.0
1500 0.029166491542611493 0.0
1501 0.0291237326646659 0.0
1502 0.029080885070779827 0.0
1503 0.029037948891474496 0.0
1504 0.028994924257540945 0.0
1505 0.02895181130003968 0.0
1506 0.028908610150300232 0.0
1507 0.028865320939920794 0.0
1508 0.028821943800767826 0.0
1509 0.028778478864975608 0.0
1510 0.02873492626494587 0.0
1511 0.028691286133347378 0.0
1512 0.028647558603115554 0.0
1513 0.028603743807452037 0.0
1514 0.02855984187982429 0.0
1515 0.028515852953965193 0.0
1516 0.028471777163872645 0.0
1517 0.028427614643809152 0.0
1518 0.02838336552830141 0.0
1519 0.028339029952139896 0.0
1520 0.02829460805037846 0.0
1521 0.028250099958333913 0.0
1522 0.028205505811585645 0.0
1523 0.02816082574597514 0.0
1524 0.02811605989760563 0.0
1525 0.028071208402841653 0.0
1526 0.02802627139830865 0.0
1527 0.02798124902089252 0.0
1528 0.02793614140773924 0.0
1529 0.027890948696254404 0.0
1530 0.027845671024102875 0.0
1531 0.02780030852920828 0.0
1532 0.02775486134975264 0.0
1533 0.027709329624175962 0.0
1534 0.027663713491175766 0.0
1535 0.027618013089706704 0.0
1536 0.027572228558980134 0.0
1537 0.02752636003846367 0.0
1538 0.02748040766788078 0.0
1539 0.027434371587210345 0.0
1540 0.027388251936686273 0.0
1541 0.027342048856797002 0.0
1542 0.027295762488285136 0.0
1543 0.027249392972146968 0.0
1544 0.02720294044963208 0.0
1545 0.027156405062242938 0.0
1546 0.027109786951734383 0.0
1547 0.027063086260113275 0.0
1548 0.027016303129637997 0.0
1549 0.026969437702818108 0.0
1550 0.026922490122413816 0.0
1551 0.026875460531435583 0.0
1552 0.02682834907314371 0.0
1553 0.026781155891047848 0.0
1554 0.026733881128906647 0.0
1555 0.02668652493072721 0.0
1556 0.02663908744076474 0.0
1557 0.026591568803522033 0.0
1558 0.026543969163749133 0.0
1559 0.026496288666442786 0.0
1560 0.02644852745684605 0.0
1561 0.026400685680447858 0.0
1562 0.026352763482982537 0.0
1563 0.026304761010429445 0.0
1564 0.026256678409012427 0.0
1565 0.026208515825199414 0.0
1566 0.026160273405701987 0.0
1567 0.026111951297474942 0.0
1568 0.02606354964771579 0.0
1569 0.02601506860386434 0.0
1570 0.025966508313602282 0.0
1571 0.025917868924852667 0.0
1572 0.0258691505857795 0.0
1573 0.025820353444787312 0.0
1574 0.02577147765052065 0.0
1575 0.025722523351863653 0.0
1576 0.025673490697939602 0.0
1577 0.025624379838110476 0.0
1578 0.02557519092197646 0.0
1579 0.025525924099375537 0.0
1580 0.025476579520382972 0.0
1581 0.025427157335310934 0.0
1582 0.025377657694707956 0.0
1583 0.025328080749358533 0.0
1584 0.02527842665028263 0.0
1585 0.02522869554873524 0.0
1586 0.02517888759620594 0.0
1587 0.025129002944418388 0.0
1588 0.02507904174532988 0.0
1589 0.025029004151130893 0.0
1590 0.024978890314244603 0.0
1591 0.024928700387326475 0.0
1592 0.024878434523263715 0.0
1593 0.024828092875174866 0.0
1594 0.024777675596409303 0.0
1595 0.02472718284054683 0.0
1596 0.02467661476139712 0.0
1597 0.024625971512999317 0.0
1598 0.024575253249621534 0.0
1599 0.02452446012576039 0.0
1600 0.02447359229614057 0.0
1601 0.02442264991571429 0.0
1602 0.02437163313966088 0.0
1603 0.024320542123386274 0.0
1604 0.02426937702252259 0.0
1605 0.02421813799292759 0.0
1606 0.02416682519068423 0.0
1607 0.024115438772100227 0.0
1608 0.02406397889370752 0.0
1609 0.024012445712261802 0.0
1610 0.023960839384742104 0.0
1611 0.023909160068350244 0.0
1612 0.023857407920510366 0.0
1613 0.023805583098868516 0.0
1614 0.023753685761292068 0.0
1615 0.023701716065869325 0.0
1616 0.02364967417090898 0.0
1617 0.02359756023493966 0.0
1618 0.02354537441670948 0.0
1619 0.02349311687518548 0.0
1620 0.0234407877695532 0.0
1621 0.02338838725921616 0.0
1622 0.02333591550379539 0.0
1623 0.02328337266312899 0.0
1624 0.02323075889727155 0.0
1625 0.023178074366493724 0.0
1626 0.023125319231281714 0.0
1627 0.02307249365233684 0.0
1628 0.023019597790574962 0.0
1629 0.02296663180712605 0.0
1630 0.022913595863333677 0.0
1631 0.022860490120754504 0.0
1632 0.022807314741157873 0.0
1633 0.022754069886525185 0.0
1634 0.022700755719049507 0.0
1635 0.02264737240113503 0.0
1636 0.022593920095396618 0.0
1637 0.022540398964659255 0.0
1638 0.022486809171957587 0.0
1639 0.02243315088053541 0.0
1640 0.022379424253845183 0.0
1641 0.022325629455547547 0.0
1642 0.022271766649510777 0.0
1643 0.022217835999810306 0.0
1644 0.022163837670728274 0.0
1645 0.02210977182675294 0.0
1646 0.022055638632578235 0.0
1647 0.022001438253103273 0.0
1648 0.021947170853431803 0.0
1649 0.021892836598871722 0.0
1650 0.021838435654934617 0.0
1651 0.021783968187335183 0.0
1652 0.021729434361990776 0.0
1653 0.021674834345020884 0.0
1654 0.021620168302746615 0.0
1655 0.021565436401690244 0.0
1656 0.02151063880857461 0.0
1657 0.021455775690322695 0.0
1658 0.02140084721405705 0.0
1659 0.021345853547099374 0.0
1660 0.021290794856969896 0.0
1661 0.021235671311386938 0.0
1662 0.021180483078266376 0.0
1663 0.021125230325721125 0.0
1664 0.021069913222060685 0.0
1665 0.021014531935790524 0.0
1666 0.02095908663561166 0.0
1667 0.020903577490420072 0.0
1668 0.020848004669306242 0.0
1669 0.02079236834155465 0.0
1670 0.02073666867664318 0.0
1671 0.02068090584424267 0.0
1672 0.020625080014216368 0.0
1673 0.020569191356619464 0.0
1674 0.02051324004169848 0.0
1675 0.020457226239890828 0.0
1676 0.020401150121824266 0.0
1677 0.020345011858316355 0.0
1678 0.020288811620374013 0.0
1679 0.020232549579192894 0.0
1680 0.020176225906156923 0.0
1681 0.020119840772837804 0.0
1682 0.02006339435099441 0.0
1683 0.020006886812572327 0.0
1684 0.01995031832970334 0.0
1685 0.019893689074704842 0.0
1686 0.01983699922007936 0.0
1687 0.019780248938514038 0.0
1688 0.01972343840288007 0.0
1689 0.019666567786232193 0.0
1690 0.01960963726180818 0.0
1691 0.019552647003028254 0.0
1692 0.01949559718349466 0.0
1693 0.01943848797699103 0.0
1694 0.019381319557481912 0.0
1695 0.019324092099112213 0.0
1696 0.019266805776206715 0.0
1697 0.01920946076326949 0.0
1698 0.019152057234983384 0.0
1699 0.019094595366209503 0.0
1700 0.019037075331986647 0.0
1701 0.01897949730753085 0.0
1702 0.018921861468234744 0.0
1703 0.018864167989667086 0.0
1704 0.01880641704757221 0.0
1705 0.018748608817869522 0.0
1706 0.018690743476652907 0.0
1707 0.018632821200190226 0.0
1708 0.01857484216492278 0.0
1709 0.01851680654746475 0.0
1710 0.018458714524602723 0.0
1711 0.018400566273295057 0.0
1712 0.018342361970671413 0.0
1713 0.018284101794032188 0.0
1714 0.018225785920847972 0.0
1715 0.018167414528759054 0.0
1716 0.018108987795574807 0.0
1717 0.018050505899273175 0.0
1718 0.017991969018000188 0.0
1719 0.017933377330069323 0.0
1720 0.017874731013961004 0.0
1721 0.017816030248322113 0.0
1722 0.01775727521196535 0.0
1723 0.017698466083868727 0.0
1724 0.01763960304317508 0.0
1725 0.017580686269191417 0.0
1726 0.01752171594138846 0.0
1727 0.017462692239400033 0.0
1728 0.017403615343022597 0.0
1729 0.01734448543221461 0.0
1730 0.01728530268709604 0.0
1731 0.01722606728794779 0.0
1732 0.017166779415211136 0.0
1733 0.017107439249487256 0.0
1734 0.017048046971536574 0.0
1735 0.01698860276227827 0.0
1736 0.016929106802789688 0.0
1737 0.016869559274305883 0.0
1738 0.016809960358218926 0.0
1739 0.01675031023607746 0.0
1740 0.0166906090895861 0.0
1741 0.016630857100604874 0.0
1742 0.016571054451148735 0.0
1743 0.01651120132338691 0.0
1744 0.016451297899642406 0.0
1745 0.01639134436239144 0.0
1746 0.016331340894262865 0.0
1747 0.016271287678037687 0.0
1748 0.0162111848966484 0.0
1749 0.0161510327331785 0.0
1750 0.016090831370861897 0.0
1751 0.016030580993082404 0.0
1752 0.01597028178337311 0.0
1753 0.01590993392541586 0.0
1754 0.015849537603040687 0.0
1755 0.01578909300022529 0.0
1756 0.015728600301094398 0.0
1757 0.01566805968991925 0.0
1758 0.015607471351117069 0.0
1759 0.015546835469250436 0.0
1760 0.015486152229026743 0.0
1761 0.015425421815297697 0.0
1762 0.015364644413058655 0.0
1763 0.015303820207448122 0.0
1764 0.015242949383747163 0.0
1765 0.015182032127378895 0.0
1766 0.015121068623907828 0.0
1767 0.01506005905903937 0.0
1768 0.014999003618619229 0.0
1769 0.014937902488632858 0.0
1770 0.014876755855204921 0.0
1771 0.014815563904598652 0.0
1772 0.014754326823215346 0.0
1773 0.01469304479759376 0.0
1774 0.014631718014409602 0.0
1775 0.014570346660474869 0.0
1776 0.014508930922737352 0.0
1777 0.01444747098828004 0.0
1778 0.014385967044320535 0.0
1779 0.014324419278210546 0.0
1780 0.01426282787743523 0.0
1781 0.014201193029612676 0.0
1782 0.0141395149224933 0.0
1783 0.014077793743959345 0.0
1784 0.014016029682024212 0.0
1785 0.013954222924831944 0.0
1786 0.01389237366065664 0.0
1787 0.01383048207790187 0.0
1788 0.01376854836510016 0.0
1789 0.013706572710912327 0.0
1790 0.013644555304126959 0.0
1791 0.013582496333659816 0.0
1792 0.01352039598855332 0.0
1793 0.013458254457975872 0.0
1794 0.013396071931221337 0.0
1795 0.013333848597708507 0.0
1796 0.013271584646980429 0.0
1797 0.013209280268703884 0.0
1798 0.013146935652668841 0.0
1799 0.013084550988787799 0.0
1800 0.013022126467095258 0.0
1801 0.01295966227774713 0.0
1802 0.012897158611020193 0.0
1803 0.012834615657311444 0.0
1804 0.012772033607137563 0.0
1805 0.012709412651134315 0.0
1806 0.012646752980056021 0.0
1807 0.012584054784774895 0.0
1808 0.012521318256280509 0.0
1809 0.012458543585679206 0.0
1810 0.01239573096419351 0.0
1811 0.01233288058316159 0.0
1812 0.012269992634036584 0.0
1813 0.0122070673083861 0.0
1814 0.012144104797891589 0.0
1815 0.01208110529434776 0.0
1816 0.012018068989662059 0.0
1817 0.011954996075853987 0.0
1818 0.011891886745054576 0.0
1819 0.011828741189505781 0.0
1820 0.01176555960155994 0.0
1821 0.01170234217367912 0.0
1822 0.011639089098434563 0.0
1823 0.011575800568506107 0.0
1824 0.011512476776681576 0.0
1825 0.011449117915856252 0.0
1826 0.011385724179032197 0.0
1827 0.011322295759317726 0.0
1828 0.011258832849926794 0.0
1829 0.01119533564417846 0.0
1830 0.011131804335496204 0.0
1831 0.011068239117407399 0.0
1832 0.011004640183542752 0.0
1833 0.010941007727635631 0.0
1834 0.010877341943521518 0.0
1835 0.010813643025137461 0.0
1836 0.010749911166521397 0.0
1837 0.010686146561811605 0.0
1838 0.010622349405246161 0.0
1839 0.010558519891162252 0.0
1840 0.010494658213995646 0.0
1841 0.01043076456828009 0.0
1842 0.010366839148646691 0.0
1843 0.010302882149823398 0.0
1844 0.010238893766634302 0.0
1845 0.010174874193999116 0.0
1846 0.010110823626932563 0.0
1847 0.01004674226054376 0.0
1848 0.009982630290035696 0.0
1849 0.009918487910704534 0.0
1850 0.009854315317939087 0.0
1851 0.009790112707220182 0.0
1852 0.009725880274120142 0.0
1853 0.009661618214302083 0.0
1854 0.009597326723519378 0.0
1855 0.009533005997615062 0.0
1856 0.009468656232521203 0.0
1857 0.009404277624258377 0.0
1858 0.009339870368934975 0.0
1859 0.009275434662746666 0.0
1860 0.009210970701975768 0.0
1861 0.00914647868299072 0.0
1862 0.00908195880224538 0.0
1863 0.009017411256278494 0.0
1864 0.008952836241713079 0.0
1865 0.008888233955255814 0.0
1866 0.008823604593696499 0.0
1867 0.00875894835390736 0.0
1868 0.008694265432842505 0.0
1869 0.008629556027537356 0.0
1870 0.00856482033510797 0.0
1871 0.008500058552750475 0.0
1872 0.008435270877740528 0.0
1873 0.008370457507432602 0.0
1874 0.00830561863925945 0.0
1875 0.00824075447073154 0.0
1876 0.008175865199436362 0.0
1877 0.008110951023037891 0.0
1878 0.008046012139275966 0.0
1879 0.00798104874596567 0.0
1880 0.007916061040996802 0.0
1881 0.007851049222333163 0.0
1882 0.007786013488012027 0.0
1883 0.0077209540361435035 0.0
1884 0.00765587106491 0.0
1885 0.007590764772565516 0.0
1886 0.007525635357435109 0.0
1887 0.007460483017914274 0.0
1888 0.007395307952468317 0.0
1889 0.007330110359631827 0.0
1890 0.0072648904380079584 0.0
1891 0.007199648386267905 0.0
1892 0.007134384403150272 0.0
1893 0.007069098687460452 0.0
1894 0.00700379143807009 0.0
1895 0.00693846285391638 0.0
1896 0.006873113134001515 0.0
1897 0.00680774247739206 0.0
1898 0.006742351083218408 0.0
1899 0.006676939150674065 0.0
1900 0.006611506879015123 0.0
1901 0.006546054467559632 0.0
1902 0.006480582115686967 0.0
1903 0.006415090022837302 0.0
1904 0.006349578388510893 0.0
1905 0.006284047412267524 0.0
1906 0.006218497293725945 0.0
1907 0.0061529282325631695 0.0
1908 0.00608734042851391 0.0
1909 0.00602173408137003 0.0
1910 0.005956109390979818 0.0
1911 0.005890466557247451 0.0
1912 0.005824805780132414 0.0
1913 0.005759127259648807 0.0
1914 0.005693431195864793 0.0
1915 0.005627717788901975 0.0
1916 0.0055619872389347695 0.0
1917 0.005496239746189868 0.0
1918 0.005430475510945514 0.0
1919 0.005364694733530976 0.0
1920 0.005298897614325894 0.0
1921 0.005233084353759736 0.0
1922 0.00516725515231109 0.0
1923 0.005101410210507121 0.0
1924 0.005035549728922942 0.0
1925 0.0049696739081809835 0.0
1926 0.004903782948950453 0.0
1927 0.004837877051946623 0.0
1928 0.004771956417930287 0.0
1929 0.0047060212477071095 0.0
1930 0.004640071742127089 0.0
1931 0.004574108102083839 0.0
1932 0.004508130528514048 0.0
1933 0.004442139222396845 0.0
1934 0.004376134384753178 0.0
1935 0.0043101162166452635 0.0
1936 0.004244084919175872 0.0
1937 0.004178040693487788 0.0
1938 0.004111983740763177 0.0
1939 0.0040459142622229554 0.0
1940 0.003979832459126247 0.0
1941 0.003913738532769668 0.0
1942 0.0038476326844867612 0.0
1943 0.0037815151156474413 0.0
1944 0.0037153860276572708 0.0
1945 0.003649245621956904 0.0
1946 0.003583094100021521 0.0
1947 0.0035169316633601117 0.0
1948 0.0034507585135149167 0.0
1949 0.0033845748520608607 0.0
1950 0.0033183808806048366 0.0
1951 0.0032521768007851607 0.0
1952 0.003185962814270926 0.0
1953 0.003119739122761451 0.0
1954 0.003053505927985569 0.0
1955 0.002987263431701077 0.0
1956 0.002921011835694107 0.0
1957 0.0028547513417784935 0.0
1958 0.0027884821517952254 0.0
1959 0.0027222044676117317 0.0
1960 0.002655918491121333 0.0
1961 0.0025896244242425907 0.0
1962 0.002523322468918765 0.0
1963 0.0024570128271170933 0.0
1964 0.002390695700828243 0.0
1965 0.0023243712920656833 0.0
1966 0.0022580398028650473 0.0
1967 0.002191701435283589 0.0
1968 0.002125356391399464 0.0
1969 0.0020590048733111817 0.0
1970 0.0019926470831369736 0.0
1971 0.0019262832230141588 0.0
1972 0.0018599134950985988 0.0
1973 0.001793538101563978 0.0
1974 0.0017271572446012561 0.0
1975 0.001660771126418019 0.0
1976 0.001594379949237929 0.0
1977 0.001527983915300009 0.0
1978 0.0014615832268580927 0.0
1979 0.0013951780861801762 0.0
1980 0.001328768695547868 0.0
1981 0.0012623552572556718 0.0
1982 0.0011959379736104217 0.0
1983 0.0011295170469307156 0.0
1984 0.001063092679546199 0.0
1985 0.0009966650737969968 0.0
1986 0.0009302344320331505 0.0
1987 0.0008638009566138986 0.0
1988 0.0007973648499071288 0.0
1989 0.0007309263142887265 0.0
1990 0.0006644855521420271 0.0
1991 0.0005980427658570978 0.0
1992 0.0005315981578301883 0.0
1993 0.00046515193046309787 0.0
1994 0.00039870428616254163 0.0
1995 0.00033225542733960147 0.0
1996 0.0002658055564090083 0.0
1997 0.00019935487578859315 0.0
1998 0.0001329035878986364 0.0
1999 6.645189516131906e-05 0.0
2000 0.0 0.0
2001 0.0 0.0
2002 0.0 0.0
2003 0.0 0.0
2004 0.0 0.0
2005 0.0 0.0
2006 0.0 0.0
2007 0.0 0.0
2008 0.0 0.0
2009 0.0 0.0
2010 0.0 0.0
2011 0.0 0.0
2012 0.0 0.0
2013 0.0 0.0
2014 0.0 0.0
2015 0.0 0.0
2016 0.0 0.0
2017 0.0 0.0
2018 0.0 0.0
2019 0.0 0.0
2020 0.0 0.0
2021 0.0 0.0
2022 0.0 0.0
2023 0.0 0.0
2024 0.0 0.0
2025 0.0 0.0
2026 0.0 0.0
2027 0.0 0.0
2028 0.0 0.0
2029 0.0 0.0
2030 0.0 0.0
2031 0.0 0.0
2032 0.0 0.0
2033 0.0 0.0
2034 0.0 0.0
2035 0.0 0.0
2036 0.0 0.0
2037 0.0 0.0
2038 0.0 0.0
2039 0.0 0.0
2040 0.0 0.0
2041 0.0 0.0
2042 0.0 0.0
2043 0.0 0.0
2044 0.0 0.0
2045 0.0 0.0
2046 0.0 0.0
2047 0.0 0.0
2048 0.0 0.0
2049 0.0 0.0
2050 0.0 0.0
2051 0.0 0.0
2052 0.0 0.0
2053 0.0 0.0
2054 0.0 0.0
2055 0.0 0.0
2056 0.0 0.0
2057 0.0 0.0
2058 0.0 0.0
2059 0.0 0.0
2060 0.0 0.0
2061 0.0 0.0
2062 0.0 0.0
2063 0.0 0.0
2064 0.0 0.0
2065 0.0 0.0
2066 0.0 0.0
2067 0.0 0.0
2068 0.0 0.0
2069 0.0 0.0
2070 0.0 0.0
2071 0.0 0.0
2072 0.0 0.0
2073 0.0 0.0
2074 0.0 0.0
2075 0.0 0.0
2076 0.0 0.0
2077 0.0 0.0
2078 0.0 0.0
2079 0.0 0.0
2080 0.0 0.0
2081 0.0 0.0
2082 0.0 0.0
2083 0.0 0.0
2084 0.0 0.0
2085 0.0 0.0
2086 0.0 0.0
2087 0.0 0.0
2088 0.0 0.0
2089 0.0 0.0
2090 0.0 0.0
2091 0.0 0.0
2092 0.0 0.0
2093 0.0 0.0
2094 0.0 0.0
2095 0.0 0.0
2096 0.0 0.0
2097 0.0 0.0
2098 0.0 0.0
2099 0.0 0.0
2100 0.0 0.0
2101 0.0 0.0
2102 0.0 0.0
2103 0.0 0.0
2104 0.0 0.0
2105 0.0 0.0
2106 0.0 0.0
2107 0.0 0.0
2108 0.0 0.0
2109 0.0 0.0
2110 0.0 0.0
2111 0.0 0.0
2112 0.0 0.0
2113 0.0 0.0
2114 0.0 0.0
2115 0.0 0.0
2116 0.0 0.0
2117 0.0 0.0
2118 0.0 0.0
2119 0.0 0.0
2120 0.0 0.0
2121 0.0 0.0
2122 0.0 0.0
2123 0.0 0.0
2124 0.0 0.0
2125 0.0 0.0
2126 0.0 0.0
2127 0.0 0.0
2128 0.0 0.0
2129 0.0 0.0
2130 0.0 0.0
2131 0.0 0.0
2132 0.0 0.0
2133 0.0 0.0
2134 0.0 0.0
2135 0.0 0.0
2136 0.0 0.0
2137 0.0 0.0
2138 0.0 0.0
2139 0.0 0.0
2140 0.0 0.0
2141 0.0 0.0
2142 0.0 0.0
2143 0.0 0.0
2144 0.0 0.0
2145 0.0 0.0
2146 0.0 0.0
2147 0.0 0.0
2148 0.0 0.0
2149 0.0 0.0
2150 0.0 0.0
2151 0.0 0.0
2152 0.0 0.0
2153 0.0 0.0
2154 0.0 0.0
2155 0.0 0.0
2156 0.0 0.0
2157 0.0 0.0
2158 0.0 0.0
2159 0.0 0.0
2160 0.0 0.0
2161 0.0 0.0
2162 0.0 0.0
2163 0.0 0.0
2164 0.0 0.0
2165 0.0 0.0
2166 0.0 0.0
2167 0.0 0.0
2168 0.0 0.0
2169 0.0 0.0
2170 0.0 0.0
2171 0.0 0.0
2172 0.0 0.0
2173 0.0 0.0
2174 0.0 0.0
2175 0.0 0.0
2176 0.0 0.0
2177 0.0 0.0
2178 0.0 0.0
2179 0.0 0.0
2180 0.0 0.0
2181 0.0 0.0
2182 0.0 0.0
2183 0.0 0.0
2184 0.0 0.0
2185 0.0 0.0
2186 0.0 0.0
2187 0.0 0.0
2188 0.0 0.0
2189 0.0 0.0
2190 0.0 0.0
2191 0.0 0.0
2192 0.0 0.0
2193 0.0 0.0
2194 0.0 0.0
2195 0.0 0.0
2196 0.0 0.0
2197 0.0 0.0
2198 0.0 0.0
2199 0.0 0.0