2200 0.000002100546602 1.0
2
0 0.0 0.0
1 0.0 0.0
2 0.0 0.0
3 0.0 0.0
4 0.0 0.0
5 0.0 0.0
6 0.0 0.0
7 0.0 0.0
8 0.0 0.0
9 0.0 0.0
10 0.0 0.0
11 0.0 0.0
12 0.0 0.0
13 0.0 0.0
14 0.0 0.0
15 0.0 0.0
16 0.0 0.0
17 0.0 0.0
18 0.0 0.0
19 0.0 0.0
20 0.0 0.0
21 0.0 0.0
22 0.0 0.0
23 0.0 0.0
24 0.0 0.0
25 0.0 0.0
26 0.0 0.0
27 0.0 0.0
28 0.0 0.0
29 0.0 0.0
30 0.0 0.0
31 0.0 0.0
32 0.0 0.0
33 0.0 0.0
34 0.0 0.0
35 0.0 0.0
36 0.0 0.0
37 0.0 0.0
38 0.0 0.0
39 0.0 0.0
40 0.0 0.0
41 0.0 0.0
42 0.0 0.0
43 0.0 0.0
44 0.0 0.0
45 0.0 0.0
46 0.0 0.0
47 0.0 0.0
48 0.0 0.0
49 0.0 0.0
50 0.0 0.0
51 0.0 0.0
52 0.0 0.0
53 0.0 0.0
54 0.0 0.0
55 0.0 0.0
56 0.0 0.0
57 0.0 0.0
58 0.0 0.0
59 0.0 0.0
60 0.0 0.0
61 0.0 0.0
62 0.0 0.0
63 0.0 0.0
64 0.0 0.0
65 0.0 0.0
66 0.0 0.0
67 0.0 0.0
68 0.0 0.0
69 0.0 0.0
70 0.0 0.0
71 0.0 0.0
72 0.0 0.0
73 0.0 0.0
74 0.0 0.0
75 0.0 0.0
76 0.0 0.0
77 0.0 0.0
78 0.0 0.0
79 0.0 0.0
80 0.0 0.0
81 0.0 0.0
82 0.0 0.0
83 0.0 0.0
84 0.0 0.0
85 0.0 0.0
86 0.0 0.0
87 0.0 0.0
88 0.0 0.0
89 0.0 0.0
90 0.0 0.0
91 0.0 0.0
92 0.0 0.0
93 0.0 0.0
94 0.0 0.0
95 0.0 0.0
96 0.0 0.0
97 0.0 0.0
98 0.0 0.0
99 0.0 0.0
100 0.0 0.0
101 0.0 0.0
102 0.0 0.0
103 0.0 0.0
104 0.0 0.0
105 0.0 0.0
106 0.0 0.0
107 0.0 0.0
108 0.0 0.0
109 0.0 0.0
110 0.0 0.0
111 0.0 0.0
112 0.0 0.0
113 0.0 0.0
114 0.0 0.0
115 0.0 0.0
116 0.0 0.0
117 0.0 0.0
118 0.0 0.0
119 0.0 0.0
120 0.0 0.0
121 0.0 0.0
122 0.0 0.0
123 0.0 0.0
124 0.0 0.0
125 0.0 0.0
126 0.0 0.0
127 0.0 0.0
128 0.0 0.0
129 0.0 0.0
130 0.0 0.0
131 0.0 0.0
132 0.0 0.0
133 0.0 0.0
134 0.0 0.0
135 0.0 0.0
136 0.0 0.0
137 0.0 0.0
138 0.0 0.0
139 0.0 0.0
140 0.0 0.0
141 0.0 0.0
142 0.0 0.0
143 0.0 0.0
144 0.0 0.0
145 0.0 0.0
146 0.0 0.0
147 0.0 0.0
148 0.0 0.0
149 0.0 0.0
150 0.0 0.0
151 0.0 0.0
152 0.0 0.0
153 0.0 0.0
154 0.0 0.0
155 0.0 0.0
156 0.0 0.0
157 0.0 0.0
158 0.0 0.0
159 0.0 0.0
160 0.0 0.0
161 0.0 0.0
162 0.0 0.0
163 0.0 0.0
164 0.0 0.0
165 0.0 0.0
166 0.0 0.0
167 0.0 0.0
168 0.0 0.0
169 0.0 0.0
170 0.0 0.0
171 0.0 0.0
172 0.0 0.0
173 0.0 0.0
174 0.0 0.0
175 0.0 0.0
176 0.0 0.0
177 0.0 0.0
178 0.0 0.0
179 0.0 0.0
180 0.0 0.0
181 0.0 0.0
182 0.0 0.0
183 0.0 0.0
184 0.0 0.0
185 0.0 0.0
186 0.0 0.0
187 0.0 0.0
188 0.0 0.0
189 0.0 0.0
190 0.0 0.0
191 0.0 0.0
192 0.0 0.0
193 0.0 0.0
194 0.0 0.0
195 0.0 0.0
196 0.0 0.0
197 0.0 0.0
198 0.0 0.0
199 0.0 0.0
200 0.0 0.0
201 7.3782760350320896e-06 0.0
202 1.4756529594555801e-05 0.0
203 2.2134738203131227e-05 0.0
204 2.9512879385455373e-05 0.0
205 3.6890930666430654e-05 0.0
206 4.426886957123333e-05 0.0
207 5.1646673625381976e-05 0.0
208 5.902432035480596e-05 0.0
209 6.640178728591387e-05 0.0
210 7.3779051945662e-05 0.0
211 8.115609186162282e-05 0.0
212 8.853288456205335e-05 0.0
213 9.590940757596371e-05 0.0
214 0.00010328563843318557 0.0
215 0.00011066155466444048 0.0
216 0.00011803713380140847 0.0
217 0.00012541235337679632 0.0
218 0.0001327871909244062 0.0
219 0.00014016162397920397 0.0
220 0.00014753563007738763 0.0
221 0.0001549091867564558 0.0
222 0.000162282271555276 0.0
223 0.0001696548620141533 0.0
224 0.00017702693567489859 0.0
225 0.00018439847008089698 0.0
226 0.00019176944277717628 0.0
227 0.00019913983131047535 0.0
228 0.00020650961322931247 0.0
229 0.0002138787660840539 0.0
230 0.00022124726742698194 0.0
231 0.00022861509481236374 0.0
232 0.0002359822257965192 0.0
233 0.00024334863793788977 0.0
234 0.00025071430879710656 0.0
235 0.00025807921593705874 0.0
236 0.0002654433369229619 0.0
237 0.0002728066493224264 0.0
238 0.0002801691307055256 0.0
239 0.00028753075864486447 0.0
240 0.00029489151071564765 0.0
241 0.00030225136449574773 0.0
242 0.00030961029756577366 0.0
243 0.00031696828750913926 0.0
244 0.0003243253119121309 0.0
245 0.00033168134836397657 0.0
246 0.00033903637445691336 0.0
247 0.0003463903677862564 0.0
248 0.00035374330595046646 0.0
249 0.00036109516655121875 0.0
250 0.00036844592719347105 0.0
251 0.0003757955654855315 0.0
252 0.0003831440590391273 0.0
253 0.0003904913854694726 0.0
254 0.000397837522395337 0.0
255 0.00040518244743911335 0.0
256 0.00041252613822688624 0.0
257 0.0004198685723884999 0.0
258 0.00042720972755762646 0.0
259 0.00043454958137183425 0.0
260 0.0004418881114726555 0.0
261 0.0004492252955056551 0.0
262 0.00045656111112049775 0.0
263 0.0004638955359710171 0.0
264 0.0004712285477152829 0.0
265 0.0004785601240156697 0.0
266 0.0004858902425389247 0.0
267 0.0004932188809562356 0.0
268 0.0005005460169432989 0.0
269 0.0005078716281803874 0.0
270 0.0005151956923524192 0.0
271 0.0005225181871490244 0.0
272 0.0005298390902646142 0.0
273 0.0005371583793984477 0.0
274 0.0005444760322547012 0.0
275 0.0005517920265425348 0.0
276 0.0005591063399761613 0.0
277 0.0005664189502749135 0.0
278 0.0005737298351633121 0.0
279 0.000581038972371134 0.0
280 0.0005883463396334796 0.0
281 0.000595651914690841 0.0
282 0.0006029556752891694 0.0
283 0.0006102575991799434 0.0
284 0.000617557664120237 0.0
285 0.0006248558478727858 0.0
286 0.0006321521282060567 0.0
287 0.0006394464828943142 0.0
288 0.0006467388897176891 0.0
289 0.0006540293264622455 0.0
290 0.0006613177709200486 0.0
291 0.0006686042008892328 0.0
292 0.0006758885941740687 0.0
293 0.0006831709285850311 0.0
294 0.0006904511819388663 0.0
295 0.0006977293320586602 0.0
296 0.0007050053567739051 0.0
297 0.0007122792339205678 0.0
298 0.0007195509413411575 0.0
299 0.000726820456884792 0.0
300 0.0007340877584072663 0.0
301 0.0007413528237711197 0.0
302 0.0007486156308457029 0.0
303 0.0007558761575072462 0.0
304 0.0007631343816389261 0.0
305 0.0007703902811309337 0.0
306 0.0007776438338805399 0.0
307 0.0007848950177921657 0.0
308 0.0007921438107774471 0.0
309 0.0007993901907553038 0.0
310 0.0008066341356520054 0.0
311 0.0008138756234012396 0.0
312 0.0008211146319441789 0.0
313 0.0008283511392295479 0.0
314 0.0008355851232136904 0.0
315 0.0008428165618606363 0.0
316 0.0008500454331421698 0.0
317 0.0008572717150378952 0.0
318 0.0008644953855353045 0.0
319 0.0008717164226298447 0.0
320 0.0008789348043249845 0.0
321 0.0008861505086322816 0.0
322 0.0008933635135714489 0.0
323 0.0009005737971704226 0.0
324 0.0009077813374654285 0.0
325 0.000914986112501049 0.0
326 0.0009221881003302896 0.0
327 0.0009293872790146464 0.0
328 0.000936583626624173 0.0
329 0.0009437771212375461 0.0
330 0.0009509677409421335 0.0
331 0.000958155463834061 0.0
332 0.000965340268018278 0.0
333 0.0009725221316086249 0.0
334 0.0009797010327278995 0.0
335 0.0009868769495079241 0.0
336 0.000994049860089612 0.0
337 0.0010012197426230332 0.0
338 0.0010083865752674823 0.0
339 0.001015550336191544 0.0
340 0.0010227110035731604 0.0
341 0.0010298685555996966 0.0
342 0.0010370229704680077 0.0
343 0.0010441742263845057 0.0
344 0.0010513223015652248 0.0
345 0.0010584671742358879 0.0
346 0.0010656088226319738 0.0
347 0.0010727472249987835 0.0
348 0.0010798823595915051 0.0
349 0.0010870142046752814 0.0
350 0.0010941427385252748 0.0
351 0.0011012679394267356 0.0
352 0.001108389785675066 0.0
353 0.0011155082555758871 0.0
354 0.0011226233274451052 0.0
355 0.0011297349796089771 0.0
356 0.0011368431904041777 0.0
357 0.0011439479381778637 0.0
358 0.0011510492012877412 0.0
359 0.0011581469581021311 0.0
360 0.0011652411870000357 0.0
361 0.001172331866371203 0.0
362 0.0011794189746161946 0.0
363 0.001186502490146449 0.0
364 0.0011935823913843495 0.0
365 0.0012006586567632892 0.0
366 0.0012077312647277368 0.0
367 0.0012148001937333022 0.0
368 0.0012218654222468008 0.0
369 0.0012289269287463216 0.0
370 0.0012359846917212914 0.0
371 0.0012430386896725403 0.0
372 0.001250088901112367 0.0
373 0.0012571353045646044 0.0
374 0.0012641778785646859 0.0
375 0.0012712166016597098 0.0
376 0.0012782514524085048 0.0
377 0.0012852824093816956 0.0
378 0.0012923094511617678 0.0
379 0.0012993325563431337 0.0
380 0.0013063517035321966 0.0
381 0.001313366871347417 0.0
382 0.0013203780384193771 0.0
383 0.0013273851833908463 0.0
384 0.0013343882849168453 0.0
385 0.0013413873216647132 0.0
386 0.0013483822723141694 0.0
387 0.0013553731155573814 0.0
388 0.0013623598300990284 0.0
389 0.0013693423946563664 0.0
390 0.0013763207879592928 0.0
391 0.0013832949887504107 0.0
392 0.0013902649757850957 0.0
393 0.0013972307278315582 0.0
394 0.0014041922236709096 0.0
395 0.0014111494420972264 0.0
396 0.0014181023619176142 0.0
397 0.001425050961952274 0.0
398 0.001431995221034565 0.0
399 0.0014389351180110691 0.0
400 0.0014458706317416572 0.0
401 0.0014528017410995516 0.0
402 0.001459728424971391 0.0
403 0.0014666506622572947 0.0
404 0.001473568431870928 0.0
405 0.0014804817127395651 0.0
406 0.0014873904838041533 0.0
407 0.0014942947240193776 0.0
408 0.0015011944123537247 0.0
409 0.0015080895277895482 0.0
410 0.0015149800493231302 0.0
411 0.0015218659559647469 0.0
412 0.0015287472267387326 0.0
413 0.0015356238406835437 0.0
414 0.001542495776851821 0.0
415 0.0015493630143104554 0.0
416 0.0015562255321406502 0.0
417 0.0015630833094379866 0.0
418 0.0015699363253124851 0.0
419 0.0015767845588886716 0.0
420 0.0015836279893056378 0.0
421 0.001590466595717109 0.0
422 0.0015973003572915035 0.0
423 0.0016041292532119984 0.0
424 0.0016109532626765925 0.0
425 0.00161777236489817 0.0
426 0.001624586539104562 0.0
427 0.0016313957645386129 0.0
428 0.0016382000204582408 0.0
429 0.001644999286136502 0.0
430 0.0016517935408616542 0.0
431 0.0016585827639372195 0.0
432 0.001665366934682047 0.0
433 0.0016721460324303759 0.0
434 0.0016789200365318984 0.0
435 0.0016856889263518237 0.0
436 0.0016924526812709395 0.0
437 0.0016992112806856747 0.0
438 0.0017059647040081644 0.0
439 0.0017127129306663093 0.0
440 0.0017194559401038409 0.0
441 0.0017261937117803831 0.0
442 0.001732926225171515 0.0
443 0.0017396534597688325 0.0
444 0.001746375395080013 0.0
445 0.001753092010628875 0.0
446 0.001759803285955444 0.0
447 0.0017665092006160109 0.0
448 0.0017732097341831964 0.0
449 0.0017799048662460134 0.0
450 0.0017865945764099285 0.0
451 0.0017932788442969244 0.0
452 0.0017999576495455621 0.0
453 0.0018066309718110416 0.0
454 0.0018132987907652671 0.0
455 0.0018199610860969056 0.0
456 0.00182661783751145 0.0
457 0.0018332690247312806 0.0
458 0.0018399146274957277 0.0
459 0.001846554625561133 0.0
460 0.001853188998700911 0.0
461 0.0018598177267056101 0.0
462 0.0018664407893829761 0.0
463 0.0018730581665580106 0.0
464 0.0018796698380730353 0.0
465 0.0018862757837877521 0.0
466 0.0018928759835793053 0.0
467 0.0018994704173423411 0.0
468 0.0019060590649890702 0.0
469 0.0019126419064493306 0.0
470 0.0019192189216706442 0.0
471 0.0019257900906182832 0.0
472 0.0019323553932753266 0.0
473 0.0019389148096427239 0.0
474 0.0019454683197393555 0.0
475 0.0019520159036020932 0.0
476 0.001958557541285861 0.0
477 0.0019650932128636956 0.0
478 0.0019716228984268088 0.0
479 0.0019781465780846453 0.0
480 0.001984664231964946 0.0
481 0.001991175840213806 0.0
482 0.0019976813829957383 0.0
483 0.0020041808404937305 0.0
484 0.0020106741929093084 0.0
485 0.0020171614204625944 0.0
486 0.002023642503392368 0.0
487 0.0020301174219561273 0.0
488 0.002036586156430147 0.0
489 0.0020430486871095394 0.0
490 0.0020495049943083164 0.0
491 0.002055955058359446 0.0
492 0.002062398859614915 0.0
493 0.0020688363784457865 0.0
494 0.002075267595242262 0.0
495 0.0020816924904137404 0.0
496 0.002088111044388877 0.0
497 0.0020945232376156416 0.0
498 0.002100929050561383 0.0
499 0.0021073284637128827 0.0
500 0.0021137214575764197 0.0
501 0.0021201080126778257 0.0
502 0.0021264881095625467 0.0
503 0.0021328617287957007 0.0
504 0.002139228850962137 0.0
505 0.002145589456666499 0.0
506 0.0021519435265332787 0.0
507 0.0021582910412068757 0.0
508 0.0021646319813516607 0.0
509 0.00217096632765203 0.0
510 0.0021772940608124664 0.0
511 0.002183615161557597 0.0
512 0.0021899296106322533 0.0
513 0.0021962373888015276 0.0
514 0.0022025384768508344 0.0
515 0.0022088328555859658 0.0
516 0.0022151205058331533 0.0
517 0.0022214014084391237 0.0
518 0.0022276755442711587 0.0
519 0.0022339428942171518 0.0
520 0.002240203439185668 0.0
521 0.0022464571601060026 0.0
522 0.002252704037928236 0.0
523 0.0022589440536232965 0.0
524 0.0022651771881830127 0.0
525 0.0022714034226201767 0.0
526 0.0022776227379685972 0.0
527 0.0022838351152831625 0.0
528 0.0022900405356398937 0.0
529 0.0022962389801360035 0.0
530 0.0023024304298899555 0.0
531 0.0023086148660415202 0.0
532 0.0023147922697518324 0.0
533 0.0023209626222034496 0.0
534 0.002327125904600407 0.0
535 0.0023332820981682777 0.0
536 0.002339431184154229 0.0
537 0.002345573143827079 0.0
538 0.002351707958477352 0.0
539 0.00235783560941734 0.0
540 0.0023639560779811545 0.0
541 0.0023700693455247874 0.0
542 0.0023761753934261665 0.0
543 0.0023822742030852094 0.0
544 0.0023883657559238846 0.0
545 0.0023944500333862658 0.0
546 0.0024005270169385885 0.0
547 0.0024065966880693077 0.0
548 0.0024126590282891516 0.0
549 0.0024187140191311808 0.0
550 0.002424761642150844 0.0
551 0.002430801878926031 0.0
552 0.0024368347110571343 0.0
553 0.002442860120167101 0.0
554 0.0024488780879014893 0.0
555 0.002454888595928526 0.0
556 0.0024608916259391614 0.0
557 0.002466887159647125 0.0
558 0.0024728751787889817 0.0
559 0.002478855665124186 0.0
560 0.0024848286004351405 0.0
561 0.002490793966527247 0.0
562 0.002496751745228967 0.0
563 0.0025027019183918725 0.0
564 0.0025086444678907045 0.0
565 0.0025145793756234263 0.0
566 0.002520506623511281 0.0
567 0.002526426193498842 0.0
568 0.002532338067554073 0.0
569 0.00253824222766838 0.0
570 0.002544138655856669 0.0
571 0.002550027334157396 0.0
572 0.002555908244632625 0.0
573 0.0025617813693680834 0.0
574 0.0025676466904732153 0.0
575 0.002573504190081235 0.0
576 0.002579353850349182 0.0
577 0.002585195653457978 0.0
578 0.002591029581612477 0.0
579 0.002596855617041522 0.0
580 0.0026026737419979993 0.0
581 0.0026084839387588905 0.0
582 0.0026142861896253293 0.0
583 0.0026200804769226523 0.0
584 0.0026258667830004567 0.0
585 0.002631645090232649 0.0
586 0.0026374153810175055 0.0
587 0.0026431776377777187 0.0
588 0.002648931842960455 0.0
589 0.002654677979037408 0.0
590 0.0026604160285048505 0.0
591 0.002666145973883688 0.0
592 0.002671867797719514 0.0
593 0.0026775814825826605 0.0
594 0.0026832870110682526 0.0
595 0.002688984365796261 0.0
596 0.002694673529411555 0.0
597 0.0027003544845839557 0.0
598 0.0027060272140082887 0.0
599 0.002711691700404436 0.0
600 0.0027173479265173895 0.0
601 0.0027229958751173043 0.0
602 0.002728635528999549 0.0
603 0.00273426687098476 0.0
604 0.0027398898839188926 0.0
605 0.0027455045506732745 0.0
606 0.0027511108541446567 0.0
607 0.002756708777255267 0.0
608 0.0027622983029528606 0.0
609 0.0027678794142107733 0.0
610 0.0027734520940279716 0.0
611 0.0027790163254291073 0.0
612 0.002784572091464565 0.0
613 0.0027901193752105195 0.0
614 0.0027956581597689814 0.0
615 0.002801188428267853 0.0
616 0.0028067101638609765 0.0
617 0.002812223349728189 0.0
618 0.0028177279690753693 0.0
619 0.0028232240051344923 0.0
620 0.002828711441163679 0.0
621 0.0028341902604472483 0.0
622 0.0028396604462957655 0.0
623 0.0028451219820460963 0.0
624 0.0028505748510614555 0.0
625 0.002856019036731459 0.0
626 0.0028614545224721726 0.0
627 0.0028668812917261644 0.0
628 0.0028722993279625534 0.0
629 0.002877708614677062 0.0
630 0.002883109135392065 0.0
631 0.0028885008736566397 0.0
632 0.0028938838130466156 0.0
633 0.0028992579371646264 0.0
634 0.0029046232296401587 0.0
635 0.0029099796741295994 0.0
636 0.0029153272543162912 0.0
637 0.0029206659539105775 0.0
638 0.002925995756649852 0.0
639 0.002931316646298612 0.0
640 0.002936628606648505 0.0
641 0.002941931621518379 0.0
642 0.0029472256747543296 0.0
643 0.0029525107502297544 0.0
644 0.002957786831845396 0.0
645 0.0029630539035293943 0.0
646 0.0029683119492373363 0.0
647 0.0029735609529523022 0.0
648 0.002978800898684917 0.0
649 0.0029840317704733976 0.0
650 0.0029892535523835997 0.0
651 0.002994466228509072 0.0
652 0.002999669782971098 0.0
653 0.003004864199918748 0.0
654 0.0030100494635289287 0.0
655 0.003015225558006426 0.0
656 0.0030203924675839596 0.0
657 0.0030255501765222266 0.0
658 0.0030306986691099507 0.0
659 0.0030358379296639313 0.0
660 0.0030409679425290894 0.0
661 0.0030460886920785158 0.0
662 0.003051200162713519 0.0
663 0.003056302338863674 0.0
664 0.003061395204986866 0.0
665 0.0030664787455693433 0.0
666 0.0030715529451257584 0.0
667 0.0030766177881992192 0.0
668 0.0030816732593613367 0.0
669 0.0030867193432122676 0.0
670 0.0030917560243807667 0.0
671 0.003096783287524228 0.0
672 0.0031018011173287383 0.0
673 0.003106809498509116 0.0
674 0.003111808415808964 0.0
675 0.0031167978540007136 0.0
676 0.00312177779788567 0.0
677 0.003126748232294061 0.0
678 0.0031317091420850814 0.0
679 0.00313666051214694 0.0
680 0.0031416023273969037 0.0
681 0.0031465345727813483 0.0
682 0.0031514572332757966 0.0
683 0.0031563702938849727 0.0
684 0.0031612737396428414 0.0
685 0.003166167555612656 0.0
686 0.0031710517268870053 0.0
687 0.0031759262385878556 0.0
688 0.0031807910758666 0.0
689 0.003185646223904099 0.0
690 0.0031904916679107312 0.0
691 0.0031953273931264333 0.0
692 0.0032001533848207476 0.0
693 0.0032049696282928667 0.0
694 0.0032097761088716766 0.0
695 0.0032145728119158056 0.0
696 0.0032193597228136624 0.0
697 0.0032241368269834876 0.0
698 0.0032289041098733937 0.0
699 0.00323366155696141 0.0
700 0.003238409153755527 0.0
701 0.003243146885793741 0.0
702 0.0032478747386441003 0.0
703 0.0032525926979047443 0.0
704 0.003257300749203951 0.0
705 0.003261998878200179 0.0
706 0.003266687070582113 0.0
707 0.0032713653120687064 0.0
708 0.003276033588409224 0.0
709 0.0032806918853832867 0.0
710 0.0032853401888009136 0.0
711 0.003289978484502567 0.0
712 0.003294606758359193 0.0
713 0.0032992249962722673 0.0
714 0.003303833184173836 0.0
715 0.0033084313080265597 0.0
716 0.0033130193538237563 0.0
717 0.0033175973075894416 0.0
718 0.003322165155378375 0.0
719 0.0033267228832761 0.0
720 0.003331270477398987 0.0
721 0.0033358079238942763 0.0
722 0.0033403352089401168 0.0
723 0.0033448523187456156 0.0
724 0.0033493592395508714 0.0
725 0.0033538559576270226 0.0
726 0.0033583424592762852 0.0
727 0.0033628187308319983 0.0
728 0.003367284758658661 0.0
729 0.0033717405291519794 0.0
730 0.003376186028738903 0.0
731 0.0033806212438776692 0.0
732 0.003385046161057844 0.0
733 0.003389460766800362 0.0
734 0.0033938650476575682 0.0
735 0.0033982589902132594 0.0
736 0.003402642581082725 0.0
737 0.0034070158069127864 0.0
738 0.00341137865438184 0.0
739 0.003415731110199895 0.0
740 0.003420073161108617 0.0
741 0.003424404793881365 0.0
742 0.003428725995323235 0.0
743 0.0034330367522710974 0.0
744 0.0034373370515936395 0.0
745 0.0034416268801914034 0.0
746 0.0034459062249968283 0.0
747 0.003450175072974286 0.0
748 0.003454433411120127 0.0
749 0.0034586812264627135 0.0
750 0.0034629185060624642 0.0
751 0.0034671452370118898 0.0
752 0.0034713614064356348 0.0
753 0.003475567001490517 0.0
754 0.0034797620093655634 0.0
755 0.0034839464172820534 0.0
756 0.003488120212493554 0.0
757 0.0034922833822859617 0.0
758 0.003496435913977539 0.0
759 0.003500577794918954 0.0
760 0.00350470901249332 0.0
761 0.0035088295541162305 0.0
762 0.0035129394072358025 0.0
763 0.003517038559332709 0.0
764 0.0035211269979202237 0.0
765 0.003525204710544252 0.0
766 0.003529271684783375 0.0
767 0.0035333279082488834 0.0
768 0.003537373368584818 0.0
769 0.003541408053468004 0.0
770 0.0035454319506080913 0.0
771 0.0035494450477475924 0.0
772 0.003553447332661917 0.0
773 0.003557438793159411 0.0
774 0.003561419417081394 0.0
775 0.0035653891923021945 0.0
776 0.003569348106729189 0.0
777 0.003573296148302837 0.0
778 0.003577233304996721 0.0
779 0.0035811595648175772 0.0
780 0.0035850749158053375 0.0
781 0.0035889793460331643 0.0
782 0.003592872843607486 0.0
783 0.003596755396668033 0.0
784 0.0036006269933878763 0.0
785 0.00360448762197346 0.0
786 0.003608337270664641 0.0
787 0.003612175927734721 0.0
788 0.0036160035814904847 0.0
789 0.003619820220272235 0.0
790 0.0036236258324538286 0.0
791 0.003627420406442711 0.0
792 0.0036312039306799515 0.0
793 0.003634976393640278 0.0
794 0.0036387377838321164 0.0
795 0.003642488089797618 0.0
796 0.0036462273001127013 0.0
797 0.0036499554033870823 0.0
798 0.003653672388264313 0.0
799 0.0036573782434218124 0.0
800 0.003661072957570903 0.0
801 0.0036647565194568446 0.0
802 0.003668428917858869 0.0
803 0.0036720901415902133 0.0
804 0.0036757401794981566 0.0
805 0.003679379020464049 0.0
806 0.003683006653403349 0.0
807 0.00368662306726566 0.0
808 0.003690228251034757 0.0
809 0.003693822193728625 0.0
810 0.0036974048843994908 0.0
811 0.003700976312133858 0.0
812 0.0037045364660525386 0.0
813 0.0037080853353106845 0.0
814 0.0037116229090978265 0.0
815 0.003715149176637901 0.0
816 0.0037186641271892847 0.0
817 0.00372216775004483 0.0
818 0.003725660034531892 0.0
819 0.0037291409700123683 0.0
820 0.0037326105458827252 0.0
821 0.0037360687515740326 0.0
822 0.003739515576551997 0.0
823 0.0037429510103169908 0.0
824 0.0037463750424040873 0.0
825 0.0037497876623830907 0.0
826 0.0037531888598585704 0.0
827 0.0037565786244698864 0.0
828 0.0037599569458912296 0.0
829 0.0037633238138316464 0.0
830 0.0037666792180350733 0.0
831 0.0037700231482803675 0.0
832 0.003773355594381337 0.0
833 0.003776676546186774 0.0
834 0.0037799859935804814 0.0
835 0.003783283926481311 0.0
836 0.0037865703348431857 0.0
837 0.0037898452086551353 0.0
838 0.0037931085379413277 0.0
839 0.0037963603127610947 0.0
840 0.0037996005232089677 0.0
841 0.0038028291594147017 0.0
842 0.003806046211543313 0.0
843 0.003809251669795101 0.0
844 0.0038124455244056845 0.0
845 0.0038156277656460295 0.0
846 0.0038187983838224773 0.0
847 0.003821957369276773 0.0
848 0.0038251047123861017 0.0
849 0.003828240403563109 0.0
850 0.003831364433255935 0.0
851 0.003834476791948245 0.0
852 0.0038375774701592544 0.0
853 0.0038406664584437586 0.0
854 0.0038437437473921652 0.0
855 0.0038468093276305174 0.0
856 0.003849863189820526 0.0
857 0.0038529053246595967 0.0
858 0.0038559357228808615 0.0
859 0.003858954375253199 0.0
860 0.0038619612725812724 0.0
861 0.00386495640570555 0.0
862 0.0038679397655023377 0.0
863 0.0038709113428838037 0.0
864 0.0038738711287980075 0.0
865 0.0038768191142289294 0.0
866 0.003879755290196493 0.0
867 0.0038826796477565975 0.0
868 0.0038855921780011436 0.0
869 0.0038884928720580567 0.0
870 0.0038913817210913227 0.0
871 0.0038942587163010036 0.0
872 0.003897123848923275 0.0
873 0.003899977110230446 0.0
874 0.0039028184915309867 0.0
875 0.0039056479841695574 0.0
876 0.003908465579527033 0.0
877 0.003911271269020529 0.0
878 0.003914065044103429 0.0
879 0.00391684689626541 0.0
880 0.003919616817032467 0.0
881 0.003922374797966941 0.0
882 0.003925120830667544 0.0
883 0.003927854906769385 0.0
884 0.003930577017943993 0.0
885 0.003933287155899346 0.0
886 0.003935985312379892 0.0
887 0.003938671479166581 0.0
888 0.003941345648076883 0.0
889 0.003944007810964812 0.0
890 0.0039466579597209625 0.0
891 0.003949296086272519 0.0
892 0.003951922182583293 0.0
893 0.003954536240653738 0.0
894 0.00395713825252098 0.0
895 0.003959728210258839 0.0
896 0.0039623061059778555 0.0
897 0.003964871931825312 0.0
898 0.003967425679985258 0.0
899 0.003969967342678534 0.0
900 0.003972496912162793 0.0
901 0.0039750143807325295 0.0
902 0.003977519740719097 0.0
903 0.003980012984490734 0.0
904 0.0039824941044525886 0.0
905 0.003984963093046739 0.0
906 0.003987419942752217 0.0
907 0.003989864646085032 0.0
908 0.0039922971955981944 0.0
909 0.003994717583881737 0.0
910 0.003997125803562737 0.0
911 0.003999521847305339 0.0
912 0.004001905707810779 0.0
913 0.004004277377817404 0.0
914 0.004006636850100696 0.0
915 0.0040089841174732925 0.0
916 0.004011319172785011 0.0
917 0.004013642008922867 0.0
918 0.004015952618811101 0.0
919 0.004018250995411193 0.0
920 0.004020537131721889 0.0
921 0.0040228110207792215 0.0
922 0.00402507265565653 0.0
923 0.004027322029464484 0.0
924 0.004029559135351099 0.0
925 0.004031783966501762 0.0
926 0.0040339965161392535 0.0
927 0.004036196777523763 0.0
928 0.004038384743952911 0.0
929 0.004040560408761775 0.0
930 0.0040427237653229 0.0
931 0.0040448748070463295 0.0
932 0.004047013527379614 0.0
933 0.004049139919807845 0.0
934 0.004051253977853658 0.0
935 0.004053355695077267 0.0
936 0.0040554450650764785 0.0
937 0.004057522081486707 0.0
938 0.004059586737981001 0.0
939 0.00406163902827006 0.0
940 0.00406367894610225 0.0
941 0.004065706485263628 0.0
942 0.004067721639577959 0.0
943 0.0040697244029067325 0.0
944 0.004071714769149184 0.0
945 0.004073692732242314 0.0
946 0.0040756582861609025 0.0
947 0.004077611424917532 0.0
948 0.004079552142562603 0.0
949 0.004081480433184353 0.0
950 0.004083396290908875 0.0
951 0.004085299709900133 0.0
952 0.004087190684359983 0.0
953 0.004089069208528189 0.0
954 0.004090935276682441 0.0
955 0.0040927888831383714 0.0
956 0.004094630022249573 0.0
957 0.004096458688407618 0.0
958 0.004098274876042071 0.0
959 0.00410007857962051 0.0
960 0.004101869793648541 0.0
961 0.004103648512669815 0.0
962 0.004105414731266046 0.0
963 0.004107168444057026 0.0
964 0.004108909645700641 0.0
965 0.004110638330892889 0.0
966 0.004112354494367896 0.0
967 0.004114058130897929 0.0
968 0.004115749235293417 0.0
969 0.004117427802402961 0.0
970 0.004119093827113357 0.0
971 0.004120747304349602 0.0
972 0.00412238822907492 0.0
973 0.004124016596290769 0.0
974 0.004125632401036859 0.0
975 0.004127235638391169 0.0
976 0.004128826303469961 0.0
977 0.004130404391427792 0.0
978 0.004131969897457534 0.0
979 0.004133522816790382 0.0
980 0.004135063144695876 0.0
981 0.0041365908764819095 0.0
982 0.004138106007494746 0.0
983 0.004139608533119035 0.0
984 0.004141098448777822 0.0
985 0.004142575749932566 0.0
986 0.004144040432083151 0.0
987 0.004145492490767901 0.0
988 0.004146931921563593 0.0
989 0.0041483587200854734 0.0
990 0.004149772881987265 0.0
991 0.004151174402961184 0.0
992 0.004152563278737956 0.0
993 0.004153939505086825 0.0
994 0.0041553030778155664 0.0
995 0.0041566539927705 0.0
996 0.004157992245836507 0.0
997 0.0041593178329370345 0.0
998 0.004160630750034114 0.0
999 0.004161930993128373 0.0
1000 0.004163218558259047 0.0
1001 0.004164493441503988 0.0
1002 0.004165755638979679 0.0
1003 0.004167005146841251 0.0
1004 0.004168241961282483 0.0
1005 0.004169466078535826 0.0
1006 0.0041706774948724054 0.0
1007 0.004171876206602038 0.0
1008 0.004173062210073239 0.0
1009 0.004174235501673236 0.0
1010 0.004175396077827981 0.0
1011 0.004176543935002155 0.0
1012 0.004177679069699188 0.0
1013 0.004178801478461263 0.0
1014 0.004179911157869327 0.0
1015 0.004181008104543105 0.0
1016 0.004182092315141107 0.0
1017 0.004183163786360639 0.0
1018 0.004184222514937814 0.0
1019 0.004185268497647562 0.0
1020 0.004186301731303637 0.0
1021 0.004187322212758631 0.0
1022 0.004188329938903981 0.0
1023 0.004189324906669976 0.0
1024 0.004190307113025775 0.0
1025 0.004191276554979404 0.0
1026 0.004192233229577777 0.0
1027 0.004193177133906697 0.0
1028 0.004194108265090866 0.0
1029 0.004195026620293897 0.0
1030 0.004195932196718323 0.0
1031 0.004196824991605601 0.0
1032 0.00419770500223612 0.0
1033 0.004198572225929217 0.0
1034 0.004199426660043179 0.0
1035 0.00420026830197525 0.0
1036 0.004201097149161644 0.0
1037 0.004201913199077548 0.0
1038 0.0042027164492371314 0.0
1039 0.0042035068971935565 0.0
1040 0.004204284540538982 0.0
1041 0.00420504937690457 0.0
1042 0.0042058014039604965 0.0
1043 0.004206540619415958 0.0
1044 0.004207267021019174 0.0
1045 0.004207980606557401 0.0
1046 0.004208681373856933 0.0
1047 0.004209369320783112 0.0
1048 0.004210044445240331 0.0
1049 0.0042107067451720446 0.0
1050 0.004211356218560772 0.0
1051 0.004211992863428105 0.0
1052 0.0042126166778347135 0.0
1053 0.00421322765988035 0.0
1054 0.004213825807703856 0.0
1055 0.004214411119483171 0.0
1056 0.004214983593435334 0.0
1057 0.004215543227816489 0.0
1058 0.004216090020921894 0.0
1059 0.004216623971085921 0.0
1060 0.0042171450766820655 0.0
1061 0.004217653336122951 0.0
1062 0.004218148747860328 0.0
1063 0.00421863131038509 0.0
1064 0.004219101022227265 0.0
1065 0.0042195578819560296 0.0
1066 0.004220001888179711 0.0
1067 0.00422043303954579 0.0
1068 0.004220851334740904 0.0
1069 0.004221256772490851 0.0
1070 0.0042216493515606 0.0
1071 0.004222029070754287 0.0
1072 0.00422239592891522 0.0
1073 0.004222749924925886 0.0
1074 0.004223091057707953 0.0
1075 0.00422341932622227 0.0
1076 0.004223734729468874 0.0
1077 0.004224037266486992 0.0
1078 0.004224326936355045 0.0
1079 0.004224603738190648 0.0
1080 0.0042248676711506145 0.0
1081 0.004225118734430958 0.0
1082 0.0042253569272668965 0.0
1083 0.004225582248932854 0.0
1084 0.004225794698742462 0.0
1085 0.00422599427604856 0.0
1086 0.004226180980243202 0.0
1087 0.004226354810757655 0.0
1088 0.0042265157670624 0.0
1089 0.004226663848667137 0.0
1090 0.004226799055120783 0.0
1091 0.004226921386011476 0.0
1092 0.0042270308409665764 0.0
1093 0.004227127419652662 0.0
1094 0.004227211121775542 0.0
1095 0.004227281947080241 0.0
1096 0.004227339895351014 0.0
1097 0.004227384966411342 0.0
1098 0.0042274171601239295 0.0
1099 0.004227436476390709 0.0
1100 0.00422744291515284 0.0
1101 0.004227436476390709 0.0
1102 0.0042274171601239295 0.0
1103 0.004227384966411342 0.0
1104 0.004227339895351014 0.0
1105 0.004227281947080241 0.0
1106 0.004227211121775542 0.0
1107 0.004227127419652662 0.0
1108 0.0042270308409665764 0.0
1109 0.004226921386011476 0.0
1110 0.004226799055120783 0.0
1111 0.004226663848667137 0.0
1112 0.0042265157670624 0.0
1113 0.004226354810757655 0.0
1114 0.004226180980243202 0.0
1115 0.00422599427604856 0.0
1116 0.004225794698742462 0.0
1117 0.004225582248932854 0.0
1118 0.0042253569272668965 0.0
1119 0.004225118734430958 0.0
1120 0.0042248676711506145 0.0
1121 0.004224603738190648 0.0
1122 0.004224326936355045 0.0
1123 0.004224037266486992 0.0
1124 0.004223734729468874 0.0
1125 0.00422341932622227 0.0
1126 0.004223091057707953 0.0
1127 0.004222749924925886 0.0
1128 0.00422239592891522 0.0
1129 0.004222029070754287 0.0
1130 0.0042216493515606 0.0
1131 0.004221256772490851 0.0
1132 0.004220851334740904 0.0
1133 0.00422043303954579 0.0
1134 0.004220001888179712 0.0
1135 0.0042195578819560296 0.0
1136 0.004219101022227265 0.0
1137 0.00421863131038509 0.0
1138 0.004218148747860328 0.0
1139 0.004217653336122951 0.0
1140 0.0042171450766820655 0.0
1141 0.004216623971085921 0.0
1142 0.004216090020921894 0.0
1143 0.004215543227816489 0.0
1144 0.004214983593435334 0.0
1145 0.004214411119483171 0.0
1146 0.004213825807703856 0.0
1147 0.00421322765988035 0.0
1148 0.0042126166778347135 0.0
1149 0.004211992863428105 0.0
1150 0.004211356218560772 0.0
1151 0.0042107067451720446 0.0
1152 0.004210044445240331 0.0
1153 0.004209369320783112 0.0
1154 0.004208681373856933 0.0
1155 0.004207980606557402 0.0
1156 0.004207267021019174 0.0
1157 0.004206540619415958 0.0
1158 0.0042058014039604965 0.0
1159 0.00420504937690457 0.0
1160 0.004204284540538982 0.0
1161 0.0042035068971935565 0.0
1162 0.0042027164492371314 0.0
1163 0.004201913199077548 0.0
1164 0.004201097149161644 0.0
1165 0.00420026830197525 0.0
1166 0.004199426660043179 0.0
1167 0.004198572225929217 0.0
1168 0.00419770500223612 0.0
1169 0.004196824991605601 0.0
1170 0.004195932196718323 0.0
1171 0.004195026620293898 0.0
1172 0.004194108265090865 0.0
1173 0.004193177133906697 0.0
1174 0.004192233229577777 0.0
1175 0.004191276554979405 0.0
1176 0.004190307113025775 0.0
1177 0.004189324906669976 0.0
1178 0.004188329938903981 0.0
1179 0.004187322212758632 0.0
1180 0.004186301731303637 0.0
1181 0.004185268497647562 0.0
1182 0.004184222514937814 0.0
1183 0.004183163786360639 0.0
1184 0.004182092315141107 0.0
1185 0.004181008104543105 0.0
1186 0.0041799111578693275 0.0
1187 0.004178801478461263 0.0
1188 0.004177679069699188 0.0
1189 0.004176543935002155 0.0
1190 0.00417539607782798 0.0
1191 0.004174235501673236 0.0
1192 0.004173062210073239 0.0
1193 0.004171876206602038 0.0
1194 0.004170677494872406 0.0
1195 0.004169466078535826 0.0
1196 0.004168241961282484 0.0
1197 0.004167005146841251 0.0
1198 0.00416575563897968 0.0
1199 0.004164493441503987 0.0
1200 0.004163218558259047 0.0
1201 0.004161930993128374 0.0
1202 0.004160630750034114 0.0
1203 0.0041593178329370345 0.0
1204 0.004157992245836507 0.0
1205 0.004156653992770501 0.0
1206 0.0041553030778155664 0.0
1207 0.004153939505086825 0.0
1208 0.004152563278737956 0.0
1209 0.004151174402961184 0.0
1210 0.004149772881987265 0.0
1211 0.0041483587200854734 0.0
1212 0.004146931921563594 0.0
1213 0.004145492490767901 0.0
1214 0.004144040432083151 0.0
1215 0.004142575749932566 0.0
1216 0.004141098448777822 0.0
1217 0.004139608533119035 0.0
1218 0.004138106007494746 0.0
1219 0.0041365908764819095 0.0
1220 0.004135063144695876 0.0
1221 0.0041335228167903824 0.0
1222 0.004131969897457534 0.0
1223 0.004130404391427792 0.0
1224 0.004128826303469961 0.0
1225 0.004127235638391169 0.0
1226 0.004125632401036859 0.0
1227 0.004124016596290769 0.0
1228 0.00412238822907492 0.0
1229 0.004120747304349602 0.0
1230 0.004119093827113357 0.0
1231 0.004117427802402961 0.0
1232 0.004115749235293417 0.0
1233 0.004114058130897929 0.0
1234 0.004112354494367896 0.0
1235 0.004110638330892889 0.0
1236 0.0041089096457006405 0.0
1237 0.004107168444057026 0.0
1238 0.004105414731266046 0.0
1239 0.004103648512669815 0.0
1240 0.004101869793648541 0.0
1241 0.00410007857962051 0.0
1242 0.004098274876042071 0.0
1243 0.004096458688407618 0.0
1244 0.004094630022249574 0.0
1245 0.0040927888831383714 0.0
1246 0.004090935276682441 0.0
1247 0.004089069208528189 0.0
1248 0.004087190684359983 0.0
1249 0.004085299709900133 0.0
1250 0.004083396290908875 0.0
1251 0.004081480433184353 0.0
1252 0.004079552142562603 0.0
1253 0.004077611424917533 0.0
1254 0.0040756582861609025 0.0
1255 0.004073692732242314 0.0
1256 0.004071714769149184 0.0
1257 0.0040697244029067325 0.0
1258 0.004067721639577959 0.0
1259 0.004065706485263628 0.0
1260 0.00406367894610225 0.0
1261 0.00406163902827006 0.0
1262 0.004059586737981001 0.0
1263 0.004057522081486707 0.0
1264 0.0040554450650764785 0.0
1265 0.004053355695077267 0.0
1266 0.004051253977853658 0.0
1267 0.004049139919807845 0.0
1268 0.004047013527379614 0.0
1269 0.0040448748070463295 0.0
1270 0.0040427237653229 0.0
1271 0.004040560408761775 0.0
1272 0.004038384743952911 0.0
1273 0.004036196777523763 0.0
1274 0.0040339965161392535 0.0
1275 0.004031783966501762 0.0
1276 0.004029559135351099 0.0
1277 0.004027322029464484 0.0
1278 0.00402507265565653 0.0
1279 0.0040228110207792215 0.0
1280 0.004020537131721889 0.0
1281 0.004018250995411193 0.0
1282 0.004015952618811101 0.0
1283 0.004013642008922868 0.0
1284 0.004011319172785011 0.0
1285 0.0040089841174732925 0.0
1286 0.004006636850100696 0.0
1287 0.004004277377817404 0.0
1288 0.004001905707810779 0.0
1289 0.003999521847305339 0.0
1290 0.003997125803562737 0.0
1291 0.003994717583881737 0.0
1292 0.003992297195598195 0.0
1293 0.003989864646085033 0.0
1294 0.003987419942752217 0.0
1295 0.003984963093046739 0.0
1296 0.0039824941044525886 0.0
1297 0.003980012984490734 0.0
1298 0.003977519740719097 0.0
1299 0.0039750143807325295 0.0
1300 0.003972496912162793 0.0
1301 0.003969967342678534 0.0
1302 0.003967425679985258 0.0
1303 0.003964871931825312 0.0
1304 0.003962306105977856 0.0
1305 0.003959728210258839 0.0
1306 0.00395713825252098 0.0
1307 0.003954536240653738 0.0
1308 0.003951922182583293 0.0
1309 0.003949296086272519 0.0
1310 0.0039466579597209625 0.0
1311 0.003944007810964813 0.0
1312 0.003941345648076883 0.0
1313 0.003938671479166582 0.0
1314 0.003935985312379892 0.0
1315 0.003933287155899346 0.0
1316 0.003930577017943993 0.0
1317 0.003927854906769385 0.0
1318 0.003925120830667545 0.0
1319 0.003922374797966941 0.0
1320 0.003919616817032467 0.0
1321 0.00391684689626541 0.0
1322 0.00391406504410343 0.0
1323 0.003911271269020529 0.0
1324 0.003908465579527033 0.0
1325 0.0039056479841695574 0.0
1326 0.003902818491530987 0.0
1327 0.0038999771102304465 0.0
1328 0.003897123848923275 0.0
1329 0.003894258716301004 0.0
1330 0.0038913817210913227 0.0
1331 0.0038884928720580576 0.0
1332 0.003885592178001143 0.0
1333 0.003882679647756598 0.0
1334 0.0038797552901964935 0.0
1335 0.0038768191142289294 0.0
1336 0.003873871128798008 0.0
1337 0.003870911342883804 0.0
1338 0.0038679397655023377 0.0
1339 0.0038649564057055504 0.0
1340 0.003861961272581273 0.0
1341 0.0038589543752531996 0.0
1342 0.003855935722880861 0.0
1343 0.0038529053246595976 0.0
1344 0.003849863189820526 0.0
1345 0.003846809327630518 0.0
1346 0.0038437437473921657 0.0
1347 0.0038406664584437586 0.0
1348 0.003837577470159254 0.0
1349 0.003834476791948245 0.0
1350 0.0038313644332559353 0.0
1351 0.003828240403563108 0.0
1352 0.0038251047123861012 0.0
1353 0.0038219573692767736 0.0
1354 0.0038187983838224773 0.0
1355 0.0038156277656460295 0.0
1356 0.0038124455244056845 0.0
1357 0.003809251669795101 0.0
1358 0.003806046211543313 0.0
1359 0.003802829159414702 0.0
1360 0.0037996005232089672 0.0
1361 0.003796360312761095 0.0
1362 0.003793108537941328 0.0
1363 0.0037898452086551357 0.0
1364 0.003786570334843186 0.0
1365 0.0037832839264813106 0.0
1366 0.0037799859935804822 0.0
1367 0.003776676546186774 0.0
1368 0.0037733555943813375 0.0
1369 0.0037700231482803675 0.0
1370 0.0037666792180350737 0.0
1371 0.003763323813831647 0.0
1372 0.00375995694589123 0.0
1373 0.0037565786244698873 0.0
1374 0.0037531888598585704 0.0
1375 0.0037497876623830916 0.0
1376 0.003746375042404088 0.0
1377 0.0037429510103169916 0.0
1378 0.003739515576551997 0.0
1379 0.003736068751574033 0.0
1380 0.003732610545882726 0.0
1381 0.0037291409700123683 0.0
1382 0.0037256600345318925 0.0
1383 0.00372216775004483 0.0
1384 0.0037186641271892847 0.0
1385 0.003715149176637901 0.0
1386 0.0037116229090978265 0.0
1387 0.003708085335310684 0.0
1388 0.0037045364660525377 0.0
1389 0.003700976312133858 0.0
1390 0.003697404884399491 0.0
1391 0.0036938221937286254 0.0
1392 0.0036902282510347566 0.0
1393 0.00368662306726566 0.0
1394 0.0036830066534033496 0.0
1395 0.003679379020464049 0.0
1396 0.003675740179498157 0.0
1397 0.0036720901415902133 0.0
1398 0.003668428917858869 0.0
1399 0.003664756519456845 0.0
1400 0.0036610729575709032 0.0
1401 0.003657378243421812 0.0
1402 0.003653672388264313 0.0
1403 0.0036499554033870827 0.0
1404 0.0036462273001127018 0.0
1405 0.0036424880897976187 0.0
1406 0.0036387377838321164 0.0
1407 0.0036349763936402786 0.0
1408 0.003631203930679952 0.0
1409 0.0036274204064427116 0.0
1410 0.003623625832453829 0.0
1411 0.003619820220272235 0.0
1412 0.003616003581490485 0.0
1413 0.0036121759277347215 0.0
1414 0.0036083372706646423 0.0
1415 0.003604487621973461 0.0
1416 0.0036006269933878767 0.0
1417 0.003596755396668034 0.0
1418 0.003592872843607486 0.0
1419 0.0035889793460331647 0.0
1420 0.003585074915805338 0.0
1421 0.003581159564817577 0.0
1422 0.003577233304996721 0.0
1423 0.0035732961483028376 0.0
1424 0.0035693481067291884 0.0
1425 0.003565389192302194 0.0
1426 0.0035614194170813934 0.0
1427 0.003557438793159411 0.0
1428 0.0035534473326619175 0.0
1429 0.003549445047747592 0.0
1430 0.0035454319506080913 0.0
1431 0.003541408053468004 0.0
1432 0.0035373733685848184 0.0
1433 0.0035333279082488834 0.0
1434 0.003529271684783375 0.0
1435 0.0035252047105442524 0.0
1436 0.0035211269979202237 0.0
1437 0.00351703855933271 0.0
1438 0.003512939407235802 0.0
1439 0.003508829554116231 0.0
1440 0.00350470901249332 0.0
1441 0.003500577794918955 0.0
1442 0.00349643591397754 0.0
1443 0.0034922833822859617 0.0
1444 0.0034881202124935544 0.0
1445 0.003483946417282054 0.0
1446 0.0034797620093655643 0.0
1447 0.003475567001490517 0.0
1448 0.0034713614064356356 0.0
1449 0.00346714523701189 0.0
1450 0.003462918506062465 0.0
1451 0.003458681226462715 0.0
1452 0.0034544334111201273 0.0
1453 0.003450175072974287 0.0
1454 0.003445906224996829 0.0
1455 0.003441626880191404 0.0
1456 0.0034373370515936395 0.0
1457 0.0034330367522710983 0.0
1458 0.003428725995323234 0.0
1459 0.0034244047938813645 0.0
1460 0.003420073161108617 0.0
1461 0.0034157311101998948 0.0
1462 0.0034113786543818396 0.0
1463 0.0034070158069127864 0.0
1464 0.0034026425810827253 0.0
1465 0.00339825899021326 0.0
1466 0.003393865047657568 0.0
1467 0.0033894607668003623 0.0
1468 0.003385046161057844 0.0
1469 0.00338062124387767 0.0
1470 0.0033761860287389025 0.0
1471 0.0033717405291519794 0.0
1472 0.003367284758658662 0.0
1473 0.0033628187308319987 0.0
1474 0.0033583424592762865 0.0
1475 0.0033538559576270226 0.0
1476 0.0033493592395508714 0.0
1477 0.003344852318745616 0.0
1478 0.0033403352089401176 0.0
1479 0.003335807923894276 0.0
1480 0.0033312704773989874 0.0
1481 0.0033267228832761005 0.0
1482 0.003322165155378376 0.0
1483 0.0033175973075894425 0.0
1484 0.0033130193538237563 0.0
1485 0.0033084313080265606 0.0
1486 0.0033038331841738367 0.0
1487 0.003299224996272268 0.0
1488 0.0032946067583591943 0.0
1489 0.0032899784845025672 0.0
1490 0.0032853401888009144 0.0
1491 0.0032806918853832876 0.0
1492 0.0032760335884092244 0.0
1493 0.003271365312068707 0.0
1494 0.003266687070582114 0.0
1495 0.0032619988782001783 0.0
1496 0.003257300749203951 0.0
1497 0.0032525926979047447 0.0
1498 0.0032478747386441 0.0
1499 0.003243146885793741 0.0
1500 0.003238409153755527 0.0
1501 0.0032336615569614102 0.0
1502 0.0032289041098733933 0.0
1503 0.0032241368269834876 0.0
1504 0.0032193597228136624 0.0
1505 0.0032145728119158056 0.0
1506 0.003209776108871677 0.0
1507 0.003204969628292866 0.0
1508 0.0032001533848207476 0.0
1509 0.003195327393126434 0.0
1510 0.003190491667910732 0.0
1511 0.003185646223904099 0.0
1512 0.0031807910758666 0.0
1513 0.003175926238587856 0.0
1514 0.0031710517268870057 0.0
1515 0.0031661675556126567 0.0
1516 0.003161273739642841 0.0
1517 0.0031563702938849727 0.0
1518 0.003151457233275797 0.0
1519 0.0031465345727813487 0.0
1520 0.003141602327396905 0.0
1521 0.00313666051214694 0.0
1522 0.0031317091420850823 0.0
1523 0.003126748232294062 0.0
1524 0.003121777797885671 0.0
1525 0.0031167978540007136 0.0
1526 0.0031118084158089643 0.0
1527 0.0031068094985091167 0.0
1528 0.003101801117328739 0.0
1529 0.0030967832875242285 0.0
1530 0.003091756024380767 0.0
1531 0.0030867193432122684 0.0
1532 0.0030816732593613363 0.0
1533 0.0030766177881992197 0.0
1534 0.0030715529451257584 0.0
1535 0.003066478745569343 0.0
1536 0.003061395204986866 0.0
1537 0.003056302338863674 0.0
1538 0.0030512001627135197 0.0
1539 0.0030460886920785153 0.0
1540 0.0030409679425290894 0.0
1541 0.0030358379296639313 0.0
1542 0.0030306986691099515 0.0
1543 0.003025550176522227 0.0
1544 0.003020392467583959 0.0
1545 0.003015225558006426 0.0
1546 0.0030100494635289287 0.0
1547 0.003004864199918749 0.0
1548 0.0029996697829710976 0.0
1549 0.002994466228509072 0.0
1550 0.0029892535523836 0.0
1551 0.002984031770473398 0.0
1552 0.0029788008986849183 0.0
1553 0.0029735609529523022 0.0
1554 0.0029683119492373367 0.0
1555 0.0029630539035293947 0.0
1556 0.002957786831845397 0.0
1557 0.0029525107502297544 0.0
1558 0.00294722567475433 0.0
1559 0.0029419316215183794 0.0
1560 0.002936628606648506 0.0
1561 0.0029313166462986134 0.0
1562 0.002925995756649852 0.0
1563 0.0029206659539105775 0.0
1564 0.0029153272543162925 0.0
1565 0.002909979674129601 0.0
1566 0.002904623229640159 0.0
1567 0.0028992579371646273 0.0
1568 0.0028938838130466164 0.0
1569 0.0028885008736566397 0.0
1570 0.0028831091353920656 0.0
1571 0.002877708614677063 0.0
1572 0.002872299327962553 0.0
1573 0.002866881291726164 0.0
1574 0.002861454522472173 0.0
1575 0.00285601903673146 0.0
1576 0.0028505748510614555 0.0
1577 0.0028451219820460963 0.0
1578 0.0028396604462957655 0.0
1579 0.0028341902604472483 0.0
1580 0.0028287114411636783 0.0
1581 0.0028232240051344923 0.0
1582 0.0028177279690753693 0.0
1583 0.0028122233497281895 0.0
1584 0.0028067101638609773 0.0
1585 0.0028011884282678526 0.0
1586 0.0027956581597689814 0.0
1587 0.00279011937521052 0.0
1588 0.002784572091464566 0.0
1589 0.002779016325429108 0.0
1590 0.0027734520940279716 0.0
1591 0.0027678794142107738 0.0
1592 0.002762298302952862 0.0
1593 0.002756708777255268 0.0
1594 0.0027511108541446567 0.0
1595 0.002745504550673275 0.0
1596 0.002739889883918893 0.0
1597 0.002734266870984761 0.0
1598 0.0027286355289995504 0.0
1599 0.0027229958751173048 0.0
1600 0.0027173479265173903 0.0
1601 0.002711691700404437 0.0
1602 0.00270602721400829 0.0
1603 0.002700354484583956 0.0
1604 0.0026946735294115557 0.0
1605 0.002688984365796262 0.0
1606 0.0026832870110682526 0.0
1607 0.0026775814825826605 0.0
1608 0.0026718677977195147 0.0
1609 0.0026661459738836876 0.0
1610 0.00266041602850485 0.0
1611 0.0026546779790374083 0.0
1612 0.0026489318429604547 0.0
1613 0.0026431776377777187 0.0
1614 0.0026374153810175055 0.0
1615 0.00263164509023265 0.0
1616 0.002625866783000457 0.0
1617 0.002620080476922652 0.0
1618 0.002614286189625329 0.0
1619 0.0026084839387588905 0.0
1620 0.0026026737419979997 0.0
1621 0.0025968556170415233 0.0
1622 0.002591029581612477 0.0
1623 0.002585195653457978 0.0
1624 0.002579353850349183 0.0
1625 0.002573504190081236 0.0
1626 0.002567646690473215 0.0
1627 0.0025617813693680834 0.0
1628 0.0025559082446326253 0.0
1629 0.0025500273341573965 0.0
1630 0.0025441386558566702 0.0
1631 0.0025382422276683803 0.0
1632 0.0025323380675540733 0.0
1633 0.0025264261934988424 0.0
1634 0.0025205066235112817 0.0
1635 0.0025145793756234263 0.0
1636 0.0025086444678907045 0.0
1637 0.002502701918391873 0.0
1638 0.0024967517452289677 0.0
1639 0.0024907939665272487 0.0
1640 0.002484828600435141 0.0
1641 0.002478855665124187 0.0
1642 0.002472875178788983 0.0
1643 0.002466887159647125 0.0
1644 0.002460891625939162 0.0
1645 0.0024548885959285263 0.0
1646 0.002448878087901489 0.0
1647 0.0024428601201671005 0.0
1648 0.0024368347110571347 0.0
1649 0.0024308018789260303 0.0
1650 0.002424761642150843 0.0
1651 0.0024187140191311808 0.0
1652 0.002412659028289152 0.0
1653 0.002406596688069308 0.0
1654 0.002400527016938588 0.0
1655 0.0023944500333862658 0.0
1656 0.0023883657559238846 0.0
1657 0.00238227420308521 0.0
1658 0.0023761753934261657 0.0
1659 0.002370069345524788 0.0
1660 0.0023639560779811553 0.0
1661 0.0023578356094173408 0.0
1662 0.0023517079584773532 0.0
1663 0.0023455731438270784 0.0
1664 0.002339431184154229 0.0
1665 0.002333282098168278 0.0
1666 0.002327125904600408 0.0
1667 0.0023209626222034504 0.0
1668 0.002314792269751833 0.0
1669 0.0023086148660415215 0.0
1670 0.002302430429889957 0.0
1671 0.0022962389801360053 0.0
1672 0.0022900405356398937 0.0
1673 0.002283835115283163 0.0
1674 0.002277622737968598 0.0
1675 0.0022714034226201775 0.0
1676 0.0022651771881830145 0.0
1677 0.002258944053623297 0.0
1678 0.0022527040379282373 0.0
1679 0.002246457160106004 0.0
1680 0.002240203439185668 0.0
1681 0.002233942894217152 0.0
1682 0.002227675544271159 0.0
1683 0.0022214014084391233 0.0
1684 0.0022151205058331533 0.0
1685 0.002208832855585966 0.0
1686 0.002202538476850833 0.0
1687 0.002196237388801527 0.0
1688 0.0021899296106322533 0.0
1689 0.0021836151615575975 0.0
1690 0.0021772940608124672 0.0
1691 0.00217096632765203 0.0
1692 0.0021646319813516607 0.0
1693 0.002158291041206876 0.0
1694 0.002151943526533279 0.0
1695 0.002145589456666499 0.0
1696 0.002139228850962137 0.0
1697 0.002132861728795701 0.0
1698 0.0021264881095625476 0.0
1699 0.0021201080126778274 0.0
1700 0.0021137214575764197 0.0
1701 0.002107328463712883 0.0
1702 0.0021009290505613833 0.0
1703 0.0020945232376156425 0.0
1704 0.002088111044388877 0.0
1705 0.0020816924904137413 0.0
1706 0.0020752675952422635 0.0
1707 0.002068836378445788 0.0
1708 0.0020623988596149166 0.0
1709 0.0020559550583594466 0.0
1710 0.0020495049943083173 0.0
1711 0.0020430486871095403 0.0
1712 0.002036586156430148 0.0
1713 0.002030117421956129 0.0
1714 0.0020236425033923686 0.0
1715 0.0020171614204625953 0.0
1716 0.0020106741929093097 0.0
1717 0.0020041808404937305 0.0
1718 0.0019976813829957387 0.0
1719 0.001991175840213807 0.0
1720 0.0019846642319649456 0.0
1721 0.0019781465780846453 0.0
1722 0.001971622898426809 0.0
1723 0.001965093212863695 0.0
1724 0.0019585575412858604 0.0
1725 0.0019520159036020932 0.0
1726 0.001945468319739356 0.0
1727 0.001938914809642723 0.0
1728 0.001932355393275326 0.0
1729 0.0019257900906182832 0.0
1730 0.0019192189216706448 0.0
1731 0.0019126419064493315 0.0
1732 0.00190605906498907 0.0
1733 0.001899470417342341 0.0
1734 0.0018928759835793055 0.0
1735 0.0018862757837877532 0.0
1736 0.0018796698380730348 0.0
1737 0.0018730581665580106 0.0
1738 0.0018664407893829763 0.0
1739 0.0018598177267056112 0.0
1740 0.0018531889987009123 0.0
1741 0.001846554625561133 0.0
1742 0.001839914627495728 0.0
1743 0.0018332690247312813 0.0
1744 0.001826617837511451 0.0
1745 0.0018199610860969075 0.0
1746 0.0018132987907652676 0.0
1747 0.0018066309718110427 0.0
1748 0.0017999576495455628 0.0
1749 0.0017932788442969257 0.0
1750 0.0017865945764099288 0.0
1751 0.001779904866246014 0.0
1752 0.0017732097341831975 0.0
1753 0.0017665092006160126 0.0
1754 0.0017598032859554443 0.0
1755 0.001753092010628876 0.0
1756 0.0017463753950800137 0.0
1757 0.001739653459768832 0.0
1758 0.001732926225171515 0.0
1759 0.0017261937117803838 0.0
1760 0.0017194559401038404 0.0
1761 0.0017127129306663091 0.0
1762 0.0017059647040081646 0.0
1763 0.0016992112806856754 0.0
1764 0.0016924526812709384 0.0
1765 0.0016856889263518234 0.0
1766 0.0016789200365318984 0.0
1767 0.0016721460324303763 0.0
1768 0.0016653669346820478 0.0
1769 0.0016585827639372195 0.0
1770 0.0016517935408616544 0.0
1771 0.0016449992861365024 0.0
1772 0.0016382000204582415 0.0
1773 0.0016313957645386124 0.0
1774 0.0016245865391045621 0.0
1775 0.0016177723648981705 0.0
1776 0.0016109532626765936 0.0
1777 0.001604129253212 0.0
1778 0.0015973003572915035 0.0
1779 0.0015904665957171093 0.0
1780 0.001583627989305639 0.0
1781 0.0015767845588886727 0.0
1782 0.0015699363253124851 0.0
1783 0.001563083309437987 0.0
1784 0.001556225532140651 0.0
1785 0.0015493630143104567 0.0
1786 0.0015424957768518227 0.0
1787 0.0015356238406835441 0.0
1788 0.0015287472267387337 0.0
1789 0.0015218659559647482 0.0
1790 0.0015149800493231317 0.0
1791 0.0015080895277895486 0.0
1792 0.0015011944123537258 0.0
1793 0.001494294724019379 0.0
1794 0.001487390483804153 0.0
1795 0.0014804817127395656 0.0
1796 0.001473568431870929 0.0
1797 0.0014666506622572943 0.0
1798 0.0014597284249713905 0.0
1799 0.0014528017410995518 0.0
1800 0.0014458706317416578 0.0
1801 0.0014389351180110685 0.0
1802 0.0014319952210345647 0.0
1803 0.0014250509619522743 0.0
1804 0.0014181023619176149 0.0
1805 0.0014111494420972256 0.0
1806 0.0014041922236709093 0.0
1807 0.0013972307278315584 0.0
1808 0.0013902649757850964 0.0
1809 0.0013832949887504116 0.0
1810 0.0013763207879592923 0.0
1811 0.0013693423946563666 0.0
1812 0.001362359830099029 0.0
1813 0.0013553731155573825 0.0
1814 0.0013483822723141707 0.0
1815 0.0013413873216647132 0.0
1816 0.001334388284916846 0.0
1817 0.0013273851833908471 0.0
1818 0.0013203780384193784 0.0
1819 0.001313366871347417 0.0
1820 0.001306351703532197 0.0
1821 0.0012993325563431346 0.0
1822 0.0012923094511617694 0.0
1823 0.0012852824093816976 0.0
1824 0.0012782514524085054 0.0
1825 0.001271216601659711 0.0
1826 0.0012641778785646874 0.0
1827 0.001257135304564606 0.0
1828 0.0012500889011123671 0.0
1829 0.0012430386896725412 0.0
1830 0.001235984691721293 0.0
1831 0.0012289269287463216 0.0
1832 0.001221865422246801 0.0
1833 0.0012148001937333029 0.0
1834 0.0012077312647277366 0.0
1835 0.0012006586567632892 0.0
1836 0.00119358239138435 0.0
1837 0.0011865024901464478 0.0
1838 0.001179418974616194 0.0
1839 0.001172331866371203 0.0
1840 0.001165241187000036 0.0
1841 0.0011581469581021318 0.0
1842 0.0011510492012877405 0.0
1843 0.0011439479381778635 0.0
1844 0.001136843190404178 0.0
1845 0.0011297349796089778 0.0
1846 0.0011226233274451063 0.0
1847 0.0011155082555758867 0.0
1848 0.0011083897856750662 0.0
1849 0.0011012679394267362 0.0
1850 0.0010941427385252759 0.0
1851 0.001087014204675281 0.0
1852 0.0010798823595915051 0.0
1853 0.0010727472249987841 0.0
1854 0.001065608822631975 0.0
1855 0.0010584671742358894 0.0
1856 0.0010513223015652248 0.0
1857 0.0010441742263845063 0.0
1858 0.0010370229704680088 0.0
1859 0.001029868555599698 0.0
1860 0.0010227110035731604 0.0
1861 0.0010155503361915447 0.0
1862 0.0010083865752674832 0.0
1863 0.0010012197426230347 0.0
1864 0.0009940498600896138 0.0
1865 0.0009868769495079248 0.0
1866 0.0009797010327279006 0.0
1867 0.0009725221316086262 0.0
1868 0.0009653402680182781 0.0
1869 0.0009581554638340616 0.0
1870 0.0009509677409421345 0.0
1871 0.0009437771212375455 0.0
1872 0.000936583626624173 0.0
1873 0.0009293872790146468 0.0
1874 0.0009221881003302886 0.0
1875 0.0009149861125010484 0.0
1876 0.0009077813374654284 0.0
1877 0.000900573797170423 0.0
1878 0.0008933635135714497 0.0
1879 0.0008861505086322809 0.0
1880 0.0008789348043249845 0.0
1881 0.0008717164226298451 0.0
1882 0.0008644953855353052 0.0
1883 0.0008572717150378945 0.0
1884 0.0008500454331421696 0.0
1885 0.0008428165618606366 0.0
1886 0.000835585123213691 0.0
1887 0.0008283511392295491 0.0
1888 0.0008211146319441788 0.0
1889 0.00081387562340124 0.0
1890 0.0008066341356520061 0.0
1891 0.0007993901907553049 0.0
1892 0.0007921438107774488 0.0
1893 0.0007848950177921658 0.0
1894 0.0007776438338805405 0.0
1895 0.0007703902811309347 0.0
1896 0.0007631343816389279 0.0
1897 0.0007558761575072463 0.0
1898 0.0007486156308457035 0.0
1899 0.0007413528237711207 0.0
1900 0.0007340877584072678 0.0
1901 0.0007268204568847941 0.0
1902 0.0007195509413411582 0.0
1903 0.000712279233920569 0.0
1904 0.0007050053567739065 0.0
1905 0.0006977293320586602 0.0
1906 0.0006904511819388669 0.0
1907 0.0006831709285850322 0.0
1908 0.0006758885941740684 0.0
1909 0.0006686042008892329 0.0
1910 0.0006613177709200492 0.0
1911 0.0006540293264622445 0.0
1912 0.0006467388897176885 0.0
1913 0.0006394464828943142 0.0
1914 0.0006321521282060571 0.0
1915 0.0006248558478727866 0.0
1916 0.0006175576641202365 0.0
1917 0.0006102575991799435 0.0
1918 0.0006029556752891698 0.0
1919 0.0005956519146908417 0.0
1920 0.0005883463396334791 0.0
1921 0.000581038972371134 0.0
1922 0.0005737298351633125 0.0
1923 0.0005664189502749144 0.0
1924 0.0005591063399761626 0.0
1925 0.0005517920265425348 0.0
1926 0.0005444760322547015 0.0
1927 0.0005371583793984485 0.0
1928 0.0005298390902646154 0.0
1929 0.0005225181871490243 0.0
1930 0.0005151956923524195 0.0
1931 0.0005078716281803883 0.0
1932 0.0005005460169433001 0.0
1933 0.0004932188809562373 0.0
1934 0.000485890242538925 0.0
1935 0.00047856012401567045 0.0
1936 0.000471228547715284 0.0
1937 0.0004638955359710187 0.0
1938 0.00045656111112049987 0.0
1939 0.00044922529550565573 0.0
1940 0.0004418881114726567 0.0
1941 0.0004345495813718358 0.0
1942 0.0004272097275576266 0.0
1943 0.00041986857238850053 0.0
1944 0.0004125261382268873 0.0
1945 0.0004051824474391131 0.0
1946 0.00039783752239533717 0.0
1947 0.00039049138546947326 0.0
1948 0.0003831440590391265 0.0
1949 0.0003757955654855312 0.0
1950 0.00036844592719347116 0.0
1951 0.00036109516655121935 0.0
1952 0.0003537433059504656 0.0
1953 0.00034639036778625595 0.0
1954 0.00033903637445691347 0.0
1955 0.0003316813483639771 0.0
1956 0.0003243253119121319 0.0
1957 0.00031696828750913883 0.0
1958 0.00030961029756577366 0.0
1959 0.0003022513644957481 0.0
1960 0.00029489151071564857 0.0
1961 0.000287530758644864 0.0
1962 0.00028016913070552554 0.0
1963 0.0002728066493224268 0.0
1964 0.00026544333692296275 0.0
1965 0.0002580792159370601 0.0
1966 0.0002507143087971065 0.0
1967 0.0002433486379378902 0.0
1968 0.00023598222579652008 0.0
1969 0.00022861509481236504 0.0
1970 0.00022124726742698373 0.0
1971 0.00021387876608405424 0.0
1972 0.0002065096132293133 0.0
1973 0.0001991398313104766 0.0
1974 0.000191769442777178 0.0
1975 0.00018439847008089728 0.0
1976 0.00017702693567489935 0.0
1977 0.00016965486201415454 0.0
1978 0.00016228227155527764 0.0
1979 0.00015490918675645603 0.0
1980 0.00014753563007738837 0.0
1981 0.00014016162397920517 0.0
1982 0.00013278719092440597 0.0
1983 0.00012541235337679653 0.0
1984 0.00011803713380140913 0.0
1985 0.00011066155466443976 0.0
1986 0.0001032856384331853 0.0
1987 9.59094075759639e-05 0.0
1988 8.853288456205399e-05 0.0
1989 8.115609186162204e-05 0.0
1990 7.377905194566169e-05 0.0
1991 6.640178728591402e-05 0.0
1992 5.9024320354806555e-05 0.0
1993 5.1646673625383033e-05 0.0
1994 4.426886957123297e-05 0.0
1995 3.6890930666430756e-05 0.0
1996 2.9512879385455928e-05 0.0
1997 2.213473820313224e-05 0.0
1998 1.4756529594555402e-05 0.0
1999 7.378276035032148e-06 0.0
2000 0.0 0.0
2001 0.0 0.0
2002 0.0 0.0
2003 0.0 0.0
2004 0.0 0.0
2005 0.0 0.0
2006 0.0 0.0
2007 0.0 0.0
2008 0.0 0.0
2009 0.0 0.0
2010 0.0 0.0
2011 0.0 0.0
2012 0.0 0.0
2013 0.0 0.0
2014 0.0 0.0
2015 0.0 0.0
2016 0.0 0.0
2017 0.0 0.0
2018 0.0 0.0
2019 0.0 0.0
2020 0.0 0.0
2021 0.0 0.0
2022 0.0 0.0
2023 0.0 0.0
2024 0.0 0.0
2025 0.0 0.0
2026 0.0 0.0
2027 0.0 0.0
2028 0.0 0.0
2029 0.0 0.0
2030 0.0 0.0
2031 0.0 0.0
2032 0.0 0.0
2033 0.0 0.0
2034 0.0 0.0
2035 0.0 0.0
2036 0.0 0.0
2037 0.0 0.0
2038 0.0 0.0
2039 0.0 0.0
2040 0.0 0.0
2041 0.0 0.0
2042 0.0 0.0
2043 0.0 0.0
2044 0.0 0.0
2045 0.0 0.0
2046 0.0 0.0
2047 0.0 0.0
2048 0.0 0.0
2049 0.0 0.0
2050 0.0 0.0
2051 0.0 0.0
2052 0.0 0.0
2053 0.0 0.0
2054 0.0 0.0
2055 0.0 0.0
2056 0.0 0.0
2057 0.0 0.0
2058 0.0 0.0
2059 0.0 0.0
2060 0.0 0.0
2061 0.0 0.0
2062 0.0 0.0
2063 0.0 0.0
2064 0.0 0.0
2065 0.0 0.0
2066 0.0 0.0
2067 0.0 0.0
2068 0.0 0.0
2069 0.0 0.0
2070 0.0 0.0
2071 0.0 0.0
2072 0.0 0.0
2073 0.0 0.0
2074 0.0 0.0
2075 0.0 0.0
2076 0.0 0.0
2077 0.0 0.0
2078 0.0 0.0
2079 0.0 0.0
2080 0.0 0.0
2081 0.0 0.0
2082 0.0 0.0
2083 0.0 0.0
2084 0.0 0.0
2085 0.0 0.0
2086 0.0 0.0
2087 0.0 0.0
2088 0.0 0.0
2089 0.0 0.0
2090 0.0 0.0
2091 0.0 0.0
2092 0.0 0.0
2093 0.0 0.0
2094 0.0 0.0
2095 0.0 0.0
2096 0.0 0.0
2097 0.0 0.0
2098 0.0 0.0
2099 0.0 0.0
2100 0.0 0.0
2101 0.0 0.0
2102 0.0 0.0
2103 0.0 0.0
2104 0.0 0.0
2105 0.0 0.0
2106 0.0 0.0
2107 0.0 0.0
2108 0.0 0.0
2109 0.0 0.0
2110 0.0 0.0
2111 0.0 0.0
2112 0.0 0.0
2113 0.0 0.0
2114 0.0 0.0
2115 0.0 0.0
2116 0.0 0.0
2117 0.0 0.0
2118 0.0 0.0
2119 0.0 0.0
2120 0.0 0.0
2121 0.0 0.0
2122 0.0 0.0
2123 0.0 0.0
2124 0.0 0.0
2125 0.0 0.0
2126 0.0 0.0
2127 0.0 0.0
2128 0.0 0.0
2129 0.0 0.0
2130 0.0 0.0
2131 0.0 0.0
2132 0.0 0.0
2133 0.0 0.0
2134 0.0 0.0
2135 0.0 0.0
2136 0.0 0.0
2137 0.0 0.0
2138 0.0 0.0
2139 0.0 0.0
2140 0.0 0.0
2141 0.0 0.0
2142 0.0 0.0
2143 0.0 0.0
2144 0.0 0.0
2145 0.0 0.0
2146 0.0 0.0
2147 0.0 0.0
2148 0.0 0.0
2149 0.0 0.0
2150 0.0 0.0
2151 0.0 0.0
2152 0.0 0.0
2153 0.0 0.0
2154 0.0 0.0
2155 0.0 0.0
2156 0.0 0.0
2157 0.0 0.0
2158 0.0 0.0
2159 0.0 0.0
2160 0.0 0.0
2161 0.0 0.0
2162 0.0 0.0
2163 0.0 0.0
2164 0.0 0.0
2165 0.0 0.0
2166 0.0 0.0
2167 0.0 0.0
2168 0.0 0.0
2169 0.0 0.0
2170 0.0 0.0
2171 0.0 0.0
2172 0.0 0.0
2173 0.0 0.0
2174 0.0 0.0
2175 0.0 0.0
2176 0.0 0.0
2177 0.0 0.0
2178 0.0 0.0
2179 0.0 0.0
2180 0.0 0.0
2181 0.0 0.0
2182 0.0 0.0
2183 0.0 0.0
2184 0.0 0.0
2185 0.0 0.0
2186 0.0 0.0
2187 0.0 0.0
2188 0.0 0.0
2189 0.0 0.0
2190 0.0 0.0
2191 0.0 0.0
2192 0.0 0.0
2193 0.0 0.0
2194 0.0 0.0
2195 0.0 0.0
2196 0.0 0.0
2197 0.0 0.0
2198 0.0 0.0
2199 0.0 0.0