2200 0.000002100546602 1.0
2
0 0.0 0.0
1 0.0 0.0
2 0.0 0.0
3 0.0 0.0
4 0.0 0.0
5 0.0 0.0
6 0.0 0.0
7 0.0 0.0
8 0.0 0.0
9 0.0 0.0
10 0.0 0.0
11 0.0 0.0
12 0.0 0.0
13 0.0 0.0
14 0.0 0.0
15 0.0 0.0
16 0.0 0.0
17 0.0 0.0
18 0.0 0.0
19 0.0 0.0
20 0.0 0.0
21 0.0 0.0
22 0.0 0.0
23 0.0 0.0
24 0.0 0.0
25 0.0 0.0
26 0.0 0.0
27 0.0 0.0
28 0.0 0.0
29 0.0 0.0
30 0.0 0.0
31 0.0 0.0
32 0.0 0.0
33 0.0 0.0
34 0.0 0.0
35 0.0 0.0
36 0.0 0.0
37 0.0 0.0
38 0.0 0.0
39 0.0 0.0
40 0.0 0.0
41 0.0 0.0
42 0.0 0.0
43 0.0 0.0
44 0.0 0.0
45 0.0 0.0
46 0.0 0.0
47 0.0 0.0
48 0.0 0.0
49 0.0 0.0
50 0.0 0.0
51 0.0 0.0
52 0.0 0.0
53 0.0 0.0
54 0.0 0.0
55 0.0 0.0
56 0.0 0.0
57 0.0 0.0
58 0.0 0.0
59 0.0 0.0
60 0.0 0.0
61 0.0 0.0
62 0.0 0.0
63 0.0 0.0
64 0.0 0.0
65 0.0 0.0
66 0.0 0.0
67 0.0 0.0
68 0.0 0.0
69 0.0 0.0
70 0.0 0.0
71 0.0 0.0
72 0.0 0.0
73 0.0 0.0
74 0.0 0.0
75 0.0 0.0
76 0.0 0.0
77 0.0 0.0
78 0.0 0.0
79 0.0 0.0
80 0.0 0.0
81 0.0 0.0
82 0.0 0.0
83 0.0 0.0
84 0.0 0.0
85 0.0 0.0
86 0.0 0.0
87 0.0 0.0
88 0.0 0.0
89 0.0 0.0
90 0.0 0.0
91 0.0 0.0
92 0.0 0.0
93 0.0 0.0
94 0.0 0.0
95 0.0 0.0
96 0.0 0.0
97 0.0 0.0
98 0.0 0.0
99 0.0 0.0
100 0.0 0.0
101 0.0 0.0
102 0.0 0.0
103 0.0 0.0
104 0.0 0.0
105 0.0 0.0
106 0.0 0.0
107 0.0 0.0
108 0.0 0.0
109 0.0 0.0
110 0.0 0.0
111 0.0 0.0
112 0.0 0.0
113 0.0 0.0
114 0.0 0.0
115 0.0 0.0
116 0.0 0.0
117 0.0 0.0
118 0.0 0.0
119 0.0 0.0
120 0.0 0.0
121 0.0 0.0
122 0.0 0.0
123 0.0 0.0
124 0.0 0.0
125 0.0 0.0
126 0.0 0.0
127 0.0 0.0
128 0.0 0.0
129 0.0 0.0
130 0.0 0.0
131 0.0 0.0
132 0.0 0.0
133 0.0 0.0
134 0.0 0.0
135 0.0 0.0
136 0.0 0.0
137 0.0 0.0
138 0.0 0.0
139 0.0 0.0
140 0.0 0.0
141 0.0 0.0
142 0.0 0.0
143 0.0 0.0
144 0.0 0.0
145 0.0 0.0
146 0.0 0.0
147 0.0 0.0
148 0.0 0.0
149 0.0 0.0
150 0.0 0.0
151 0.0 0.0
152 0.0 0.0
153 0.0 0.0
154 0.0 0.0
155 0.0 0.0
156 0.0 0.0
157 0.0 0.0
158 0.0 0.0
159 0.0 0.0
160 0.0 0.0
161 0.0 0.0
162 0.0 0.0
163 0.0 0.0
164 0.0 0.0
165 0.0 0.0
166 0.0 0.0
167 0.0 0.0
168 0.0 0.0
169 0.0 0.0
170 0.0 0.0
171 0.0 0.0
172 0.0 0.0
173 0.0 0.0
174 0.0 0.0
175 0.0 0.0
176 0.0 0.0
177 0.0 0.0
178 0.0 0.0
179 0.0 0.0
180 0.0 0.0
181 0.0 0.0
182 0.0 0.0
183 0.0 0.0
184 0.0 0.0
185 0.0 0.0
186 0.0 0.0
187 0.0 0.0
188 0.0 0.0
189 0.0 0.0
190 0.0 0.0
191 0.0 0.0
192 0.0 0.0
193 0.0 0.0
194 0.0 0.0
195 0.0 0.0
196 0.0 0.0
197 0.0 0.0
198 0.0 0.0
199 0.0 0.0
200 0.0 0.0
201 -9.61646362045063e-05 0.0
202 -0.00019232897947485338 0.0
203 -0.00028849273687777446 0.0
204 -0.0003846556154817872 0.0
205 -0.00048081732235808643 0.0
206 -0.0005769775645814363 0.0
207 -0.0006731360492310622 0.0
208 -0.000769292483391544 0.0
209 -0.000865446574153707 0.0
210 -0.0009615980286155154 0.0
211 -0.0010577465538829638 0.0
212 -0.0011538918570709702 0.0
213 -0.001250033645304266 0.0
214 -0.0013461716257182925 0.0
215 -0.001442305505460087 0.0
216 -0.001538434991689181 0.0
217 -0.001634559791578488 0.0
218 -0.0017306796123151965 0.0
219 -0.0018267941611016636 0.0
220 -0.001922903145156305 0.0
221 -0.002019006271714488 0.0
222 -0.0021151032480294213 0.0
223 -0.0022111937813730506 0.0
224 -0.0023072775790369464 0.0
225 -0.0024033543483331977 0.0
226 -0.0024994237965953025 0.0
227 -0.0025954856311790624 0.0
228 -0.002691539559463468 0.0
229 -0.0027875852888515967 0.0
230 -0.0028836225267714994 0.0
231 -0.0029796509806770946 0.0
232 -0.003075670358049058 0.0
233 -0.0031716803663957133 0.0
234 -0.0032676807132539253 0.0
235 -0.0033636711061899895 0.0
236 -0.00345965125280052 0.0
237 -0.0035556208607133467 0.0
238 -0.003651579637588398 0.0
239 -0.0037475272911186 0.0
240 -0.0038434635290307607 0.0
241 -0.00393938805908646 0.0
242 -0.004035300589082945 0.0
243 -0.004131200826854016 0.0
244 -0.004227088480270914 0.0
245 -0.0043229632572432215 0.0
246 -0.004418824865719739 0.0
247 -0.004514673013689383 0.0
248 -0.004610507409182073 0.0
249 -0.004706327760269616 0.0
250 -0.004802133775066611 0.0
251 -0.0048979251617313185 0.0
252 -0.004993701628466562 0.0
253 -0.005089462883520615 0.0
254 -0.005185208635188086 0.0
255 -0.005280938591810812 0.0
256 -0.005376652461778743 0.0
257 -0.005472349953530831 0.0
258 -0.005568030775555921 0.0
259 -0.005663694636393635 0.0
260 -0.005759341244635262 0.0
261 -0.005854970308924647 0.0
262 -0.005950581537959075 0.0
263 -0.006046174640490162 0.0
264 -0.006141749325324737 0.0
265 -0.006237305301325736 0.0
266 -0.006332842277413086 0.0
267 -0.006428359962564589 0.0
268 -0.006523858065816811 0.0
269 -0.006619336296265965 0.0
270 -0.006714794363068806 0.0
271 -0.006810231975443506 0.0
272 -0.006905648842670548 0.0
273 -0.007001044674093604 0.0
274 -0.007096419179120432 0.0
275 -0.007191772067223744 0.0
276 -0.007287103047942111 0.0
277 -0.00738241183088083 0.0
278 -0.00747769812571282 0.0
279 -0.007572961642179503 0.0
280 -0.007668202090091686 0.0
281 -0.007763419179330448 0.0
282 -0.007858612619848021 0.0
283 -0.007953782121668675 0.0
284 -0.00804892739488961 0.0
285 -0.008144048149681815 0.0
286 -0.00823914409629098 0.0
287 -0.008334214945038354 0.0
288 -0.008429260406321649 0.0
289 -0.008524280190615905 0.0
290 -0.008619274008474382 0.0
291 -0.008714241570529434 0.0
292 -0.008809182587493396 0.0
293 -0.008904096770159471 0.0
294 -0.008998983829402596 0.0
295 -0.009093843476180327 0.0
296 -0.009188675421533735 0.0
297 -0.009283479376588265 0.0
298 -0.009378255052554633 0.0
299 -0.00947300216072969 0.0
300 -0.009567720412497314 0.0
301 -0.009662409519329283 0.0
302 -0.009757069192786157 0.0
303 -0.009851699144518153 0.0
304 -0.009946299086266028 0.0
305 -0.010040868729861955 0.0
306 -0.010135407787230395 0.0
307 -0.010229915970388987 0.0
308 -0.010324392991449412 0.0
309 -0.010418838562618283 0.0
310 -0.010513252396198011 0.0
311 -0.010607634204587681 0.0
312 -0.01070198370028394 0.0
313 -0.010796300595881863 0.0
314 -0.010890584604075824 0.0
315 -0.010984835437660385 0.0
316 -0.011079052809531165 0.0
317 -0.011173236432685705 0.0
318 -0.011267386020224358 0.0
319 -0.01136150128535115 0.0
320 -0.011455581941374662 0.0
321 -0.011549627701708906 0.0
322 -0.011643638279874177 0.0
323 -0.011737613389497952 0.0
324 -0.011831552744315755 0.0
325 -0.011925456058172017 0.0
326 -0.012019323045020958 0.0
327 -0.012113153418927453 0.0
328 -0.01220694689406792 0.0
329 -0.012300703184731164 0.0
330 -0.012394422005319258 0.0
331 -0.012488103070348427 0.0
332 -0.012581746094449902 0.0
333 -0.012675350792370789 0.0
334 -0.012768916878974941 0.0
335 -0.012862444069243839 0.0
336 -0.012955932078277436 0.0
337 -0.013049380621295048 0.0
338 -0.0131427894136362 0.0
339 -0.013236158170761517 0.0
340 -0.013329486608253572 0.0
341 -0.013422774441817756 0.0
342 -0.013516021387283148 0.0
343 -0.013609227160603386 0.0
344 -0.01370239147785752 0.0
345 -0.01379551405525088 0.0
346 -0.013888594609115942 0.0
347 -0.013981632855913204 0.0
348 -0.01407462851223203 0.0
349 -0.01416758129479152 0.0
350 -0.014260490920441373 0.0
351 -0.014353357106162768 0.0
352 -0.014446179569069191 0.0
353 -0.014538958026407325 0.0
354 -0.014631692195557894 0.0
355 -0.014724381794036541 0.0
356 -0.014817026539494677 0.0
357 -0.014909626149720334 0.0
358 -0.015002180342639044 0.0
359 -0.015094688836314681 0.0
360 -0.015187151348950332 0.0
361 -0.01527956759888915 0.0
362 -0.015371937304615212 0.0
363 -0.015464260184754369 0.0
364 -0.015556535958075119 0.0
365 -0.01564876434348945 0.0
366 -0.015740945060053715 0.0
367 -0.015833077826969466 0.0
368 -0.015925162363584305 0.0
369 -0.016017198389392768 0.0
370 -0.016109185624037164 0.0
371 -0.016201123787308418 0.0
372 -0.016293012599146943 0.0
373 -0.01638485177964348 0.0
374 -0.016476641049039963 0.0
375 -0.016568380127730355 0.0
376 -0.01666006873626151 0.0
377 -0.01675170659533403 0.0
378 -0.016843293425803103 0.0
379 -0.016934828948679363 0.0
380 -0.017026312885129725 0.0
381 -0.017117744956478262 0.0
382 -0.01720912488420702 0.0
383 -0.017300452389956894 0.0
384 -0.017391727195528464 0.0
385 -0.017482949022882846 0.0
386 -0.01757411759414253 0.0
387 -0.017665232631592236 0.0
388 -0.01775629385767976 0.0
389 -0.017847300995016815 0.0
390 -0.017938253766379884 0.0
391 -0.01802915189471104 0.0
392 -0.01811999510311883 0.0
393 -0.01821078311487908 0.0
394 -0.018301515653435765 0.0
395 -0.01839219244240184 0.0
396 -0.01848281320556007 0.0
397 -0.018573377666863906 0.0
398 -0.018663885550438287 0.0
399 -0.018754336580580504 0.0
400 -0.01884473048176103 0.0
401 -0.018935066978624376 0.0
402 -0.019025345795989895 0.0
403 -0.019115566658852653 0.0
404 -0.019205729292384264 0.0
405 -0.0192958334219337 0.0
406 -0.019385878773028168 0.0
407 -0.0194758650713739 0.0
408 -0.019565792042857025 0.0
409 -0.019655659413544406 0.0
410 -0.019745466909684435 0.0
411 -0.019835214257707907 0.0
412 -0.019924901184228835 0.0
413 -0.02001452741604529 0.0
414 -0.020104092680140226 0.0
415 -0.020193596703682315 0.0
416 -0.02028303921402677 0.0
417 -0.020372419938716208 0.0
418 -0.02046173860548143 0.0
419 -0.020550994942242298 0.0
420 -0.020640188677108515 0.0
421 -0.020729319538380506 0.0
422 -0.020818387254550215 0.0
423 -0.02090739155430192 0.0
424 -0.020996332166513098 0.0
425 -0.02108520882025522 0.0
426 -0.02117402124479457 0.0
427 -0.021262769169593125 0.0
428 -0.021351452324309295 0.0
429 -0.02144007043879882 0.0
430 -0.02152862324311555 0.0
431 -0.021617110467512288 0.0
432 -0.02170553184244161 0.0
433 -0.02179388709855666 0.0
434 -0.021882175966712016 0.0
435 -0.021970398177964468 0.0
436 -0.02205855346357386 0.0
437 -0.022146641555003906 0.0
438 -0.022234662183923008 0.0
439 -0.022322615082205056 0.0
440 -0.022410499981930274 0.0
441 -0.022498316615386017 0.0
442 -0.02258606471506759 0.0
443 -0.022673744013679057 0.0
444 -0.022761354244134075 0.0
445 -0.02284889513955668 0.0
446 -0.02293636643328214 0.0
447 -0.023023767858857708 0.0
448 -0.02311109915004349 0.0
449 -0.02319836004081323 0.0
450 -0.02328555026535512 0.0
451 -0.02337266955807261 0.0
452 -0.02345971765358524 0.0
453 -0.02354669428672939 0.0
454 -0.02363359919255917 0.0
455 -0.02372043210634717 0.0
456 -0.02380719276358527 0.0
457 -0.02389388089998545 0.0
458 -0.023980496251480625 0.0
459 -0.02406703855422541 0.0
460 -0.02415350754459694 0.0
461 -0.02423990295919568 0.0
462 -0.02432622453484621 0.0
463 -0.02441247200859804 0.0
464 -0.02449864511772641 0.0
465 -0.024584743599733082 0.0
466 -0.024670767192347155 0.0
467 -0.024756715633525838 0.0
468 -0.02484258866145527 0.0
469 -0.024928386014551336 0.0
470 -0.0250141074314604 0.0
471 -0.025099752651060167 0.0
472 -0.025185321412460444 0.0
473 -0.025270813455003947 0.0
474 -0.025356228518267084 0.0
475 -0.025441566342060757 0.0
476 -0.02552682666643116 0.0
477 -0.025612009231660557 0.0
478 -0.025697113778268083 0.0
479 -0.025782140047010533 0.0
480 -0.02586708777888314 0.0
481 -0.025951956715120378 0.0
482 -0.026036746597196757 0.0
483 -0.02612145716682759 0.0
484 -0.026206088165969785 0.0
485 -0.02629063933682265 0.0
486 -0.026375110421828652 0.0
487 -0.026459501163674216 0.0
488 -0.02654381130529051 0.0
489 -0.02662804058985421 0.0
490 -0.02671218876078832 0.0
491 -0.02679625556176291 0.0
492 -0.02688024073669593 0.0
493 -0.026964144029753976 0.0
494 -0.02704796518535306 0.0
495 -0.027131703948159405 0.0
496 -0.027215360063090225 0.0
497 -0.027298933275314477 0.0
498 -0.02738242333025366 0.0
499 -0.02746582997358259 0.0
500 -0.02754915295123018 0.0
501 -0.027632392009380172 0.0
502 -0.027715546894471973 0.0
503 -0.02779861735320138 0.0
504 -0.027881603132521353 0.0
505 -0.027964503979642834 0.0
506 -0.028047319642035464 0.0
507 -0.02813004986742836 0.0
508 -0.028212694403810922 0.0
509 -0.028295252999433557 0.0
510 -0.02837772540280846 0.0
511 -0.028460111362710393 0.0
512 -0.028542410628177427 0.0
513 -0.028624622948511737 0.0
514 -0.02870674807328033 0.0
515 -0.02878878575231583 0.0
516 -0.02887073573571725 0.0
517 -0.028952597773850723 0.0
518 -0.02903437161735029 0.0
519 -0.029116057017118623 0.0
520 -0.029197653724327848 0.0
521 -0.02927916149042024 0.0
522 -0.029360580067108993 0.0
523 -0.02944190920637903 0.0
524 -0.02952314866048767 0.0
525 -0.029604298181965447 0.0
526 -0.029685357523616847 0.0
527 -0.02976632643852106 0.0
528 -0.029847204680032727 0.0
529 -0.0299279920017827 0.0
530 -0.03000868815767878 0.0
531 -0.03008929290190649 0.0
532 -0.0301698059889298 0.0
533 -0.03025022717349189 0.0
534 -0.030330556210615863 0.0
535 -0.030410792855605554 0.0
536 -0.03049093686404623 0.0
537 -0.030570987991805344 0.0
538 -0.03065094599503326 0.0
539 -0.030730810630164057 0.0
540 -0.030810581653916196 0.0
541 -0.0308902588232933 0.0
542 -0.030969841895584906 0.0
543 -0.031049330628367164 0.0
544 -0.031128724779503604 0.0
545 -0.03120802410714588 0.0
546 -0.031287228369734486 0.0
547 -0.031366337325999506 0.0
548 -0.03144535073496133 0.0
549 -0.031524268355931424 0.0
550 -0.03160308994851302 0.0
551 -0.03168181527260189 0.0
552 -0.03176044408838701 0.0
553 -0.03183897615635142 0.0
554 -0.03191741123727278 0.0
555 -0.03199574909222425 0.0
556 -0.03207398948257514 0.0
557 -0.03215213216999164 0.0
558 -0.032230176916437585 0.0
559 -0.03230812348417513 0.0
560 -0.03238597163576553 0.0
561 -0.03246372113406979 0.0
562 -0.03254137174224948 0.0
563 -0.03261892322376736 0.0
564 -0.03269637534238818 0.0
565 -0.03277372786217935 0.0
566 -0.032850980547511684 0.0
567 -0.0329281331630601 0.0
568 -0.03300518547380435 0.0
569 -0.03308213724502973 0.0
570 -0.033158988242327825 0.0
571 -0.03323573823159714 0.0
572 -0.0333123869790439 0.0
573 -0.033388934251182736 0.0
574 -0.03346537981483739 0.0
575 -0.0335417234371414 0.0
576 -0.03361796488553886 0.0
577 -0.033694103927785095 0.0
578 -0.033770140331947376 0.0
579 -0.033846073866405646 0.0
580 -0.03392190429985317 0.0
581 -0.03399763140129731 0.0
582 -0.03407325494006017 0.0
583 -0.03414877468577934 0.0
584 -0.034224190408408586 0.0
585 -0.03429950187821852 0.0
586 -0.03437470886579736 0.0
587 -0.034449811142051576 0.0
588 -0.03452480847820661 0.0
589 -0.034599700645807564 0.0
590 -0.034674487416719926 0.0
591 -0.03474916856313019 0.0
592 -0.034823743857546656 0.0
593 -0.03489821307280004 0.0
594 -0.034972575982044195 0.0
595 -0.0350468323587568 0.0
596 -0.03512098197674006 0.0
597 -0.035195024610121375 0.0
598 -0.03526896003335405 0.0
599 -0.03534278802121795 0.0
600 -0.035416508348820236 0.0
601 -0.035490120791596 0.0
602 -0.03556362512530896 0.0
603 -0.035637021126052194 0.0
604 -0.03571030857024873 0.0
605 -0.03578348723465232 0.0
606 -0.035856556896348056 0.0
607 -0.03592951733275308 0.0
608 -0.03600236832161724 0.0
609 -0.0360751096410238 0.0
610 -0.03614774106939008 0.0
611 -0.03622026238546816 0.0
612 -0.036292673368345525 0.0
613 -0.036364973797445764 0.0
614 -0.03643716345252924 0.0
615 -0.03650924211369374 0.0
616 -0.03658120956137515 0.0
617 -0.03665306557634817 0.0
618 -0.0367248099397269 0.0
619 -0.03679644243296555 0.0
620 -0.03686796283785916 0.0
621 -0.03693937093654415 0.0
622 -0.03701066651149906 0.0
623 -0.03708184934554523 0.0
624 -0.03715291922184738 0.0
625 -0.03722387592391435 0.0
626 -0.037294719235599724 0.0
627 -0.03736544894110249 0.0
628 -0.03743606482496768 0.0
629 -0.03750656667208709 0.0
630 -0.03757695426769985 0.0
631 -0.03764722739739314 0.0
632 -0.037717385847102824 0.0
633 -0.037787429403114095 0.0
634 -0.03785735785206214 0.0
635 -0.03792717098093276 0.0
636 -0.037996868577063074 0.0
637 -0.038066450428142114 0.0
638 -0.038135916322211486 0.0
639 -0.03820526604766603 0.0
640 -0.03827449939325447 0.0
641 -0.03834361614808001 0.0
642 -0.03841261610160104 0.0
643 -0.038481499043631726 0.0
644 -0.0385502647643427 0.0
645 -0.03861891305426163 0.0
646 -0.03868744370427392 0.0
647 -0.03875585650562334 0.0
648 -0.03882415124991262 0.0
649 -0.038892327729104136 0.0
650 -0.0389603857355205 0.0
651 -0.03902832506184522 0.0
652 -0.039096145501123336 0.0
653 -0.03916384684676202 0.0
654 -0.039231428892531235 0.0
655 -0.03929889143256435 0.0
656 -0.03936623426135876 0.0
657 -0.03943345717377655 0.0
658 -0.039500559965045035 0.0
659 -0.03956754243075752 0.0
660 -0.03963440436687376 0.0
661 -0.03970114556972072 0.0
662 -0.039767765835993125 0.0
663 -0.039834264962754086 0.0
664 -0.039900642747435724 0.0
665 -0.039966898987839804 0.0
666 -0.04003303348213832 0.0
667 -0.04009904602887413 0.0
668 -0.04016493642696159 0.0
669 -0.04023070447568709 0.0
670 -0.04029634997470977 0.0
671 -0.04036187272406205 0.0
672 -0.04042727252415027 0.0
673 -0.0404925491757553 0.0
674 -0.04055770248003314 0.0
675 -0.040622732238515515 0.0
676 -0.04068763825311051 0.0
677 -0.04075242032610315 0.0
678 -0.040817078260156 0.0
679 -0.040881611858309796 0.0
680 -0.04094602092398398 0.0
681 -0.0410103052609774 0.0
682 -0.041074464673468786 0.0
683 -0.041138498966017456 0.0
684 -0.041202407943563855 0.0
685 -0.04126619141143013 0.0
686 -0.04132984917532081 0.0
687 -0.04139338104132327 0.0
688 -0.04145678681590847 0.0
689 -0.041520066305931386 0.0
690 -0.04158321931863174 0.0
691 -0.041646245661634496 0.0
692 -0.04170914514295048 0.0
693 -0.04177191757097697 0.0
694 -0.04183456275449826 0.0
695 -0.041897080502686264 0.0
696 -0.04195947062510105 0.0
697 -0.04202173293169152 0.0
698 -0.04208386723279589 0.0
699 -0.04214587333914228 0.0
700 -0.04220775106184935 0.0
701 -0.04226950021242682 0.0
702 -0.04233112060277607 0.0
703 -0.042392612045190715 0.0
704 -0.04245397435235714 0.0
705 -0.04251520733735513 0.0
706 -0.04257631081365838 0.0
707 -0.04263728459513512 0.0
708 -0.04269812849604862 0.0
709 -0.042758842331057825 0.0
710 -0.04281942591521785 0.0
711 -0.042879879063980594 0.0
712 -0.04294020159319529 0.0
713 -0.043000393319109036 0.0
714 -0.04306045405836741 0.0
715 -0.04312038362801498 0.0
716 -0.043180181845495894 0.0
717 -0.04323984852865438 0.0
718 -0.04329938349573541 0.0
719 -0.043358786565385124 0.0
720 -0.043418057556651485 0.0
721 -0.043477196288984776 0.0
722 -0.043536202582238136 0.0
723 -0.0435950762566682 0.0
724 -0.04365381713293552 0.0
725 -0.04371242503210521 0.0
726 -0.04377089977564744 0.0
727 -0.043829241185438 0.0
728 -0.04388744908375884 0.0
729 -0.04394552329329861 0.0
730 -0.0440034636371532 0.0
731 -0.04406126993882626 0.0
732 -0.04411894202222978 0.0
733 -0.044176479711684584 0.0
734 -0.044233882831920916 0.0
735 -0.04429115120807888 0.0
736 -0.044348284665709094 0.0
737 -0.04440528303077314 0.0
738 -0.0444621461296441 0.0
739 -0.04451887378910712 0.0
740 -0.04457546583635991 0.0
741 -0.04463192209901328 0.0
742 -0.044688242405091665 0.0
743 -0.04474442658303364 0.0
744 -0.044800474461692455 0.0
745 -0.04485638587033656 0.0
746 -0.044912160638650105 0.0
747 -0.044967798596733465 0.0
748 -0.04502329957510379 0.0
749 -0.04507866340469545 0.0
750 -0.04513388991686063 0.0
751 -0.0451889789433698 0.0
752 -0.04524393031641222 0.0
753 -0.045298743868596496 0.0
754 -0.04535341943295103 0.0
755 -0.04540795684292457 0.0
756 -0.045462355932386705 0.0
757 -0.045516616535628385 0.0
758 -0.0455707384873624 0.0
759 -0.045624721622723886 0.0
760 -0.04567856577727087 0.0
761 -0.0457322707869847 0.0
762 -0.045785836488270615 0.0
763 -0.04583926271795819 0.0
764 -0.04589254931330189 0.0
765 -0.04594569611198146 0.0
766 -0.04599870295210257 0.0
767 -0.04605156967219718 0.0
768 -0.0461042961112241 0.0
769 -0.04615688210856945 0.0
770 -0.04620932750404714 0.0
771 -0.046261632137899425 0.0
772 -0.04631379585079732 0.0
773 -0.046365818483841095 0.0
774 -0.0464176998785608 0.0
775 -0.0464694398769167 0.0
776 -0.04652103832129979 0.0
777 -0.04657249505453226 0.0
778 -0.04662380991986798 0.0
779 -0.046674982760992974 0.0
780 -0.046726013422025876 0.0
781 -0.04677690174751846 0.0
782 -0.046827647582456056 0.0
783 -0.046878250772258045 0.0
784 -0.046928711162778344 0.0
785 -0.04697902860030585 0.0
786 -0.047029202931564915 0.0
787 -0.04707923400371584 0.0
788 -0.04712912166435528 0.0
789 -0.04717886576151679 0.0
790 -0.04722846614367121 0.0
791 -0.04727792265972718 0.0
792 -0.047327235159031575 0.0
793 -0.04737640349136996 0.0
794 -0.047425427506967086 0.0
795 -0.04747430705648728 0.0
796 -0.04752304199103498 0.0
797 -0.047571632162155104 0.0
798 -0.047620077421833565 0.0
799 -0.04766837762249772 0.0
800 -0.047716532617016756 0.0
801 -0.04776454225870222 0.0
802 -0.04781240640130842 0.0
803 -0.04786012489903287 0.0
804 -0.047907697606516766 0.0
805 -0.047955124378845373 0.0
806 -0.048002405071548515 0.0
807 -0.04804953954060102 0.0
808 -0.048096527642423115 0.0
809 -0.048143369233880885 0.0
810 -0.048190064172286724 0.0
811 -0.04823661231539975 0.0
812 -0.04828301352142626 0.0
813 -0.048329267649020104 0.0
814 -0.04837537455728321 0.0
815 -0.04842133410576594 0.0
816 -0.04846714615446753 0.0
817 -0.04851281056383654 0.0
818 -0.04855832719477125 0.0
819 -0.048603695908620126 0.0
820 -0.048648916567182184 0.0
821 -0.048693989032707455 0.0
822 -0.048738913167897406 0.0
823 -0.04878368883590531 0.0
824 -0.04882831590033674 0.0
825 -0.04887279422524989 0.0
826 -0.048917123675156104 0.0
827 -0.04896130411502016 0.0
828 -0.04900533541026079 0.0
829 -0.04904921742675102 0.0
830 -0.049092950030818636 0.0
831 -0.04913653308924654 0.0
832 -0.04917996646927316 0.0
833 -0.0492232500385929 0.0
834 -0.049266383665356496 0.0
835 -0.04930936721817146 0.0
836 -0.04935220056610241 0.0
837 -0.04939488357867154 0.0
838 -0.04943741612585901 0.0
839 -0.04947979807810329 0.0
840 -0.049522029306301625 0.0
841 -0.049564109681810346 0.0
842 -0.04960603907644534 0.0
843 -0.0496478173624824 0.0
844 -0.049689444412657616 0.0
845 -0.04973092010016779 0.0
846 -0.04977224429867077 0.0
847 -0.049813416882285876 0.0
848 -0.0498544377255943 0.0
849 -0.04989530670363942 0.0
850 -0.04993602369192724 0.0
851 -0.04997658856642677 0.0
852 -0.050017001203570347 0.0
853 -0.05005726148025408 0.0
854 -0.05009736927383819 0.0
855 -0.05013732446214737 0.0
856 -0.0501771269234712 0.0
857 -0.050216776536564464 0.0
858 -0.050256273180647584 0.0
859 -0.05029561673540691 0.0
860 -0.05033480708099517 0.0
861 -0.050373844098031764 0.0
862 -0.05041272766760317 0.0
863 -0.0504514576712633 0.0
864 -0.050490033991033835 0.0
865 -0.05052845650940462 0.0
866 -0.050566725109334 0.0
867 -0.050604839674249176 0.0
868 -0.05064280008804659 0.0
869 -0.05068060623509222 0.0
870 -0.050718258000222005 0.0
871 -0.05075575526874212 0.0
872 -0.050793097926429394 0.0
873 -0.05083028585953161 0.0
874 -0.05086731895476787 0.0
875 -0.05090419709932895 0.0
876 -0.05094092018087763 0.0
877 -0.05097748808754903 0.0
878 -0.05101390070795096 0.0
879 -0.051050157931164276 0.0
880 -0.05108625964674317 0.0
881 -0.05112220574471558 0.0
882 -0.05115799611558343 0.0
883 -0.05119363065032306 0.0
884 -0.05122910924038549 0.0
885 -0.0512644317776968 0.0
886 -0.05129959815465839 0.0
887 -0.05133460826414739 0.0
888 -0.05136946199951694 0.0
889 -0.0514041592545965 0.0
890 -0.05143869992369223 0.0
891 -0.05147308390158726 0.0
892 -0.05150731108354203 0.0
893 -0.0515413813652946 0.0
894 -0.05157529464306098 0.0
895 -0.05160905081353546 0.0
896 -0.051642649773890874 0.0
897 -0.05167609142177898 0.0
898 -0.05170937565533071 0.0
899 -0.05174250237315651 0.0
900 -0.05177547147434666 0.0
901 -0.05180828285847156 0.0
902 -0.051840936425582046 0.0
903 -0.05187343207620969 0.0
904 -0.05190576971136709 0.0
905 -0.051937949232548214 0.0
906 -0.05196997054172866 0.0
907 -0.052001833541365956 0.0
908 -0.05203353813439989 0.0
909 -0.05206508422425278 0.0
910 -0.05209647171482975 0.0
911 -0.05212770051051907 0.0
912 -0.05215877051619241 0.0
913 -0.052189681637205144 0.0
914 -0.05222043377939663 0.0
915 -0.05225102684909052 0.0
916 -0.05228146075309501 0.0
917 -0.05231173539870316 0.0
918 -0.05234185069369314 0.0
919 -0.052371806546328545 0.0
920 -0.05240160286535865 0.0
921 -0.052431239560018696 0.0
922 -0.052460716540030185 0.0
923 -0.052490033715601105 0.0
924 -0.05251919099742627 0.0
925 -0.05254818829668753 0.0
926 -0.05257702552505409 0.0
927 -0.05260570259468276 0.0
928 -0.05263421941821819 0.0
929 -0.05266257590879322 0.0
930 -0.052690771980029034 0.0
931 -0.05271880754603553 0.0
932 -0.05274668252141149 0.0
933 -0.05277439682124493 0.0
934 -0.052801950361113265 0.0
935 -0.052829343057083644 0.0
936 -0.05285657482571316 0.0
937 -0.05288364558404913 0.0
938 -0.05291055524962932 0.0
939 -0.05293730374048224 0.0
940 -0.05296389097512733 0.0
941 -0.05299031687257527 0.0
942 -0.053016581352328195 0.0
943 -0.05304268433437993 0.0
944 -0.05306862573921629 0.0
945 -0.05309440548781522 0.0
946 -0.05312002350164718 0.0
947 -0.053145479702675226 0.0
948 -0.05317077401335536 0.0
949 -0.05319590635663674 0.0
950 -0.053220876655961875 0.0
951 -0.053245684835266906 0.0
952 -0.05327033081898181 0.0
953 -0.05329481453203066 0.0
954 -0.05331913589983181 0.0
955 -0.05334329484829817 0.0
956 -0.05336729130383737 0.0
957 -0.05339112519335206 0.0
958 -0.05341479644424008 0.0
959 -0.05343830498439469 0.0
960 -0.053461650742204804 0.0
961 -0.05348483364655519 0.0
962 -0.053507853626826696 0.0
963 -0.05353071061289648 0.0
964 -0.0535534045351382 0.0
965 -0.053575935324422216 0.0
966 -0.05359830291211586 0.0
967 -0.05362050723008357 0.0
968 -0.05364254821068713 0.0
969 -0.05366442578678591 0.0
970 -0.05368613989173701 0.0
971 -0.0537076904593955 0.0
972 -0.053729077424114625 0.0
973 -0.05375030072074597 0.0
974 -0.053771360284639684 0.0
975 -0.05379225605164471 0.0
976 -0.0538129879581089 0.0
977 -0.05383355594087926 0.0
978 -0.05385395993730217 0.0
979 -0.05387419988522351 0.0
980 -0.05389427572298889 0.0
981 -0.05391418738944382 0.0
982 -0.05393393482393391 0.0
983 -0.05395351796630506 0.0
984 -0.05397293675690362 0.0
985 -0.053992191136576585 0.0
986 -0.05401128104667177 0.0
987 -0.054030206429038004 0.0
988 -0.054048967226025285 0.0
989 -0.054067563380484976 0.0
990 -0.054085994835769965 0.0
991 -0.05410426153573484 0.0
992 -0.054122363424736065 0.0
993 -0.054140300447632156 0.0
994 -0.054158072549783824 0.0
995 -0.05417567967705415 0.0
996 -0.0541931217758088 0.0
997 -0.054210398792916094 0.0
998 -0.05422751067574725 0.0
999 -0.0542444573721765 0.0
1000 -0.05426123883058127 0.0
1001 -0.054277854999842334 0.0
1002 -0.05429430582934394 0.0
1003 -0.054310591268974036 0.0
1004 -0.05432671126912433 0.0
1005 -0.05434266578069051 0.0
1006 -0.05435845475507236 0.0
1007 -0.054374078144173936 0.0
1008 -0.054389535900403685 0.0
1009 -0.0544048279766746 0.0
1010 -0.05441995432640436 0.0
1011 -0.05443491490351548 0.0
1012 -0.05444970966243545 0.0
1013 -0.054464338558096875 0.0
1014 -0.05447880154593759 0.0
1015 -0.05449309858190084 0.0
1016 -0.05450722962243536 0.0
1017 -0.05452119462449555 0.0
1018 -0.0545349935455416 0.0
1019 -0.0545486263435396 0.0
1020 -0.05456209297696169 0.0
1021 -0.054575393404786156 0.0
1022 -0.0545885275864976 0.0
1023 -0.05460149548208702 0.0
1024 -0.05461429705205196 0.0
1025 -0.054626932257396614 0.0
1026 -0.054639401059631956 0.0
1027 -0.05465170342077586 0.0
1028 -0.054663839303353196 0.0
1029 -0.05467580867039595 0.0
1030 -0.05468761148544337 0.0
1031 -0.05469924771254203 0.0
1032 -0.05471071731624596 0.0
1033 -0.05472202026161676 0.0
1034 -0.054733156514223696 0.0
1035 -0.054744126040143816 0.0
1036 -0.05475492880596204 0.0
1037 -0.05476556477877127 0.0
1038 -0.05477603392617249 0.0
1039 -0.05478633621627485 0.0
1040 -0.054796471617695804 0.0
1041 -0.054806440099561156 0.0
1042 -0.05481624163150517 0.0
1043 -0.05482587618367069 0.0
1044 -0.05483534372670921 0.0
1045 -0.05484464423178093 0.0
1046 -0.05485377767055492 0.0
1047 -0.054862744015209124 0.0
1048 -0.054871543238430506 0.0
1049 -0.05488017531341511 0.0
1050 -0.05488864021386814 0.0
1051 -0.05489693791400404 0.0
1052 -0.05490506838854657 0.0
1053 -0.054913031612728896 0.0
1054 -0.05492082756229366 0.0
1055 -0.05492845621349305 0.0
1056 -0.05493591754308887 0.0
1057 -0.05494321152835261 0.0
1058 -0.054950338147065535 0.0
1059 -0.05495729737751871 0.0
1060 -0.05496408919851314 0.0
1061 -0.05497071358935974 0.0
1062 -0.05497717052987947 0.0
1063 -0.054983460000403384 0.0
1064 -0.05498958198177264 0.0
1065 -0.05499553645533863 0.0
1066 -0.05500132340296301 0.0
1067 -0.05500694280701772 0.0
1068 -0.05501239465038508 0.0
1069 -0.055017678916457834 0.0
1070 -0.05502279558913918 0.0
1071 -0.05502774465284287 0.0
1072 -0.05503252609249317 0.0
1073 -0.05503713989352501 0.0
1074 -0.05504158604188393 0.0
1075 -0.055045864524026204 0.0
1076 -0.05504997532691883 0.0
1077 -0.05505391843803959 0.0
1078 -0.055057693845377086 0.0
1079 -0.05506130153743077 0.0
1080 -0.05506474150321099 0.0
1081 -0.055068013732239005 0.0
1082 -0.05507111821454704 0.0
1083 -0.05507405494067831 0.0
1084 -0.05507682390168704 0.0
1085 -0.05507942508913848 0.0
1086 -0.05508185849510898 0.0
1087 -0.05508412411218595 0.0
1088 -0.05508622193346794 0.0
1089 -0.0550881519525646 0.0
1090 -0.055089914163596786 0.0
1091 -0.05509150856119647 0.0
1092 -0.055092935140506866 0.0
1093 -0.05509419389718234 0.0
1094 -0.05509528482738853 0.0
1095 -0.055096207927802246 0.0
1096 -0.055096963195611574 0.0
1097 -0.055097550628515846 0.0
1098 -0.05509797022472564 0.0
1099 -0.05509822198296277 0.0
1100 -0.055098305902460364 0.0
1101 -0.05509822198296277 0.0
1102 -0.05509797022472564 0.0
1103 -0.055097550628515846 0.0
1104 -0.055096963195611574 0.0
1105 -0.055096207927802246 0.0
1106 -0.05509528482738853 0.0
1107 -0.05509419389718234 0.0
1108 -0.055092935140506866 0.0
1109 -0.05509150856119647 0.0
1110 -0.055089914163596786 0.0
1111 -0.0550881519525646 0.0
1112 -0.05508622193346794 0.0
1113 -0.05508412411218595 0.0
1114 -0.05508185849510898 0.0
1115 -0.05507942508913848 0.0
1116 -0.05507682390168704 0.0
1117 -0.05507405494067831 0.0
1118 -0.05507111821454704 0.0
1119 -0.055068013732239005 0.0
1120 -0.05506474150321099 0.0
1121 -0.05506130153743077 0.0
1122 -0.055057693845377086 0.0
1123 -0.05505391843803959 0.0
1124 -0.05504997532691883 0.0
1125 -0.055045864524026204 0.0
1126 -0.05504158604188393 0.0
1127 -0.05503713989352501 0.0
1128 -0.05503252609249317 0.0
1129 -0.05502774465284287 0.0
1130 -0.05502279558913918 0.0
1131 -0.055017678916457834 0.0
1132 -0.05501239465038508 0.0
1133 -0.05500694280701772 0.0
1134 -0.055001323402963015 0.0
1135 -0.05499553645533863 0.0
1136 -0.05498958198177264 0.0
1137 -0.054983460000403384 0.0
1138 -0.05497717052987947 0.0
1139 -0.05497071358935974 0.0
1140 -0.05496408919851314 0.0
1141 -0.05495729737751871 0.0
1142 -0.054950338147065535 0.0
1143 -0.05494321152835261 0.0
1144 -0.05493591754308887 0.0
1145 -0.05492845621349305 0.0
1146 -0.05492082756229366 0.0
1147 -0.054913031612728896 0.0
1148 -0.05490506838854657 0.0
1149 -0.05489693791400404 0.0
1150 -0.05488864021386814 0.0
1151 -0.05488017531341511 0.0
1152 -0.054871543238430506 0.0
1153 -0.054862744015209124 0.0
1154 -0.05485377767055492 0.0
1155 -0.05484464423178094 0.0
1156 -0.05483534372670921 0.0
1157 -0.0548258761836707 0.0
1158 -0.05481624163150517 0.0
1159 -0.054806440099561156 0.0
1160 -0.054796471617695804 0.0
1161 -0.05478633621627485 0.0
1162 -0.05477603392617249 0.0
1163 -0.05476556477877127 0.0
1164 -0.05475492880596204 0.0
1165 -0.054744126040143816 0.0
1166 -0.054733156514223696 0.0
1167 -0.05472202026161676 0.0
1168 -0.05471071731624596 0.0
1169 -0.05469924771254203 0.0
1170 -0.05468761148544338 0.0
1171 -0.05467580867039596 0.0
1172 -0.05466383930335319 0.0
1173 -0.05465170342077586 0.0
1174 -0.054639401059631956 0.0
1175 -0.05462693225739662 0.0
1176 -0.05461429705205196 0.0
1177 -0.05460149548208702 0.0
1178 -0.0545885275864976 0.0
1179 -0.05457539340478616 0.0
1180 -0.05456209297696169 0.0
1181 -0.0545486263435396 0.0
1182 -0.0545349935455416 0.0
1183 -0.05452119462449555 0.0
1184 -0.05450722962243536 0.0
1185 -0.05449309858190084 0.0
1186 -0.054478801545937594 0.0
1187 -0.054464338558096875 0.0
1188 -0.05444970966243545 0.0
1189 -0.05443491490351548 0.0
1190 -0.054419954326404354 0.0
1191 -0.0544048279766746 0.0
1192 -0.054389535900403685 0.0
1193 -0.05437407814417394 0.0
1194 -0.054358454755072366 0.0
1195 -0.05434266578069051 0.0
1196 -0.054326711269124334 0.0
1197 -0.054310591268974036 0.0
1198 -0.05429430582934395 0.0
1199 -0.05427785499984233 0.0
1200 -0.05426123883058127 0.0
1201 -0.0542444573721765 0.0
1202 -0.05422751067574725 0.0
1203 -0.054210398792916094 0.0
1204 -0.0541931217758088 0.0
1205 -0.05417567967705416 0.0
1206 -0.054158072549783824 0.0
1207 -0.054140300447632156 0.0
1208 -0.054122363424736065 0.0
1209 -0.05410426153573484 0.0
1210 -0.054085994835769965 0.0
1211 -0.05406756338048498 0.0
1212 -0.05404896722602529 0.0
1213 -0.054030206429038004 0.0
1214 -0.05401128104667177 0.0
1215 -0.053992191136576585 0.0
1216 -0.05397293675690362 0.0
1217 -0.05395351796630507 0.0
1218 -0.05393393482393391 0.0
1219 -0.05391418738944382 0.0
1220 -0.05389427572298889 0.0
1221 -0.05387419988522351 0.0
1222 -0.05385395993730217 0.0
1223 -0.05383355594087926 0.0
1224 -0.0538129879581089 0.0
1225 -0.05379225605164471 0.0
1226 -0.05377136028463969 0.0
1227 -0.05375030072074597 0.0
1228 -0.053729077424114625 0.0
1229 -0.0537076904593955 0.0
1230 -0.05368613989173701 0.0
1231 -0.05366442578678591 0.0
1232 -0.05364254821068713 0.0
1233 -0.05362050723008357 0.0
1234 -0.05359830291211586 0.0
1235 -0.05357593532442222 0.0
1236 -0.05355340453513819 0.0
1237 -0.05353071061289648 0.0
1238 -0.053507853626826696 0.0
1239 -0.05348483364655519 0.0
1240 -0.053461650742204804 0.0
1241 -0.05343830498439469 0.0
1242 -0.05341479644424008 0.0
1243 -0.05339112519335206 0.0
1244 -0.053367291303837376 0.0
1245 -0.05334329484829817 0.0
1246 -0.05331913589983182 0.0
1247 -0.053294814532030665 0.0
1248 -0.05327033081898181 0.0
1249 -0.053245684835266906 0.0
1250 -0.053220876655961875 0.0
1251 -0.05319590635663674 0.0
1252 -0.05317077401335537 0.0
1253 -0.05314547970267523 0.0
1254 -0.05312002350164718 0.0
1255 -0.05309440548781522 0.0
1256 -0.05306862573921629 0.0
1257 -0.05304268433437993 0.0
1258 -0.053016581352328195 0.0
1259 -0.05299031687257527 0.0
1260 -0.05296389097512733 0.0
1261 -0.05293730374048224 0.0
1262 -0.05291055524962933 0.0
1263 -0.052883645584049135 0.0
1264 -0.05285657482571316 0.0
1265 -0.052829343057083644 0.0
1266 -0.052801950361113265 0.0
1267 -0.052774396821244934 0.0
1268 -0.05274668252141149 0.0
1269 -0.05271880754603553 0.0
1270 -0.05269077198002904 0.0
1271 -0.052662575908793224 0.0
1272 -0.0526342194182182 0.0
1273 -0.05260570259468276 0.0
1274 -0.0525770255250541 0.0
1275 -0.05254818829668753 0.0
1276 -0.05251919099742627 0.0
1277 -0.052490033715601105 0.0
1278 -0.052460716540030185 0.0
1279 -0.052431239560018696 0.0
1280 -0.05240160286535866 0.0
1281 -0.05237180654632855 0.0
1282 -0.05234185069369314 0.0
1283 -0.052311735398703166 0.0
1284 -0.05228146075309501 0.0
1285 -0.052251026849090526 0.0
1286 -0.05222043377939663 0.0
1287 -0.052189681637205144 0.0
1288 -0.05215877051619241 0.0
1289 -0.05212770051051908 0.0
1290 -0.052096471714829756 0.0
1291 -0.05206508422425278 0.0
1292 -0.0520335381343999 0.0
1293 -0.05200183354136596 0.0
1294 -0.05196997054172866 0.0
1295 -0.051937949232548214 0.0
1296 -0.05190576971136709 0.0
1297 -0.05187343207620969 0.0
1298 -0.051840936425582046 0.0
1299 -0.05180828285847157 0.0
1300 -0.05177547147434667 0.0
1301 -0.05174250237315651 0.0
1302 -0.05170937565533071 0.0
1303 -0.05167609142177899 0.0
1304 -0.05164264977389088 0.0
1305 -0.05160905081353546 0.0
1306 -0.05157529464306098 0.0
1307 -0.0515413813652946 0.0
1308 -0.05150731108354203 0.0
1309 -0.05147308390158726 0.0
1310 -0.05143869992369223 0.0
1311 -0.05140415925459651 0.0
1312 -0.05136946199951694 0.0
1313 -0.051334608264147395 0.0
1314 -0.05129959815465839 0.0
1315 -0.0512644317776968 0.0
1316 -0.05122910924038549 0.0
1317 -0.05119363065032306 0.0
1318 -0.051157996115583436 0.0
1319 -0.05112220574471557 0.0
1320 -0.051086259646743175 0.0
1321 -0.051050157931164276 0.0
1322 -0.05101390070795097 0.0
1323 -0.050977488087549025 0.0
1324 -0.05094092018087763 0.0
1325 -0.05090419709932895 0.0
1326 -0.05086731895476788 0.0
1327 -0.050830285859531615 0.0
1328 -0.050793097926429394 0.0
1329 -0.050755755268742125 0.0
1330 -0.050718258000222005 0.0
1331 -0.05068060623509223 0.0
1332 -0.05064280008804659 0.0
1333 -0.05060483967424918 0.0
1334 -0.05056672510933401 0.0
1335 -0.05052845650940462 0.0
1336 -0.050490033991033835 0.0
1337 -0.05045145767126331 0.0
1338 -0.05041272766760317 0.0
1339 -0.05037384409803177 0.0
1340 -0.05033480708099518 0.0
1341 -0.05029561673540692 0.0
1342 -0.05025627318064758 0.0
1343 -0.05021677653656447 0.0
1344 -0.0501771269234712 0.0
1345 -0.05013732446214738 0.0
1346 -0.0500973692738382 0.0
1347 -0.05005726148025408 0.0
1348 -0.05001700120357034 0.0
1349 -0.04997658856642677 0.0
1350 -0.04993602369192725 0.0
1351 -0.04989530670363941 0.0
1352 -0.049854437725594294 0.0
1353 -0.04981341688228588 0.0
1354 -0.04977224429867077 0.0
1355 -0.04973092010016779 0.0
1356 -0.049689444412657616 0.0
1357 -0.0496478173624824 0.0
1358 -0.04960603907644534 0.0
1359 -0.04956410968181035 0.0
1360 -0.049522029306301625 0.0
1361 -0.0494797980781033 0.0
1362 -0.049437416125859016 0.0
1363 -0.04939488357867154 0.0
1364 -0.049352200566102414 0.0
1365 -0.04930936721817145 0.0
1366 -0.0492663836653565 0.0
1367 -0.0492232500385929 0.0
1368 -0.04917996646927317 0.0
1369 -0.04913653308924654 0.0
1370 -0.04909295003081864 0.0
1371 -0.04904921742675103 0.0
1372 -0.049005335410260795 0.0
1373 -0.04896130411502017 0.0
1374 -0.048917123675156104 0.0
1375 -0.048872794225249906 0.0
1376 -0.04882831590033675 0.0
1377 -0.04878368883590532 0.0
1378 -0.048738913167897406 0.0
1379 -0.04869398903270746 0.0
1380 -0.04864891656718219 0.0
1381 -0.048603695908620126 0.0
1382 -0.04855832719477126 0.0
1383 -0.04851281056383654 0.0
1384 -0.04846714615446753 0.0
1385 -0.04842133410576594 0.0
1386 -0.04837537455728321 0.0
1387 -0.0483292676490201 0.0
1388 -0.04828301352142625 0.0
1389 -0.04823661231539975 0.0
1390 -0.04819006417228673 0.0
1391 -0.04814336923388089 0.0
1392 -0.04809652764242311 0.0
1393 -0.04804953954060102 0.0
1394 -0.04800240507154852 0.0
1395 -0.047955124378845373 0.0
1396 -0.04790769760651677 0.0
1397 -0.04786012489903287 0.0
1398 -0.04781240640130842 0.0
1399 -0.047764542258702226 0.0
1400 -0.047716532617016756 0.0
1401 -0.04766837762249771 0.0
1402 -0.047620077421833565 0.0
1403 -0.047571632162155104 0.0
1404 -0.047523041991034985 0.0
1405 -0.047474307056487294 0.0
1406 -0.047425427506967086 0.0
1407 -0.04737640349136997 0.0
1408 -0.04732723515903158 0.0
1409 -0.04727792265972719 0.0
1410 -0.04722846614367121 0.0
1411 -0.04717886576151679 0.0
1412 -0.04712912166435529 0.0
1413 -0.047079234003715845 0.0
1414 -0.047029202931564935 0.0
1415 -0.04697902860030586 0.0
1416 -0.04692871116277835 0.0
1417 -0.04687825077225806 0.0
1418 -0.046827647582456056 0.0
1419 -0.046776901747518466 0.0
1420 -0.04672601342202588 0.0
1421 -0.04667498276099297 0.0
1422 -0.04662380991986798 0.0
1423 -0.046572495054532266 0.0
1424 -0.046521038321299786 0.0
1425 -0.04646943987691669 0.0
1426 -0.04641769987856079 0.0
1427 -0.046365818483841095 0.0
1428 -0.046313795850797326 0.0
1429 -0.046261632137899425 0.0
1430 -0.04620932750404714 0.0
1431 -0.04615688210856945 0.0
1432 -0.0461042961112241 0.0
1433 -0.04605156967219718 0.0
1434 -0.04599870295210257 0.0
1435 -0.04594569611198147 0.0
1436 -0.04589254931330189 0.0
1437 -0.045839262717958205 0.0
1438 -0.045785836488270615 0.0
1439 -0.045732270786984705 0.0
1440 -0.04567856577727087 0.0
1441 -0.04562472162272389 0.0
1442 -0.04557073848736241 0.0
1443 -0.045516616535628385 0.0
1444 -0.04546235593238671 0.0
1445 -0.04540795684292458 0.0
1446 -0.045353419432951035 0.0
1447 -0.045298743868596496 0.0
1448 -0.04524393031641223 0.0
1449 -0.045188978943369804 0.0
1450 -0.04513388991686064 0.0
1451 -0.04507866340469546 0.0
1452 -0.04502329957510379 0.0
1453 -0.04496779859673348 0.0
1454 -0.04491216063865012 0.0
1455 -0.044856385870336565 0.0
1456 -0.044800474461692455 0.0
1457 -0.044744426583033646 0.0
1458 -0.04468824240509166 0.0
1459 -0.044631922099013274 0.0
1460 -0.04457546583635991 0.0
1461 -0.04451887378910711 0.0
1462 -0.044462146129644095 0.0
1463 -0.04440528303077314 0.0
1464 -0.0443482846657091 0.0
1465 -0.04429115120807889 0.0
1466 -0.04423388283192091 0.0
1467 -0.04417647971168459 0.0
1468 -0.04411894202222978 0.0
1469 -0.04406126993882627 0.0
1470 -0.04400346363715319 0.0
1471 -0.04394552329329861 0.0
1472 -0.04388744908375885 0.0
1473 -0.04382924118543801 0.0
1474 -0.04377089977564745 0.0
1475 -0.04371242503210521 0.0
1476 -0.04365381713293552 0.0
1477 -0.043595076256668204 0.0
1478 -0.04353620258223815 0.0
1479 -0.04347719628898477 0.0
1480 -0.04341805755665149 0.0
1481 -0.04335878656538513 0.0
1482 -0.04329938349573542 0.0
1483 -0.043239848528654395 0.0
1484 -0.043180181845495894 0.0
1485 -0.04312038362801499 0.0
1486 -0.04306045405836743 0.0
1487 -0.04300039331910905 0.0
1488 -0.04294020159319531 0.0
1489 -0.0428798790639806 0.0
1490 -0.04281942591521786 0.0
1491 -0.04275884233105784 0.0
1492 -0.04269812849604863 0.0
1493 -0.042637284595135126 0.0
1494 -0.04257631081365839 0.0
1495 -0.04251520733735512 0.0
1496 -0.04245397435235714 0.0
1497 -0.04239261204519072 0.0
1498 -0.042331120602776065 0.0
1499 -0.04226950021242682 0.0
1500 -0.04220775106184935 0.0
1501 -0.042145873339142284 0.0
1502 -0.042083867232795884 0.0
1503 -0.04202173293169152 0.0
1504 -0.04195947062510105 0.0
1505 -0.041897080502686264 0.0
1506 -0.04183456275449827 0.0
1507 -0.041771917570976966 0.0
1508 -0.04170914514295048 0.0
1509 -0.0416462456616345 0.0
1510 -0.04158321931863175 0.0
1511 -0.041520066305931386 0.0
1512 -0.04145678681590847 0.0
1513 -0.04139338104132328 0.0
1514 -0.041329849175320815 0.0
1515 -0.04126619141143014 0.0
1516 -0.04120240794356385 0.0
1517 -0.041138498966017456 0.0
1518 -0.04107446467346879 0.0
1519 -0.0410103052609774 0.0
1520 -0.040946020923984 0.0
1521 -0.040881611858309796 0.0
1522 -0.040817078260156014 0.0
1523 -0.04075242032610316 0.0
1524 -0.040687638253110524 0.0
1525 -0.040622732238515515 0.0
1526 -0.040557702480033146 0.0
1527 -0.04049254917575531 0.0
1528 -0.040427272524150286 0.0
1529 -0.04036187272406205 0.0
1530 -0.04029634997470978 0.0
1531 -0.04023070447568711 0.0
1532 -0.04016493642696158 0.0
1533 -0.04009904602887414 0.0
1534 -0.04003303348213832 0.0
1535 -0.0399668989878398 0.0
1536 -0.039900642747435724 0.0
1537 -0.039834264962754086 0.0
1538 -0.03976776583599313 0.0
1539 -0.039701145569720715 0.0
1540 -0.03963440436687376 0.0
1541 -0.03956754243075752 0.0
1542 -0.03950055996504505 0.0
1543 -0.03943345717377655 0.0
1544 -0.039366234261358754 0.0
1545 -0.03929889143256435 0.0
1546 -0.039231428892531235 0.0
1547 -0.03916384684676203 0.0
1548 -0.03909614550112333 0.0
1549 -0.03902832506184522 0.0
1550 -0.038960385735520506 0.0
1551 -0.03889232772910414 0.0
1552 -0.03882415124991264 0.0
1553 -0.03875585650562334 0.0
1554 -0.038687443704273926 0.0
1555 -0.038618913054261635 0.0
1556 -0.03855026476434271 0.0
1557 -0.038481499043631726 0.0
1558 -0.038412616101601044 0.0
1559 -0.03834361614808002 0.0
1560 -0.03827449939325448 0.0
1561 -0.03820526604766605 0.0
1562 -0.038135916322211486 0.0
1563 -0.038066450428142114 0.0
1564 -0.03799686857706309 0.0
1565 -0.037927170980932776 0.0
1566 -0.037857357852062144 0.0
1567 -0.03778742940311411 0.0
1568 -0.03771738584710284 0.0
1569 -0.03764722739739314 0.0
1570 -0.03757695426769985 0.0
1571 -0.03750656667208709 0.0
1572 -0.037436064824967676 0.0
1573 -0.03736544894110248 0.0
1574 -0.037294719235599724 0.0
1575 -0.03722387592391436 0.0
1576 -0.03715291922184738 0.0
1577 -0.03708184934554523 0.0
1578 -0.03701066651149906 0.0
1579 -0.03693937093654415 0.0
1580 -0.03686796283785915 0.0
1581 -0.03679644243296555 0.0
1582 -0.0367248099397269 0.0
1583 -0.036653065576348176 0.0
1584 -0.036581209561375165 0.0
1585 -0.03650924211369373 0.0
1586 -0.03643716345252924 0.0
1587 -0.03636497379744577 0.0
1588 -0.03629267336834553 0.0
1589 -0.036220262385468174 0.0
1590 -0.03614774106939008 0.0
1591 -0.036075109641023805 0.0
1592 -0.036002368321617254 0.0
1593 -0.03592951733275309 0.0
1594 -0.035856556896348056 0.0
1595 -0.03578348723465233 0.0
1596 -0.03571030857024874 0.0
1597 -0.0356370211260522 0.0
1598 -0.03556362512530898 0.0
1599 -0.035490120791596004 0.0
1600 -0.03541650834882024 0.0
1601 -0.03534278802121797 0.0
1602 -0.03526896003335407 0.0
1603 -0.03519502461012138 0.0
1604 -0.03512098197674007 0.0
1605 -0.035046832358756816 0.0
1606 -0.034972575982044195 0.0
1607 -0.03489821307280004 0.0
1608 -0.03482374385754667 0.0
1609 -0.03474916856313019 0.0
1610 -0.03467448741671992 0.0
1611 -0.03459970064580757 0.0
1612 -0.0345248084782066 0.0
1613 -0.034449811142051576 0.0
1614 -0.03437470886579736 0.0
1615 -0.03429950187821853 0.0
1616 -0.03422419040840859 0.0
1617 -0.034148774685779336 0.0
1618 -0.034073254940060166 0.0
1619 -0.03399763140129731 0.0
1620 -0.03392190429985318 0.0
1621 -0.03384607386640566 0.0
1622 -0.033770140331947376 0.0
1623 -0.033694103927785095 0.0
1624 -0.033617964885538865 0.0
1625 -0.03354172343714141 0.0
1626 -0.03346537981483738 0.0
1627 -0.033388934251182736 0.0
1628 -0.03331238697904391 0.0
1629 -0.033235738231597145 0.0
1630 -0.03315898824232784 0.0
1631 -0.03308213724502974 0.0
1632 -0.033005185473804356 0.0
1633 -0.032928133163060105 0.0
1634 -0.0328509805475117 0.0
1635 -0.03277372786217935 0.0
1636 -0.03269637534238818 0.0
1637 -0.03261892322376737 0.0
1638 -0.03254137174224949 0.0
1639 -0.03246372113406981 0.0
1640 -0.03238597163576553 0.0
1641 -0.032308123484175146 0.0
1642 -0.0322301769164376 0.0
1643 -0.03215213216999164 0.0
1644 -0.032073989482575144 0.0
1645 -0.03199574909222426 0.0
1646 -0.03191741123727278 0.0
1647 -0.031838976156351416 0.0
1648 -0.03176044408838702 0.0
1649 -0.031681815272601874 0.0
1650 -0.03160308994851301 0.0
1651 -0.031524268355931424 0.0
1652 -0.03144535073496134 0.0
1653 -0.03136633732599951 0.0
1654 -0.03128722836973448 0.0
1655 -0.03120802410714588 0.0
1656 -0.031128724779503604 0.0
1657 -0.03104933062836717 0.0
1658 -0.0309698418955849 0.0
1659 -0.030890258823293305 0.0
1660 -0.030810581653916203 0.0
1661 -0.03073081063016407 0.0
1662 -0.030650945995033277 0.0
1663 -0.030570987991805337 0.0
1664 -0.03049093686404623 0.0
1665 -0.030410792855605558 0.0
1666 -0.030330556210615874 0.0
1667 -0.0302502271734919 0.0
1668 -0.030169805988929807 0.0
1669 -0.030089292901906504 0.0
1670 -0.030008688157678796 0.0
1671 -0.029927992001782717 0.0
1672 -0.029847204680032727 0.0
1673 -0.029766326438521066 0.0
1674 -0.029685357523616857 0.0
1675 -0.02960429818196546 0.0
1676 -0.029523148660487688 0.0
1677 -0.029441909206379038 0.0
1678 -0.02936058006710901 0.0
1679 -0.02927916149042025 0.0
1680 -0.029197653724327848 0.0
1681 -0.02911605701711863 0.0
1682 -0.029034371617350292 0.0
1683 -0.02895259777385072 0.0
1684 -0.02887073573571725 0.0
1685 -0.028788785752315835 0.0
1686 -0.028706748073280317 0.0
1687 -0.028624622948511733 0.0
1688 -0.028542410628177427 0.0
1689 -0.028460111362710396 0.0
1690 -0.028377725402808474 0.0
1691 -0.028295252999433557 0.0
1692 -0.028212694403810922 0.0
1693 -0.028130049867428366 0.0
1694 -0.02804731964203547 0.0
1695 -0.027964503979642834 0.0
1696 -0.027881603132521353 0.0
1697 -0.027798617353201382 0.0
1698 -0.027715546894471983 0.0
1699 -0.02763239200938019 0.0
1700 -0.02754915295123018 0.0
1701 -0.027465829973582597 0.0
1702 -0.027382423330253668 0.0
1703 -0.027298933275314484 0.0
1704 -0.02721536006309022 0.0
1705 -0.02713170394815941 0.0
1706 -0.02704796518535307 0.0
1707 -0.026964144029753993 0.0
1708 -0.026880240736695954 0.0
1709 -0.026796255561762915 0.0
1710 -0.026712188760788326 0.0
1711 -0.026628040589854223 0.0
1712 -0.026543811305290523 0.0
1713 -0.026459501163674237 0.0
1714 -0.02637511042182866 0.0
1715 -0.026290639336822665 0.0
1716 -0.026206088165969803 0.0
1717 -0.02612145716682759 0.0
1718 -0.026036746597196764 0.0
1719 -0.02595195671512039 0.0
1720 -0.025867087778883132 0.0
1721 -0.025782140047010533 0.0
1722 -0.025697113778268093 0.0
1723 -0.02561200923166055 0.0
1724 -0.025526826666431156 0.0
1725 -0.025441566342060757 0.0
1726 -0.025356228518267087 0.0
1727 -0.025270813455003937 0.0
1728 -0.02518532141246044 0.0
1729 -0.025099752651060167 0.0
1730 -0.025014107431460406 0.0
1731 -0.024928386014551347 0.0
1732 -0.024842588661455268 0.0
1733 -0.024756715633525835 0.0
1734 -0.02467076719234716 0.0
1735 -0.024584743599733096 0.0
1736 -0.024498645117726404 0.0
1737 -0.02441247200859804 0.0
1738 -0.024326224534846213 0.0
1739 -0.02423990295919569 0.0
1740 -0.02415350754459696 0.0
1741 -0.02406703855422541 0.0
1742 -0.02398049625148063 0.0
1743 -0.02389388089998546 0.0
1744 -0.023807192763585283 0.0
1745 -0.023720432106347195 0.0
1746 -0.02363359919255918 0.0
1747 -0.0235466942867294 0.0
1748 -0.023459717653585246 0.0
1749 -0.02337266955807263 0.0
1750 -0.023285550265355122 0.0
1751 -0.02319836004081324 0.0
1752 -0.023111099150043505 0.0
1753 -0.02302376785885773 0.0
1754 -0.02293636643328214 0.0
1755 -0.02284889513955669 0.0
1756 -0.022761354244134085 0.0
1757 -0.022673744013679054 0.0
1758 -0.02258606471506759 0.0
1759 -0.022498316615386024 0.0
1760 -0.022410499981930267 0.0
1761 -0.022322615082205052 0.0
1762 -0.02223466218392301 0.0
1763 -0.022146641555003916 0.0
1764 -0.02205855346357385 0.0
1765 -0.021970398177964465 0.0
1766 -0.021882175966712016 0.0
1767 -0.021793887098556668 0.0
1768 -0.02170553184244162 0.0
1769 -0.021617110467512288 0.0
1770 -0.021528623243115552 0.0
1771 -0.021440070438798822 0.0
1772 -0.021351452324309305 0.0
1773 -0.021262769169593118 0.0
1774 -0.021174021244794575 0.0
1775 -0.021085208820255223 0.0
1776 -0.020996332166513112 0.0
1777 -0.02090739155430194 0.0
1778 -0.020818387254550215 0.0
1779 -0.020729319538380513 0.0
1780 -0.020640188677108526 0.0
1781 -0.02055099494224231 0.0
1782 -0.02046173860548143 0.0
1783 -0.02037241993871621 0.0
1784 -0.02028303921402678 0.0
1785 -0.02019359670368233 0.0
1786 -0.020104092680140247 0.0
1787 -0.020014527416045296 0.0
1788 -0.019924901184228846 0.0
1789 -0.01983521425770792 0.0
1790 -0.019745466909684456 0.0
1791 -0.01965565941354441 0.0
1792 -0.019565792042857036 0.0
1793 -0.019475865071373916 0.0
1794 -0.019385878773028165 0.0
1795 -0.01929583342193371 0.0
1796 -0.01920572929238427 0.0
1797 -0.01911556665885265 0.0
1798 -0.01902534579598989 0.0
1799 -0.01893506697862438 0.0
1800 -0.01884473048176104 0.0
1801 -0.018754336580580493 0.0
1802 -0.018663885550438283 0.0
1803 -0.018573377666863906 0.0
1804 -0.018482813205560077 0.0
1805 -0.018392192442401825 0.0
1806 -0.01830151565343576 0.0
1807 -0.018210783114879083 0.0
1808 -0.018119995103118836 0.0
1809 -0.018029151894711052 0.0
1810 -0.017938253766379877 0.0
1811 -0.01784730099501682 0.0
1812 -0.017756293857679767 0.0
1813 -0.017665232631592247 0.0
1814 -0.017574117594142548 0.0
1815 -0.017482949022882846 0.0
1816 -0.01739172719552847 0.0
1817 -0.017300452389956904 0.0
1818 -0.017209124884207033 0.0
1819 -0.017117744956478262 0.0
1820 -0.01702631288512973 0.0
1821 -0.016934828948679374 0.0
1822 -0.016843293425803124 0.0
1823 -0.016751706595334055 0.0
1824 -0.016660068736261517 0.0
1825 -0.016568380127730365 0.0
1826 -0.01647664104903998 0.0
1827 -0.0163848517796435 0.0
1828 -0.016293012599146946 0.0
1829 -0.016201123787308428 0.0
1830 -0.01610918562403718 0.0
1831 -0.016017198389392768 0.0
1832 -0.015925162363584308 0.0
1833 -0.015833077826969473 0.0
1834 -0.015740945060053715 0.0
1835 -0.01564876434348945 0.0
1836 -0.015556535958075123 0.0
1837 -0.015464260184754353 0.0
1838 -0.015371937304615202 0.0
1839 -0.01527956759888915 0.0
1840 -0.015187151348950335 0.0
1841 -0.01509468883631469 0.0
1842 -0.015002180342639034 0.0
1843 -0.01490962614972033 0.0
1844 -0.01481702653949468 0.0
1845 -0.01472438179403655 0.0
1846 -0.01463169219555791 0.0
1847 -0.014538958026407318 0.0
1848 -0.014446179569069195 0.0
1849 -0.014353357106162777 0.0
1850 -0.014260490920441389 0.0
1851 -0.014167581294791513 0.0
1852 -0.01407462851223203 0.0
1853 -0.013981632855913214 0.0
1854 -0.013888594609115958 0.0
1855 -0.0137955140552509 0.0
1856 -0.013702391477857522 0.0
1857 -0.013609227160603397 0.0
1858 -0.013516021387283162 0.0
1859 -0.013422774441817774 0.0
1860 -0.013329486608253572 0.0
1861 -0.013236158170761526 0.0
1862 -0.013142789413636214 0.0
1863 -0.013049380621295065 0.0
1864 -0.012955932078277463 0.0
1865 -0.012862444069243847 0.0
1866 -0.012768916878974955 0.0
1867 -0.012675350792370806 0.0
1868 -0.012581746094449904 0.0
1869 -0.012488103070348436 0.0
1870 -0.01239442200531927 0.0
1871 -0.012300703184731155 0.0
1872 -0.01220694689406792 0.0
1873 -0.01211315341892746 0.0
1874 -0.012019323045020944 0.0
1875 -0.011925456058172008 0.0
1876 -0.011831552744315754 0.0
1877 -0.011737613389497957 0.0
1878 -0.011643638279874186 0.0
1879 -0.011549627701708896 0.0
1880 -0.011455581941374662 0.0
1881 -0.011361501285351154 0.0
1882 -0.011267386020224366 0.0
1883 -0.011173236432685696 0.0
1884 -0.011079052809531162 0.0
1885 -0.010984835437660389 0.0
1886 -0.010890584604075833 0.0
1887 -0.010796300595881877 0.0
1888 -0.010701983700283938 0.0
1889 -0.010607634204587687 0.0
1890 -0.01051325239619802 0.0
1891 -0.010418838562618299 0.0
1892 -0.010324392991449435 0.0
1893 -0.010229915970388989 0.0
1894 -0.010135407787230403 0.0
1895 -0.01004086872986197 0.0
1896 -0.009946299086266049 0.0
1897 -0.009851699144518155 0.0
1898 -0.009757069192786164 0.0
1899 -0.009662409519329297 0.0
1900 -0.009567720412497333 0.0
1901 -0.009473002160729717 0.0
1902 -0.009378255052554641 0.0
1903 -0.00928347937658828 0.0
1904 -0.009188675421533754 0.0
1905 -0.009093843476180327 0.0
1906 -0.0089989838294026 0.0
1907 -0.008904096770159485 0.0
1908 -0.008809182587493393 0.0
1909 -0.008714241570529434 0.0
1910 -0.008619274008474388 0.0
1911 -0.008524280190615893 0.0
1912 -0.008429260406321642 0.0
1913 -0.008334214945038354 0.0
1914 -0.008239144096290984 0.0
1915 -0.008144048149681827 0.0
1916 -0.008048927394889603 0.0
1917 -0.007953782121668676 0.0
1918 -0.007858612619848026 0.0
1919 -0.007763419179330458 0.0
1920 -0.00766820209009168 0.0
1921 -0.007572961642179503 0.0
1922 -0.007477698125712824 0.0
1923 -0.00738241183088084 0.0
1924 -0.007287103047942127 0.0
1925 -0.007191772067223744 0.0
1926 -0.007096419179120436 0.0
1927 -0.007001044674093615 0.0
1928 -0.006905648842670564 0.0
1929 -0.0068102319754435045 0.0
1930 -0.00671479436306881 0.0
1931 -0.006619336296265975 0.0
1932 -0.006523858065816826 0.0
1933 -0.006428359962564612 0.0
1934 -0.006332842277413091 0.0
1935 -0.006237305301325747 0.0
1936 -0.006141749325324752 0.0
1937 -0.006046174640490182 0.0
1938 -0.0059505815379591025 0.0
1939 -0.005854970308924656 0.0
1940 -0.005759341244635277 0.0
1941 -0.005663694636393656 0.0
1942 -0.005568030775555923 0.0
1943 -0.00547234995353084 0.0
1944 -0.005376652461778758 0.0
1945 -0.0052809385918108085 0.0
1946 -0.005185208635188089 0.0
1947 -0.005089462883520623 0.0
1948 -0.004993701628466551 0.0
1949 -0.004897925161731313 0.0
1950 -0.0048021337750666125 0.0
1951 -0.004706327760269624 0.0
1952 -0.004610507409182061 0.0
1953 -0.004514673013689378 0.0
1954 -0.00441882486571974 0.0
1955 -0.0043229632572432284 0.0
1956 -0.004227088480270927 0.0
1957 -0.0041312008268540095 0.0
1958 -0.004035300589082945 0.0
1959 -0.003939388059086466 0.0
1960 -0.003843463529030773 0.0
1961 -0.0037475272911185937 0.0
1962 -0.0036515796375883973 0.0
1963 -0.003555620860713351 0.0
1964 -0.003459651252800531 0.0
1965 -0.003363671106190007 0.0
1966 -0.003267680713253925 0.0
1967 -0.0031716803663957185 0.0
1968 -0.0030756703580490687 0.0
1969 -0.0029796509806771115 0.0
1970 -0.0028836225267715224 0.0
1971 -0.002787585288851601 0.0
1972 -0.0026915395594634788 0.0
1973 -0.002595485631179079 0.0
1974 -0.002499423796595325 0.0
1975 -0.002403354348333201 0.0
1976 -0.0023072775790369563 0.0
1977 -0.0022111937813730667 0.0
1978 -0.002115103248029443 0.0
1979 -0.0020190062717144915 0.0
1980 -0.0019229031451563146 0.0
1981 -0.0018267941611016792 0.0
1982 -0.0017306796123151935 0.0
1983 -0.0016345597915784907 0.0
1984 -0.00153843499168919 0.0
1985 -0.0014423055054600775 0.0
1986 -0.0013461716257182888 0.0
1987 -0.0012500336453042686 0.0
1988 -0.0011538918570709784 0.0
1989 -0.0010577465538829539 0.0
1990 -0.0009615980286155114 0.0
1991 -0.0008654465741537089 0.0
1992 -0.0007692924833915517 0.0
1993 -0.000673136049231076 0.0
1994 -0.0005769775645814316 0.0
1995 -0.0004808173223580878 0.0
1996 -0.00038465561548179446 0.0
1997 -0.0002884927368777877 0.0
1998 -0.00019232897947484817 0.0
1999 -9.616463620450705e-05 0.0
2000 0.0 0.0
2001 0.0 0.0
2002 0.0 0.0
2003 0.0 0.0
2004 0.0 0.0
2005 0.0 0.0
2006 0.0 0.0
2007 0.0 0.0
2008 0.0 0.0
2009 0.0 0.0
2010 0.0 0.0
2011 0.0 0.0
2012 0.0 0.0
2013 0.0 0.0
2014 0.0 0.0
2015 0.0 0.0
2016 0.0 0.0
2017 0.0 0.0
2018 0.0 0.0
2019 0.0 0.0
2020 0.0 0.0
2021 0.0 0.0
2022 0.0 0.0
2023 0.0 0.0
2024 0.0 0.0
2025 0.0 0.0
2026 0.0 0.0
2027 0.0 0.0
2028 0.0 0.0
2029 0.0 0.0
2030 0.0 0.0
2031 0.0 0.0
2032 0.0 0.0
2033 0.0 0.0
2034 0.0 0.0
2035 0.0 0.0
2036 0.0 0.0
2037 0.0 0.0
2038 0.0 0.0
2039 0.0 0.0
2040 0.0 0.0
2041 0.0 0.0
2042 0.0 0.0
2043 0.0 0.0
2044 0.0 0.0
2045 0.0 0.0
2046 0.0 0.0
2047 0.0 0.0
2048 0.0 0.0
2049 0.0 0.0
2050 0.0 0.0
2051 0.0 0.0
2052 0.0 0.0
2053 0.0 0.0
2054 0.0 0.0
2055 0.0 0.0
2056 0.0 0.0
2057 0.0 0.0
2058 0.0 0.0
2059 0.0 0.0
2060 0.0 0.0
2061 0.0 0.0
2062 0.0 0.0
2063 0.0 0.0
2064 0.0 0.0
2065 0.0 0.0
2066 0.0 0.0
2067 0.0 0.0
2068 0.0 0.0
2069 0.0 0.0
2070 0.0 0.0
2071 0.0 0.0
2072 0.0 0.0
2073 0.0 0.0
2074 0.0 0.0
2075 0.0 0.0
2076 0.0 0.0
2077 0.0 0.0
2078 0.0 0.0
2079 0.0 0.0
2080 0.0 0.0
2081 0.0 0.0
2082 0.0 0.0
2083 0.0 0.0
2084 0.0 0.0
2085 0.0 0.0
2086 0.0 0.0
2087 0.0 0.0
2088 0.0 0.0
2089 0.0 0.0
2090 0.0 0.0
2091 0.0 0.0
2092 0.0 0.0
2093 0.0 0.0
2094 0.0 0.0
2095 0.0 0.0
2096 0.0 0.0
2097 0.0 0.0
2098 0.0 0.0
2099 0.0 0.0
2100 0.0 0.0
2101 0.0 0.0
2102 0.0 0.0
2103 0.0 0.0
2104 0.0 0.0
2105 0.0 0.0
2106 0.0 0.0
2107 0.0 0.0
2108 0.0 0.0
2109 0.0 0.0
2110 0.0 0.0
2111 0.0 0.0
2112 0.0 0.0
2113 0.0 0.0
2114 0.0 0.0
2115 0.0 0.0
2116 0.0 0.0
2117 0.0 0.0
2118 0.0 0.0
2119 0.0 0.0
2120 0.0 0.0
2121 0.0 0.0
2122 0.0 0.0
2123 0.0 0.0
2124 0.0 0.0
2125 0.0 0.0
2126 0.0 0.0
2127 0.0 0.0
2128 0.0 0.0
2129 0.0 0.0
2130 0.0 0.0
2131 0.0 0.0
2132 0.0 0.0
2133 0.0 0.0
2134 0.0 0.0
2135 0.0 0.0
2136 0.0 0.0
2137 0.0 0.0
2138 0.0 0.0
2139 0.0 0.0
2140 0.0 0.0
2141 0.0 0.0
2142 0.0 0.0
2143 0.0 0.0
2144 0.0 0.0
2145 0.0 0.0
2146 0.0 0.0
2147 0.0 0.0
2148 0.0 0.0
2149 0.0 0.0
2150 0.0 0.0
2151 0.0 0.0
2152 0.0 0.0
2153 0.0 0.0
2154 0.0 0.0
2155 0.0 0.0
2156 0.0 0.0
2157 0.0 0.0
2158 0.0 0.0
2159 0.0 0.0
2160 0.0 0.0
2161 0.0 0.0
2162 0.0 0.0
2163 0.0 0.0
2164 0.0 0.0
2165 0.0 0.0
2166 0.0 0.0
2167 0.0 0.0
2168 0.0 0.0
2169 0.0 0.0
2170 0.0 0.0
2171 0.0 0.0
2172 0.0 0.0
2173 0.0 0.0
2174 0.0 0.0
2175 0.0 0.0
2176 0.0 0.0
2177 0.0 0.0
2178 0.0 0.0
2179 0.0 0.0
2180 0.0 0.0
2181 0.0 0.0
2182 0.0 0.0
2183 0.0 0.0
2184 0.0 0.0
2185 0.0 0.0
2186 0.0 0.0
2187 0.0 0.0
2188 0.0 0.0
2189 0.0 0.0
2190 0.0 0.0
2191 0.0 0.0
2192 0.0 0.0
2193 0.0 0.0
2194 0.0 0.0
2195 0.0 0.0
2196 0.0 0.0
2197 0.0 0.0
2198 0.0 0.0
2199 0.0 0.0