2200 0.000002100546602 1.0
2
0 0.0 0.0
1 0.0 0.0
2 0.0 0.0
3 0.0 0.0
4 0.0 0.0
5 0.0 0.0
6 0.0 0.0
7 0.0 0.0
8 0.0 0.0
9 0.0 0.0
10 0.0 0.0
11 0.0 0.0
12 0.0 0.0
13 0.0 0.0
14 0.0 0.0
15 0.0 0.0
16 0.0 0.0
17 0.0 0.0
18 0.0 0.0
19 0.0 0.0
20 0.0 0.0
21 0.0 0.0
22 0.0 0.0
23 0.0 0.0
24 0.0 0.0
25 0.0 0.0
26 0.0 0.0
27 0.0 0.0
28 0.0 0.0
29 0.0 0.0
30 0.0 0.0
31 0.0 0.0
32 0.0 0.0
33 0.0 0.0
34 0.0 0.0
35 0.0 0.0
36 0.0 0.0
37 0.0 0.0
38 0.0 0.0
39 0.0 0.0
40 0.0 0.0
41 0.0 0.0
42 0.0 0.0
43 0.0 0.0
44 0.0 0.0
45 0.0 0.0
46 0.0 0.0
47 0.0 0.0
48 0.0 0.0
49 0.0 0.0
50 0.0 0.0
51 0.0 0.0
52 0.0 0.0
53 0.0 0.0
54 0.0 0.0
55 0.0 0.0
56 0.0 0.0
57 0.0 0.0
58 0.0 0.0
59 0.0 0.0
60 0.0 0.0
61 0.0 0.0
62 0.0 0.0
63 0.0 0.0
64 0.0 0.0
65 0.0 0.0
66 0.0 0.0
67 0.0 0.0
68 0.0 0.0
69 0.0 0.0
70 0.0 0.0
71 0.0 0.0
72 0.0 0.0
73 0.0 0.0
74 0.0 0.0
75 0.0 0.0
76 0.0 0.0
77 0.0 0.0
78 0.0 0.0
79 0.0 0.0
80 0.0 0.0
81 0.0 0.0
82 0.0 0.0
83 0.0 0.0
84 0.0 0.0
85 0.0 0.0
86 0.0 0.0
87 0.0 0.0
88 0.0 0.0
89 0.0 0.0
90 0.0 0.0
91 0.0 0.0
92 0.0 0.0
93 0.0 0.0
94 0.0 0.0
95 0.0 0.0
96 0.0 0.0
97 0.0 0.0
98 0.0 0.0
99 0.0 0.0
100 0.0 0.0
101 0.0 0.0
102 0.0 0.0
103 0.0 0.0
104 0.0 0.0
105 0.0 0.0
106 0.0 0.0
107 0.0 0.0
108 0.0 0.0
109 0.0 0.0
110 0.0 0.0
111 0.0 0.0
112 0.0 0.0
113 0.0 0.0
114 0.0 0.0
115 0.0 0.0
116 0.0 0.0
117 0.0 0.0
118 0.0 0.0
119 0.0 0.0
120 0.0 0.0
121 0.0 0.0
122 0.0 0.0
123 0.0 0.0
124 0.0 0.0
125 0.0 0.0
126 0.0 0.0
127 0.0 0.0
128 0.0 0.0
129 0.0 0.0
130 0.0 0.0
131 0.0 0.0
132 0.0 0.0
133 0.0 0.0
134 0.0 0.0
135 0.0 0.0
136 0.0 0.0
137 0.0 0.0
138 0.0 0.0
139 0.0 0.0
140 0.0 0.0
141 0.0 0.0
142 0.0 0.0
143 0.0 0.0
144 0.0 0.0
145 0.0 0.0
146 0.0 0.0
147 0.0 0.0
148 0.0 0.0
149 0.0 0.0
150 0.0 0.0
151 0.0 0.0
152 0.0 0.0
153 0.0 0.0
154 0.0 0.0
155 0.0 0.0
156 0.0 0.0
157 0.0 0.0
158 0.0 0.0
159 0.0 0.0
160 0.0 0.0
161 0.0 0.0
162 0.0 0.0
163 0.0 0.0
164 0.0 0.0
165 0.0 0.0
166 0.0 0.0
167 0.0 0.0
168 0.0 0.0
169 0.0 0.0
170 0.0 0.0
171 0.0 0.0
172 0.0 0.0
173 0.0 0.0
174 0.0 0.0
175 0.0 0.0
176 0.0 0.0
177 0.0 0.0
178 0.0 0.0
179 0.0 0.0
180 0.0 0.0
181 0.0 0.0
182 0.0 0.0
183 0.0 0.0
184 0.0 0.0
185 0.0 0.0
186 0.0 0.0
187 0.0 0.0
188 0.0 0.0
189 0.0 0.0
190 0.0 0.0
191 0.0 0.0
192 0.0 0.0
193 0.0 0.0
194 0.0 0.0
195 0.0 0.0
196 0.0 0.0
197 0.0 0.0
198 0.0 0.0
199 0.0 0.0
200 0.0 0.0
201 9.224688584036777e-05 0.0
202 0.00018449349068072339 0.0
203 0.0002767395335219107 0.0
204 0.0003689847333664854 0.0
205 0.0004612288092195713 0.0
206 0.000553471480089716 0.0
207 0.0006457124649897466 0.0
208 0.0007379514829376264 0.0
209 0.0008301882529573103 0.0
210 0.0009224224940796006 0.0
211 0.0010146539253430033 0.0
212 0.0011068822657945834 0.0
213 0.001199107234490821 0.0
214 0.001291328550498468 0.0
215 0.0013835459328954017 0.0
216 0.0014757591007714833 0.0
217 0.0015679677732294108 0.0
218 0.0016601716693855767 0.0
219 0.001752370508370923 0.0
220 0.0018445640093317972 0.0
221 0.001936751891430806 0.0
222 0.0020289338738476727 0.0
223 0.002121109675780093 0.0
224 0.002213279016444588 0.0
225 0.002305441615077362 0.0
226 0.002397597190935156 0.0
227 0.0024897454632961044 0.0
228 0.0025818861514605882 0.0
229 0.002674018974752092 0.0
230 0.0027661436525180582 0.0
231 0.0028582599041307418 0.0
232 0.002950367448988065 0.0
233 0.003042466006514471 0.0
234 0.0031345552961617837 0.0
235 0.0032266350374100554 0.0
236 0.003318704949768425 0.0
237 0.003410764752775973 0.0
238 0.0035028141660025723 0.0
239 0.0035948529090497486 0.0
240 0.003686880701551528 0.0
241 0.0037788972631752947 0.0
242 0.0038709023136226433 0.0
243 0.003962895572630236 0.0
244 0.00405487675997065 0.0
245 0.004146845595453238 0.0
246 0.004238801798924977 0.0
247 0.004330745090271325 0.0
248 0.00442267518941707 0.0
249 0.004514591816327186 0.0
250 0.004606494691007689 0.0
251 0.004698383533506483 0.0
252 0.00479025806391422 0.0
253 0.004882118002365144 0.0
254 0.0049739630690379556 0.0
255 0.00506579298415665 0.0
256 0.005157607467991382 0.0
257 0.00524940624085931 0.0
258 0.005341189023125453 0.0
259 0.0054329555352035375 0.0
260 0.005524705497556852 0.0
261 0.005616438630699104 0.0
262 0.005708154655195256 0.0
263 0.005799853291662396 0.0
264 0.00589153426077057 0.0
265 0.005983197283243649 0.0
266 0.006074842079860171 0.0
267 0.006166468371454189 0.0
268 0.006258075878916133 0.0
269 0.0063496643231936425 0.0
270 0.006441233425292438 0.0
271 0.00653278290627715 0.0
272 0.0066243124872721855 0.0
273 0.006715821889462564 0.0
274 0.006807310834094781 0.0
275 0.006898779042477639 0.0
276 0.006990226235983118 0.0
277 0.007081652136047205 0.0
278 0.007173056464170752 0.0
279 0.0072644389419203245 0.0
280 0.007355799290929049 0.0
281 0.007447137232897456 0.0
282 0.007538452489594334 0.0
283 0.007629744782857574 0.0
284 0.007721013834595025 0.0
285 0.007812259366785318 0.0
286 0.007903481101478744 0.0
287 0.007994678760798075 0.0
288 0.008085852066939427 0.0
289 0.008177000742173098 0.0
290 0.008268124508844414 0.0
291 0.008359223089374581 0.0
292 0.008450296206261523 0.0
293 0.00854134358208073 0.0
294 0.00863236493948611 0.0
295 0.008723360001210817 0.0
296 0.008814328490068118 0.0
297 0.008905270128952212 0.0
298 0.008996184640839103 0.0
299 0.00908707174878742 0.0
300 0.009177931175939265 0.0
301 0.009268762645521072 0.0
302 0.009359565880844429 0.0
303 0.009450340605306933 0.0
304 0.00954108654239303 0.0
305 0.009631803415674864 0.0
306 0.009722490948813096 0.0
307 0.009813148865557784 0.0
308 0.009903776889749184 0.0
309 0.00999437474531862 0.0
310 0.010084942156289311 0.0
311 0.010175478846777216 0.0
312 0.010265984540991877 0.0
313 0.010356458963237251 0.0
314 0.010446901837912559 0.0
315 0.010537312889513118 0.0
316 0.010627691842631187 0.0
317 0.010718038421956799 0.0
318 0.010808352352278608 0.0
319 0.010898633358484715 0.0
320 0.010988881165563522 0.0
321 0.01107909549860456 0.0
322 0.011169276082799317 0.0
323 0.011259422643442096 0.0
324 0.011349534905930847 0.0
325 0.011439612595767985 0.0
326 0.011529655438561248 0.0
327 0.011619663160024515 0.0
328 0.011709635485978663 0.0
329 0.011799572142352383 0.0
330 0.01188947285518302 0.0
331 0.011979337350617411 0.0
332 0.012069165354912724 0.0
333 0.012158956594437276 0.0
334 0.012248710795671375 0.0
335 0.012338427685208165 0.0
336 0.01242810698975444 0.0
337 0.012517748436131484 0.0
338 0.012607351751275905 0.0
339 0.012696916662240468 0.0
340 0.01278644289619492 0.0
341 0.012875930180426825 0.0
342 0.012965378242342398 0.0
343 0.013054786809467329 0.0
344 0.013144155609447618 0.0
345 0.013233484370050402 0.0
346 0.013322772819164778 0.0
347 0.013412020684802654 0.0
348 0.013501227695099552 0.0
349 0.013590393578315443 0.0
350 0.013679518062835584 0.0
351 0.013768600877171343 0.0
352 0.013857641749961016 0.0
353 0.013946640409970663 0.0
354 0.014035596586094929 0.0
355 0.014124510007357875 0.0
356 0.014213380402913804 0.0
357 0.014302207502048074 0.0
358 0.01439099103417794 0.0
359 0.014479730728853361 0.0
360 0.014568426315757842 0.0
361 0.01465707752470924 0.0
362 0.014745684085660606 0.0
363 0.014834245728700977 0.0
364 0.014922762184056238 0.0
365 0.015011233182089908 0.0
366 0.015099658453303988 0.0
367 0.015188037728339774 0.0
368 0.015276370737978657 0.0
369 0.01536465721314297 0.0
370 0.015452896884896806 0.0
371 0.015541089484446817 0.0
372 0.015629234743143053 0.0
373 0.015717332392479764 0.0
374 0.015805382164096236 0.0
375 0.015893383789777595 0.0
376 0.015981337001455626 0.0
377 0.016069241531209595 0.0
378 0.016157097111267057 0.0
379 0.01624490347400468 0.0
380 0.016332660351949056 0.0
381 0.016420367477777514 0.0
382 0.01650802458431894 0.0
383 0.016595631404554584 0.0
384 0.016683187671618877 0.0
385 0.01677069311880025 0.0
386 0.016858147479541934 0.0
387 0.016945550487442774 0.0
388 0.017032901876258055 0.0
389 0.017120201379900293 0.0
390 0.01720744873244007 0.0
391 0.01729464366810681 0.0
392 0.01738178592128962 0.0
393 0.017468875226538085 0.0
394 0.017555911318563076 0.0
395 0.017642893932237568 0.0
396 0.017729822802597425 0.0
397 0.017816697664842243 0.0
398 0.017903518254336115 0.0
399 0.017990284306608477 0.0
400 0.018076995557354883 0.0
401 0.018163651742437826 0.0
402 0.018250252597887536 0.0
403 0.01833679785990279 0.0
404 0.01842328726485171 0.0
405 0.018509720549272572 0.0
406 0.018596097449874602 0.0
407 0.018682417703538776 0.0
408 0.01876868104731863 0.0
409 0.018854887218441068 0.0
410 0.01894103595430714 0.0
411 0.019027126992492847 0.0
412 0.019113160070749962 0.0
413 0.019199134927006815 0.0
414 0.01928505129936908 0.0
415 0.019370908926120582 0.0
416 0.019456707545724098 0.0
417 0.019542446896822163 0.0
418 0.019628126718237836 0.0
419 0.01971374674897553 0.0
420 0.019799306728221774 0.0
421 0.01988480639534604 0.0
422 0.01997024548990151 0.0
423 0.020055623751625885 0.0
424 0.02014094092044217 0.0
425 0.020226196736459486 0.0
426 0.020311390939973813 0.0
427 0.02039652327146885 0.0
428 0.020481593471616738 0.0
429 0.0205666012812789 0.0
430 0.020651546441506803 0.0
431 0.02073642869354276 0.0
432 0.020821247778820714 0.0
433 0.020906003438967015 0.0
434 0.020990695415801224 0.0
435 0.02107532345133689 0.0
436 0.021159887287782352 0.0
437 0.02124438666754148 0.0
438 0.021328821333214527 0.0
439 0.02141319102759885 0.0
440 0.021497495493689726 0.0
441 0.021581734474681136 0.0
442 0.021665907713966537 0.0
443 0.021750014955139636 0.0
444 0.02183405594199519 0.0
445 0.02191803041852978 0.0
446 0.0220019381289426 0.0
447 0.022085778817636192 0.0
448 0.022169552229217293 0.0
449 0.02225325810849756 0.0
450 0.022336896200494363 0.0
451 0.02242046625043157 0.0
452 0.022503968003740323 0.0
453 0.022587401206059787 0.0
454 0.02267076560323797 0.0
455 0.02275406094133246 0.0
456 0.02283728696661121 0.0
457 0.02292044342555331 0.0
458 0.023003530064849766 0.0
459 0.023086546631404265 0.0
460 0.023169492872333948 0.0
461 0.023252368534970185 0.0
462 0.023335173366859332 0.0
463 0.02341790711576351 0.0
464 0.023500569529661373 0.0
465 0.02358316035674887 0.0
466 0.023665679345440022 0.0
467 0.023748126244367677 0.0
468 0.023830500802384278 0.0
469 0.023912802768562644 0.0
470 0.023995031892196705 0.0
471 0.0240771879228023 0.0
472 0.0241592706101179 0.0
473 0.02424127970410541 0.0
474 0.02432321495495091 0.0
475 0.024405076113065412 0.0
476 0.02448686292908563 0.0
477 0.02456857515387474 0.0
478 0.024650212538523144 0.0
479 0.024731774834349202 0.0
480 0.024813261792900013 0.0
481 0.02489467316595217 0.0
482 0.024976008705512517 0.0
483 0.025057268163818893 0.0
484 0.025138451293340892 0.0
485 0.025219557846780632 0.0
486 0.025300587577073475 0.0
487 0.025381540237388815 0.0
488 0.02546241558113081 0.0
489 0.02554321336193913 0.0
490 0.025623933333689734 0.0
491 0.025704575250495576 0.0
492 0.0257851388667074 0.0
493 0.025865623936914463 0.0
494 0.025946030215945277 0.0
495 0.026026357458868374 0.0
496 0.026106605420993047 0.0
497 0.026186773857870077 0.0
498 0.0262668625252925 0.0
499 0.026346871179296346 0.0
500 0.02642679957616139 0.0
501 0.026506647472411868 0.0
502 0.026586414624817242 0.0
503 0.026666100790392933 0.0
504 0.02674570572640105 0.0
505 0.026825229190351164 0.0
506 0.026904670940001017 0.0
507 0.026984030733357242 0.0
508 0.027063308328676167 0.0
509 0.027142503484464477 0.0
510 0.02722161595948 0.0
511 0.027300645512732407 0.0
512 0.02737959190348398 0.0
513 0.027458454891250324 0.0
514 0.027537234235801095 0.0
515 0.027615929697160743 0.0
516 0.02769454103560926 0.0
517 0.027773068011682868 0.0
518 0.02785151038617478 0.0
519 0.027929867920135912 0.0
520 0.028008140374875635 0.0
521 0.02808632751196248 0.0
522 0.02816442909322485 0.0
523 0.028242444880751817 0.0
524 0.028320374636893735 0.0
525 0.028398218124263058 0.0
526 0.02847597510573502 0.0
527 0.02855364534444838 0.0
528 0.028631228603806114 0.0
529 0.028708724647476164 0.0
530 0.02878613323939213 0.0
531 0.028863454143754037 0.0
532 0.028940687125028983 0.0
533 0.029017831947951926 0.0
534 0.029094888377526343 0.0
535 0.029171856179024992 0.0
536 0.029248735117990605 0.0
537 0.0293255249602366 0.0
538 0.029402225471847787 0.0
539 0.02947883641918113 0.0
540 0.029555357568866382 0.0
541 0.02963178868780685 0.0
542 0.029708129543180098 0.0
543 0.02978437990243864 0.0
544 0.029860539533310648 0.0
545 0.029936608203800685 0.0
546 0.030012585682190385 0.0
547 0.03008847173703919 0.0
548 0.030164266137184988 0.0
549 0.030239968651744914 0.0
550 0.030315579050115973 0.0
551 0.030391097101975777 0.0
552 0.03046652257728324 0.0
553 0.030541855246279302 0.0
554 0.03061709487948756 0.0
555 0.030692241247715062 0.0
556 0.030767294122052934 0.0
557 0.0308422532738771 0.0
558 0.030917118474848997 0.0
559 0.030991889496916225 0.0
560 0.031066566112313294 0.0
561 0.031141148093562276 0.0
562 0.031215635213473522 0.0
563 0.03129002724514635 0.0
564 0.031364323961969726 0.0
565 0.03143852513762297 0.0
566 0.031512630546076434 0.0
567 0.03158663996159219 0.0
568 0.031660553158724715 0.0
569 0.03173436991232159 0.0
570 0.031808089997524214 0.0
571 0.031881713189768394 0.0
572 0.03195523926478512 0.0
573 0.032028667998601226 0.0
574 0.03210199916754004 0.0
575 0.032175232548222125 0.0
576 0.032248367917565884 0.0
577 0.032321405052788306 0.0
578 0.03239434373140561 0.0
579 0.03246718373123394 0.0
580 0.03253992483039001 0.0
581 0.03261256680729182 0.0
582 0.032685109440659325 0.0
583 0.03275755250951506 0.0
584 0.03282989579318489 0.0
585 0.03290213907129862 0.0
586 0.032974282123790694 0.0
587 0.03304632473090087 0.0
588 0.03311826667317487 0.0
589 0.033190107731465066 0.0
590 0.033261847686931134 0.0
591 0.033333486321040724 0.0
592 0.03340502341557012 0.0
593 0.03347645875260495 0.0
594 0.03354779211454078 0.0
595 0.03361902328408381 0.0
596 0.033690152044251555 0.0
597 0.03376117817837347 0.0
598 0.033832101470091636 0.0
599 0.0339029217033614 0.0
600 0.03397363866245206 0.0
601 0.03404425213194749 0.0
602 0.034114761896746816 0.0
603 0.03418516774206507 0.0
604 0.03425546945343382 0.0
605 0.034325666816701884 0.0
606 0.034395759618035905 0.0
607 0.03446574764392106 0.0
608 0.03453563068116168 0.0
609 0.034605408516881916 0.0
610 0.034675080938526386 0.0
611 0.0347446477338608 0.0
612 0.034814108690972644 0.0
613 0.03488346359827179 0.0
614 0.03495271224449117 0.0
615 0.03502185441868739 0.0
616 0.03509088991024139 0.0
617 0.03515981850885912 0.0
618 0.03522864000457208 0.0
619 0.03529735418773807 0.0
620 0.03536596084904178 0.0
621 0.03543445977949542 0.0
622 0.035502850770439354 0.0
623 0.035571133613542784 0.0
624 0.03563930810080431 0.0
625 0.03570737402455263 0.0
626 0.035775331177447134 0.0
627 0.035843179352478556 0.0
628 0.035910918342969576 0.0
629 0.03597854794257549 0.0
630 0.0360460679452848 0.0
631 0.036113478145419875 0.0
632 0.036180778337637554 0.0
633 0.03624796831692978 0.0
634 0.036315047878624225 0.0
635 0.036382016818384905 0.0
636 0.03644887493221282 0.0
637 0.03651562201644657 0.0
638 0.03658225786776294 0.0
639 0.03664878228317758 0.0
640 0.036715195060045586 0.0
641 0.036781495996062126 0.0
642 0.03684768488926304 0.0
643 0.03691376153802549 0.0
644 0.03697972574106854 0.0
645 0.03704557729745379 0.0
646 0.03711131600658597 0.0
647 0.03717694166821359 0.0
648 0.03724245408242948 0.0
649 0.03730785304967149 0.0
650 0.037373138370723 0.0
651 0.03743830984671362 0.0
652 0.037503367279119716 0.0
653 0.037568310469765075 0.0
654 0.03763313922082148 0.0
655 0.037697853334809295 0.0
656 0.037762452614598124 0.0
657 0.03782693686340735 0.0
658 0.03789130588480676 0.0
659 0.03795555948271718 0.0
660 0.03801969746141097 0.0
661 0.038083719625512755 0.0
662 0.038147625779999896 0.0
663 0.03821141573020318 0.0
664 0.03827508928180735 0.0
665 0.03833864624085172 0.0
666 0.03840208641373078 0.0
667 0.03846540960719475 0.0
668 0.03852861562835022 0.0
669 0.03859170428466067 0.0
670 0.038654675383947124 0.0
671 0.038717528734388676 0.0
672 0.03878026414452314 0.0
673 0.03884288142324756 0.0
674 0.03890538037981886 0.0
675 0.03896776082385438 0.0
676 0.039030022565332445 0.0
677 0.03909216541459302 0.0
678 0.03915418918233819 0.0
679 0.03921609367963283 0.0
680 0.039277878717905064 0.0
681 0.039339544108946994 0.0
682 0.0394010896649151 0.0
683 0.03946251519833099 0.0
684 0.03952382052208181 0.0
685 0.0395850054494209 0.0
686 0.0396460697939684 0.0
687 0.039707013369711684 0.0
688 0.039767835991006084 0.0
689 0.03982853747257533 0.0
690 0.03988911762951219 0.0
691 0.03994957627727899 0.0
692 0.040009913231708216 0.0
693 0.040070128309003035 0.0
694 0.04013022132573787 0.0
695 0.04019019209885899 0.0
696 0.040250040445685 0.0
697 0.04030976618390746 0.0
698 0.040369369131591434 0.0
699 0.040428849107175986 0.0
700 0.040488205929474795 0.0
701 0.040547439417676696 0.0
702 0.04060654939134621 0.0
703 0.0406655356704241 0.0
704 0.04072439807522794 0.0
705 0.04078313642645262 0.0
706 0.040841750545170946 0.0
707 0.040900240252834154 0.0
708 0.04095860537127244 0.0
709 0.04101684572269554 0.0
710 0.04107496112969323 0.0
711 0.041132951415235916 0.0
712 0.04119081640267513 0.0
713 0.04124855591574407 0.0
714 0.04130616977855818 0.0
715 0.041363657815615636 0.0
716 0.04142101985179792 0.0
717 0.04147825571237031 0.0
718 0.041535365222982436 0.0
719 0.041592348209668846 0.0
720 0.04164920449884948 0.0
721 0.04170593391733021 0.0
722 0.041762536292303386 0.0
723 0.04181901145134837 0.0
724 0.04187535922243203 0.0
725 0.04193157943390928 0.0
726 0.04198767191452361 0.0
727 0.04204363649340758 0.0
728 0.0420994730000834 0.0
729 0.042155181264463375 0.0
730 0.04221076111685047 0.0
731 0.042266212387938824 0.0
732 0.04232153490881424 0.0
733 0.042376728510954725 0.0
734 0.04243179302623101 0.0
735 0.04248672828690701 0.0
736 0.04254153412564041 0.0
737 0.04259621037548311 0.0
738 0.04265075686988178 0.0
739 0.04270517344267833 0.0
740 0.04275945992811045 0.0
741 0.042813616160812085 0.0
742 0.042867641975813955 0.0
743 0.042921537208544074 0.0
744 0.042975301694828195 0.0
745 0.04302893527089038 0.0
746 0.04308243777335345 0.0
747 0.04313580903923952 0.0
748 0.04318904890597044 0.0
749 0.04324215721136834 0.0
750 0.04329513379365613 0.0
751 0.043347978491457946 0.0
752 0.04340069114379966 0.0
753 0.043453271590109414 0.0
754 0.04350571967021803 0.0
755 0.04355803522435958 0.0
756 0.04361021809317178 0.0
757 0.04366226811769661 0.0
758 0.04371418513938063 0.0
759 0.043765969000075594 0.0
760 0.043817619542038895 0.0
761 0.04386913660793401 0.0
762 0.043920520040831044 0.0
763 0.043971769684207115 0.0
764 0.044022885381946965 0.0
765 0.044073866978343264 0.0
766 0.04412471431809727 0.0
767 0.04417542724631915 0.0
768 0.04422600560852853 0.0
769 0.04427644925065496 0.0
770 0.04432675801903833 0.0
771 0.044376931760429436 0.0
772 0.04442697032199034 0.0
773 0.04447687355129492 0.0
774 0.04452664129632927 0.0
775 0.04457627340549223 0.0
776 0.044625769727595764 0.0
777 0.044675130111865496 0.0
778 0.044724354407941154 0.0
779 0.04477344246587697 0.0
780 0.04482239413614223 0.0
781 0.04487120926962163 0.0
782 0.04491988771761584 0.0
783 0.04496842933184184 0.0
784 0.04501683396443346 0.0
785 0.04506510146794181 0.0
786 0.04511323169533568 0.0
787 0.045161224500002074 0.0
788 0.04520907973574656 0.0
789 0.04525679725679381 0.0
790 0.04530437691778797 0.0
791 0.045351818573793154 0.0
792 0.045399122080293834 0.0
793 0.04544628729319533 0.0
794 0.04549331406882423 0.0
795 0.04554020226392882 0.0
796 0.04558695173567952 0.0
797 0.045633562341669334 0.0
798 0.045680033939914266 0.0
799 0.04572636638885379 0.0
800 0.0457725595473512 0.0
801 0.04581861327469416 0.0
802 0.04586452743059499 0.0
803 0.04591030187519124 0.0
804 0.045955936469046006 0.0
805 0.04600143107314839 0.0
806 0.04604678554891395 0.0
807 0.04609199975818507 0.0
808 0.046137073563231455 0.0
809 0.046182006826750464 0.0
810 0.046226799411867574 0.0
811 0.04627145118213682 0.0
812 0.04631596200154115 0.0
813 0.04636033173449289 0.0
814 0.04640456024583415 0.0
815 0.04644864740083721 0.0
816 0.04649259306520495 0.0
817 0.04653639710507126 0.0
818 0.04658005938700142 0.0
819 0.046623579777992565 0.0
820 0.04666695814547402 0.0
821 0.04671019435730778 0.0
822 0.046753288281788825 0.0
823 0.04679623978764559 0.0
824 0.04683904874404035 0.0
825 0.046881715020569585 0.0
826 0.04692423848726443 0.0
827 0.04696661901459102 0.0
828 0.04700885647345093 0.0
829 0.04705095073518153 0.0
830 0.047092901671556386 0.0
831 0.0471347091547857 0.0
832 0.0471763730575166 0.0
833 0.047217893252833626 0.0
834 0.04725926961425905 0.0
835 0.04730050201575333 0.0
836 0.04734159033171539 0.0
837 0.04738253443698309 0.0
838 0.04742333420683361 0.0
839 0.04746398951698376 0.0
840 0.047504500243590424 0.0
841 0.047544866263250884 0.0
842 0.04758508745300327 0.0
843 0.04762516369032684 0.0
844 0.04766509485314244 0.0
845 0.04770488081981281 0.0
846 0.047744521469143014 0.0
847 0.047784016680380736 0.0
848 0.04782336633321674 0.0
849 0.04786257030778513 0.0
850 0.047901628484663825 0.0
851 0.04794054074487483 0.0
852 0.04797930696988466 0.0
853 0.04801792704160466 0.0
854 0.04805640084239141 0.0
855 0.04809472825504703 0.0
856 0.04813290916281958 0.0
857 0.048170943449403376 0.0
858 0.04820883099893941 0.0
859 0.04824657169601562 0.0
860 0.048284165425667304 0.0
861 0.048321612073377436 0.0
862 0.048358911525077035 0.0
863 0.04839606366714551 0.0
864 0.048433068386410975 0.0
865 0.04846992557015067 0.0
866 0.048506635106091184 0.0
867 0.04854319688240892 0.0
868 0.048579610787730376 0.0
869 0.04861587671113247 0.0
870 0.04865199454214291 0.0
871 0.04868796417074052 0.0
872 0.048723785487355585 0.0
873 0.04875945838287015 0.0
874 0.04879498274861838 0.0
875 0.04883035847638692 0.0
876 0.04886558545841515 0.0
877 0.04890066358739558 0.0
878 0.04893559275647414 0.0
879 0.04897037285925054 0.0
880 0.049005003789778526 0.0
881 0.04903948544256631 0.0
882 0.049073817712576774 0.0
883 0.04910800049522788 0.0
884 0.049142033686392944 0.0
885 0.04917591718240096 0.0
886 0.049209650880036926 0.0
887 0.049243234676542146 0.0
888 0.04927666846961456 0.0
889 0.049309952157409014 0.0
890 0.04934308563853765 0.0
891 0.04937606881207012 0.0
892 0.04940890157753396 0.0
893 0.04944158383491489 0.0
894 0.04947411548465706 0.0
895 0.049506496427663436 0.0
896 0.04953872656529605 0.0
897 0.04957080579937631 0.0
898 0.04960273403218531 0.0
899 0.04963451116646412 0.0
900 0.049666137105414065 0.0
901 0.04969761175269705 0.0
902 0.04972893501243586 0.0
903 0.0497601067892144 0.0
904 0.04979112698807803 0.0
905 0.04982199551453385 0.0
906 0.04985271227455097 0.0
907 0.049883277174560814 0.0
908 0.049913690121457396 0.0
909 0.04994395102259761 0.0
910 0.049974059785801495 0.0
911 0.05000401631935255 0.0
912 0.050033820531997966 0.0
913 0.050063472332948944 0.0
914 0.05009297163188095 0.0
915 0.050122318338934026 0.0
916 0.05015151236471299 0.0
917 0.05018055362028778 0.0
918 0.05020944201719371 0.0
919 0.0502381774674317 0.0
920 0.05026675988346859 0.0
921 0.05029518917823738 0.0
922 0.050323465265137514 0.0
923 0.05035158805803512 0.0
924 0.0503795574712633 0.0
925 0.05040737341962236 0.0
926 0.05043503581838011 0.0
927 0.05046254458327208 0.0
928 0.0504898996305018 0.0
929 0.050517100876741064 0.0
930 0.050544148239130136 0.0
931 0.050571041635278084 0.0
932 0.050597780983262945 0.0
933 0.050624366201632034 0.0
934 0.05065079720940216 0.0
935 0.05067707392605989 0.0
936 0.050703196271561786 0.0
937 0.05072916416633466 0.0
938 0.0507549775312758 0.0
939 0.05078063628775322 0.0
940 0.050806140357605896 0.0
941 0.050831489663144006 0.0
942 0.05085668412714917 0.0
943 0.05088172367287468 0.0
944 0.050906608224045746 0.0
945 0.0509313377048597 0.0
946 0.050955912039986256 0.0
947 0.05098033115456773 0.0
948 0.05100459497421927 0.0
949 0.05102870342502906 0.0
950 0.05105265643355859 0.0
951 0.051076453926842826 0.0
952 0.0511000958323905 0.0
953 0.051123582078184245 0.0
954 0.0511469125926809 0.0
955 0.051170087304811665 0.0
956 0.05119310614398234 0.0
957 0.05121596904007356 0.0
958 0.05123867592344098 0.0
959 0.05126122672491548 0.0
960 0.05128362137580343 0.0
961 0.05130585980788682 0.0
962 0.05132794195342354 0.0
963 0.05134986774514754 0.0
964 0.05137163711626906 0.0
965 0.051393250000474816 0.0
966 0.05141470633192822 0.0
967 0.05143600604526956 0.0
968 0.051457149075616215 0.0
969 0.05147813535856285 0.0
970 0.05149896483018161 0.0
971 0.051519637427022306 0.0
972 0.05154015308611263 0.0
973 0.05156051174495832 0.0
974 0.05158071334154338 0.0
975 0.05160075781433023 0.0
976 0.05162064510225994 0.0
977 0.05164037514475238 0.0
978 0.051659947881706414 0.0
979 0.051679363253500095 0.0
980 0.05169862120099084 0.0
981 0.05171772166551559 0.0
982 0.051736664588891014 0.0
983 0.051755449913413694 0.0
984 0.05177407758186028 0.0
985 0.05179254753748764 0.0
986 0.051810859724033105 0.0
987 0.05182901408571457 0.0
988 0.0518470105672307 0.0
989 0.051864849113761095 0.0
990 0.05188252967096646 0.0
991 0.05190005218498873 0.0
992 0.0519174166024513 0.0
993 0.05193462287045914 0.0
994 0.051951670936598984 0.0
995 0.05196856074893945 0.0
996 0.051985292256031254 0.0
997 0.05200186540690731 0.0
998 0.05201828015108293 0.0
999 0.05203453643855597 0.0
1000 0.05205063421980695 0.0
1001 0.052066573445799236 0.0
1002 0.05208235406797917 0.0
1003 0.05209797603827626 0.0
1004 0.05211343930910326 0.0
1005 0.05212874383335639 0.0
1006 0.052143889564415374 0.0
1007 0.05215887645614373 0.0
1008 0.052173704462888756 0.0
1009 0.05218837353948179 0.0
1010 0.052202883641238276 0.0
1011 0.052217234723957916 0.0
1012 0.05223142674392484 0.0
1013 0.052245459657907695 0.0
1014 0.052259333423159776 0.0
1015 0.0522730479974192 0.0
1016 0.052286603338908985 0.0
1017 0.05229999940633722 0.0
1018 0.05231323615889716 0.0
1019 0.05232631355626735 0.0
1020 0.05233923155861179 0.0
1021 0.05235199012657998 0.0
1022 0.05236458922130712 0.0
1023 0.052377028804414194 0.0
1024 0.052389308838008054 0.0
1025 0.05240142928468161 0.0
1026 0.052413390107513856 0.0
1027 0.05242519127007007 0.0
1028 0.052436832736401866 0.0
1029 0.052448314471047294 0.0
1030 0.052459636439031024 0.0
1031 0.052470798605864365 0.0
1032 0.052481800937545425 0.0
1033 0.052492643400559195 0.0
1034 0.05250332596187766 0.0
1035 0.05251384858895986 0.0
1036 0.052524211249752074 0.0
1037 0.05253441391268784 0.0
1038 0.05254445654668805 0.0
1039 0.05255433912116113 0.0
1040 0.05256406160600302 0.0
1041 0.05257362397159737 0.0
1042 0.05258302618881554 0.0
1043 0.052592268229016734 0.0
1044 0.052601350064048126 0.0
1045 0.052610271666244844 0.0
1046 0.052619033008430155 0.0
1047 0.05262763406391549 0.0
1048 0.05263607480650054 0.0
1049 0.05264435521047334 0.0
1050 0.052652475250610335 0.0
1051 0.052660434902176485 0.0
1052 0.052668234140925314 0.0
1053 0.05267587294309898 0.0
1054 0.052683351285428365 0.0
1055 0.052690669145133144 0.0
1056 0.05269782649992186 0.0
1057 0.052704823327991944 0.0
1058 0.052711659608029864 0.0
1059 0.052718335319211114 0.0
1060 0.05272485044120033 0.0
1061 0.05273120495415132 0.0
1062 0.05273739883870712 0.0
1063 0.05274343207600011 0.0
1064 0.05274930464765198 0.0
1065 0.052755016535773865 0.0
1066 0.05276056772296636 0.0
1067 0.0527659581923196 0.0
1068 0.05277118792741327 0.0
1069 0.05277625691231668 0.0
1070 0.05278116513158884 0.0
1071 0.05278591257027847 0.0
1072 0.052790499213924015 0.0
1073 0.05279492504855379 0.0
1074 0.05279919006068593 0.0
1075 0.05280329423732847 0.0
1076 0.05280723756597937 0.0
1077 0.05281102003462656 0.0
1078 0.052814641631748004 0.0
1079 0.05281810234631168 0.0
1080 0.05282140216777565 0.0
1081 0.052824541086088084 0.0
1082 0.0528275190916873 0.0
1083 0.05283033617550176 0.0
1084 0.052832992328950154 0.0
1085 0.05283548754394138 0.0
1086 0.052837821812874566 0.0
1087 0.05283999512863914 0.0
1088 0.05284200748461479 0.0
1089 0.05284385887467154 0.0
1090 0.05284554929316974 0.0
1091 0.05284707873496006 0.0
1092 0.05284844719538358 0.0
1093 0.052849654670271716 0.0
1094 0.0528507011559463 0.0
1095 0.05285158664921955 0.0
1096 0.052852311147394096 0.0
1097 0.052852874648263 0.0
1098 0.05285327715010974 0.0
1099 0.052853518651708224 0.0
1100 0.05285359915232279 0.0
1101 0.052853518651708224 0.0
1102 0.05285327715010974 0.0
1103 0.052852874648263 0.0
1104 0.052852311147394096 0.0
1105 0.05285158664921955 0.0
1106 0.0528507011559463 0.0
1107 0.052849654670271716 0.0
1108 0.05284844719538358 0.0
1109 0.05284707873496006 0.0
1110 0.05284554929316974 0.0
1111 0.05284385887467154 0.0
1112 0.05284200748461479 0.0
1113 0.05283999512863914 0.0
1114 0.052837821812874566 0.0
1115 0.05283548754394138 0.0
1116 0.052832992328950154 0.0
1117 0.05283033617550176 0.0
1118 0.0528275190916873 0.0
1119 0.052824541086088084 0.0
1120 0.05282140216777565 0.0
1121 0.05281810234631168 0.0
1122 0.052814641631748004 0.0
1123 0.05281102003462656 0.0
1124 0.05280723756597937 0.0
1125 0.05280329423732847 0.0
1126 0.05279919006068593 0.0
1127 0.05279492504855379 0.0
1128 0.052790499213924015 0.0
1129 0.05278591257027847 0.0
1130 0.05278116513158884 0.0
1131 0.05277625691231668 0.0
1132 0.05277118792741327 0.0
1133 0.0527659581923196 0.0
1134 0.05276056772296637 0.0
1135 0.052755016535773865 0.0
1136 0.05274930464765198 0.0
1137 0.05274343207600011 0.0
1138 0.05273739883870712 0.0
1139 0.05273120495415132 0.0
1140 0.05272485044120033 0.0
1141 0.052718335319211114 0.0
1142 0.052711659608029864 0.0
1143 0.052704823327991944 0.0
1144 0.05269782649992186 0.0
1145 0.052690669145133144 0.0
1146 0.052683351285428365 0.0
1147 0.05267587294309898 0.0
1148 0.052668234140925314 0.0
1149 0.052660434902176485 0.0
1150 0.052652475250610335 0.0
1151 0.05264435521047334 0.0
1152 0.05263607480650054 0.0
1153 0.05262763406391549 0.0
1154 0.052619033008430155 0.0
1155 0.05261027166624485 0.0
1156 0.052601350064048126 0.0
1157 0.05259226822901674 0.0
1158 0.05258302618881554 0.0
1159 0.05257362397159737 0.0
1160 0.05256406160600303 0.0
1161 0.05255433912116113 0.0
1162 0.05254445654668805 0.0
1163 0.05253441391268784 0.0
1164 0.052524211249752074 0.0
1165 0.05251384858895986 0.0
1166 0.05250332596187766 0.0
1167 0.0524926434005592 0.0
1168 0.052481800937545425 0.0
1169 0.052470798605864365 0.0
1170 0.052459636439031024 0.0
1171 0.0524483144710473 0.0
1172 0.05243683273640186 0.0
1173 0.05242519127007007 0.0
1174 0.052413390107513856 0.0
1175 0.05240142928468161 0.0
1176 0.052389308838008054 0.0
1177 0.052377028804414194 0.0
1178 0.05236458922130712 0.0
1179 0.052351990126579984 0.0
1180 0.05233923155861179 0.0
1181 0.05232631355626735 0.0
1182 0.05231323615889716 0.0
1183 0.05229999940633722 0.0
1184 0.052286603338908985 0.0
1185 0.0522730479974192 0.0
1186 0.052259333423159776 0.0
1187 0.052245459657907695 0.0
1188 0.05223142674392484 0.0
1189 0.052217234723957916 0.0
1190 0.05220288364123827 0.0
1191 0.05218837353948179 0.0
1192 0.052173704462888756 0.0
1193 0.052158876456143734 0.0
1194 0.05214388956441538 0.0
1195 0.05212874383335639 0.0
1196 0.05211343930910327 0.0
1197 0.05209797603827626 0.0
1198 0.052082354067979175 0.0
1199 0.05206657344579923 0.0
1200 0.05205063421980695 0.0
1201 0.052034536438555976 0.0
1202 0.05201828015108294 0.0
1203 0.05200186540690731 0.0
1204 0.051985292256031254 0.0
1205 0.05196856074893945 0.0
1206 0.051951670936598984 0.0
1207 0.05193462287045914 0.0
1208 0.0519174166024513 0.0
1209 0.05190005218498873 0.0
1210 0.05188252967096646 0.0
1211 0.0518648491137611 0.0
1212 0.051847010567230706 0.0
1213 0.05182901408571457 0.0
1214 0.051810859724033105 0.0
1215 0.05179254753748764 0.0
1216 0.05177407758186028 0.0
1217 0.0517554499134137 0.0
1218 0.051736664588891014 0.0
1219 0.05171772166551559 0.0
1220 0.05169862120099084 0.0
1221 0.0516793632535001 0.0
1222 0.051659947881706414 0.0
1223 0.05164037514475238 0.0
1224 0.05162064510225994 0.0
1225 0.05160075781433023 0.0
1226 0.051580713341543384 0.0
1227 0.05156051174495832 0.0
1228 0.05154015308611263 0.0
1229 0.051519637427022306 0.0
1230 0.05149896483018161 0.0
1231 0.05147813535856285 0.0
1232 0.051457149075616215 0.0
1233 0.05143600604526956 0.0
1234 0.05141470633192822 0.0
1235 0.05139325000047482 0.0
1236 0.051371637116269055 0.0
1237 0.05134986774514754 0.0
1238 0.05132794195342354 0.0
1239 0.05130585980788682 0.0
1240 0.05128362137580343 0.0
1241 0.05126122672491548 0.0
1242 0.05123867592344098 0.0
1243 0.05121596904007356 0.0
1244 0.05119310614398235 0.0
1245 0.051170087304811665 0.0
1246 0.0511469125926809 0.0
1247 0.05112358207818425 0.0
1248 0.0511000958323905 0.0
1249 0.05107645392684283 0.0
1250 0.05105265643355859 0.0
1251 0.05102870342502906 0.0
1252 0.051004594974219275 0.0
1253 0.05098033115456774 0.0
1254 0.050955912039986256 0.0
1255 0.0509313377048597 0.0
1256 0.050906608224045746 0.0
1257 0.05088172367287468 0.0
1258 0.05085668412714917 0.0
1259 0.050831489663144006 0.0
1260 0.050806140357605896 0.0
1261 0.05078063628775322 0.0
1262 0.0507549775312758 0.0
1263 0.05072916416633467 0.0
1264 0.050703196271561786 0.0
1265 0.05067707392605989 0.0
1266 0.05065079720940216 0.0
1267 0.05062436620163204 0.0
1268 0.050597780983262945 0.0
1269 0.050571041635278084 0.0
1270 0.05054414823913014 0.0
1271 0.05051710087674107 0.0
1272 0.05048989963050181 0.0
1273 0.05046254458327208 0.0
1274 0.05043503581838011 0.0
1275 0.05040737341962236 0.0
1276 0.0503795574712633 0.0
1277 0.05035158805803512 0.0
1278 0.050323465265137514 0.0
1279 0.05029518917823738 0.0
1280 0.0502667598834686 0.0
1281 0.050238177467431706 0.0
1282 0.05020944201719371 0.0
1283 0.05018055362028779 0.0
1284 0.05015151236471299 0.0
1285 0.05012231833893403 0.0
1286 0.05009297163188095 0.0
1287 0.050063472332948944 0.0
1288 0.050033820531997966 0.0
1289 0.05000401631935256 0.0
1290 0.0499740597858015 0.0
1291 0.04994395102259761 0.0
1292 0.0499136901214574 0.0
1293 0.04988327717456082 0.0
1294 0.04985271227455097 0.0
1295 0.04982199551453385 0.0
1296 0.04979112698807803 0.0
1297 0.0497601067892144 0.0
1298 0.04972893501243586 0.0
1299 0.04969761175269706 0.0
1300 0.049666137105414065 0.0
1301 0.04963451116646412 0.0
1302 0.04960273403218531 0.0
1303 0.04957080579937632 0.0
1304 0.04953872656529606 0.0
1305 0.049506496427663436 0.0
1306 0.04947411548465706 0.0
1307 0.04944158383491489 0.0
1308 0.04940890157753397 0.0
1309 0.04937606881207012 0.0
1310 0.04934308563853765 0.0
1311 0.04930995215740902 0.0
1312 0.04927666846961456 0.0
1313 0.04924323467654215 0.0
1314 0.049209650880036926 0.0
1315 0.04917591718240096 0.0
1316 0.049142033686392944 0.0
1317 0.04910800049522788 0.0
1318 0.04907381771257678 0.0
1319 0.049039485442566304 0.0
1320 0.04900500378977853 0.0
1321 0.04897037285925054 0.0
1322 0.04893559275647415 0.0
1323 0.048900663587395574 0.0
1324 0.04886558545841515 0.0
1325 0.04883035847638692 0.0
1326 0.04879498274861839 0.0
1327 0.04875945838287015 0.0
1328 0.048723785487355585 0.0
1329 0.048687964170740526 0.0
1330 0.04865199454214291 0.0
1331 0.048615876711132475 0.0
1332 0.048579610787730376 0.0
1333 0.04854319688240893 0.0
1334 0.04850663510609119 0.0
1335 0.04846992557015067 0.0
1336 0.04843306838641098 0.0
1337 0.048396063667145515 0.0
1338 0.048358911525077035 0.0
1339 0.04832161207337744 0.0
1340 0.04828416542566731 0.0
1341 0.04824657169601563 0.0
1342 0.04820883099893941 0.0
1343 0.04817094344940338 0.0
1344 0.04813290916281958 0.0
1345 0.048094728255047035 0.0
1346 0.04805640084239142 0.0
1347 0.04801792704160466 0.0
1348 0.04797930696988465 0.0
1349 0.04794054074487483 0.0
1350 0.04790162848466383 0.0
1351 0.04786257030778513 0.0
1352 0.04782336633321673 0.0
1353 0.04778401668038074 0.0
1354 0.047744521469143014 0.0
1355 0.04770488081981281 0.0
1356 0.04766509485314244 0.0
1357 0.04762516369032684 0.0
1358 0.04758508745300327 0.0
1359 0.04754486626325089 0.0
1360 0.04750450024359042 0.0
1361 0.047463989516983766 0.0
1362 0.04742333420683362 0.0
1363 0.04738253443698309 0.0
1364 0.047341590331715394 0.0
1365 0.047300502015753323 0.0
1366 0.04725926961425906 0.0
1367 0.047217893252833626 0.0
1368 0.0471763730575166 0.0
1369 0.0471347091547857 0.0
1370 0.04709290167155639 0.0
1371 0.047050950735181535 0.0
1372 0.04700885647345094 0.0
1373 0.04696661901459103 0.0
1374 0.04692423848726443 0.0
1375 0.04688171502056959 0.0
1376 0.04683904874404036 0.0
1377 0.046796239787645605 0.0
1378 0.046753288281788825 0.0
1379 0.046710194357307784 0.0
1380 0.04666695814547404 0.0
1381 0.046623579777992565 0.0
1382 0.046580059387001424 0.0
1383 0.04653639710507126 0.0
1384 0.04649259306520495 0.0
1385 0.04644864740083721 0.0
1386 0.04640456024583415 0.0
1387 0.04636033173449288 0.0
1388 0.04631596200154114 0.0
1389 0.04627145118213682 0.0
1390 0.04622679941186758 0.0
1391 0.046182006826750464 0.0
1392 0.04613707356323145 0.0
1393 0.04609199975818507 0.0
1394 0.04604678554891395 0.0
1395 0.04600143107314839 0.0
1396 0.04595593646904601 0.0
1397 0.04591030187519124 0.0
1398 0.04586452743059499 0.0
1399 0.04581861327469416 0.0
1400 0.04577255954735121 0.0
1401 0.04572636638885379 0.0
1402 0.045680033939914266 0.0
1403 0.04563356234166934 0.0
1404 0.045586951735679525 0.0
1405 0.04554020226392883 0.0
1406 0.04549331406882423 0.0
1407 0.04544628729319534 0.0
1408 0.04539912208029384 0.0
1409 0.04535181857379316 0.0
1410 0.04530437691778798 0.0
1411 0.04525679725679381 0.0
1412 0.04520907973574657 0.0
1413 0.045161224500002074 0.0
1414 0.045113231695335695 0.0
1415 0.045065101467941814 0.0
1416 0.04501683396443347 0.0
1417 0.04496842933184185 0.0
1418 0.04491988771761584 0.0
1419 0.04487120926962164 0.0
1420 0.04482239413614224 0.0
1421 0.04477344246587697 0.0
1422 0.044724354407941154 0.0
1423 0.0446751301118655 0.0
1424 0.04462576972759576 0.0
1425 0.04457627340549222 0.0
1426 0.04452664129632927 0.0
1427 0.04447687355129492 0.0
1428 0.04442697032199035 0.0
1429 0.04437693176042943 0.0
1430 0.04432675801903833 0.0
1431 0.04427644925065496 0.0
1432 0.04422600560852854 0.0
1433 0.04417542724631915 0.0
1434 0.04412471431809727 0.0
1435 0.04407386697834327 0.0
1436 0.044022885381946965 0.0
1437 0.04397176968420713 0.0
1438 0.04392052004083104 0.0
1439 0.04386913660793402 0.0
1440 0.043817619542038895 0.0
1441 0.0437659690000756 0.0
1442 0.043714185139380635 0.0
1443 0.04366226811769661 0.0
1444 0.04361021809317179 0.0
1445 0.04355803522435958 0.0
1446 0.043505719670218046 0.0
1447 0.043453271590109414 0.0
1448 0.04340069114379967 0.0
1449 0.04334797849145795 0.0
1450 0.04329513379365615 0.0
1451 0.043242157211368364 0.0
1452 0.043189048905970445 0.0
1453 0.043135809039239525 0.0
1454 0.043082437773353466 0.0
1455 0.043028935270890384 0.0
1456 0.042975301694828195 0.0
1457 0.04292153720854408 0.0
1458 0.042867641975813955 0.0
1459 0.042813616160812085 0.0
1460 0.04275945992811045 0.0
1461 0.042705173442678324 0.0
1462 0.042650756869881776 0.0
1463 0.04259621037548311 0.0
1464 0.042541534125640414 0.0
1465 0.04248672828690702 0.0
1466 0.042431793026231006 0.0
1467 0.04237672851095473 0.0
1468 0.04232153490881424 0.0
1469 0.04226621238793883 0.0
1470 0.042210761116850466 0.0
1471 0.042155181264463375 0.0
1472 0.042099473000083404 0.0
1473 0.04204363649340759 0.0
1474 0.041987671914523614 0.0
1475 0.04193157943390928 0.0
1476 0.04187535922243203 0.0
1477 0.04181901145134838 0.0
1478 0.0417625362923034 0.0
1479 0.041705933917330205 0.0
1480 0.041649204498849485 0.0
1481 0.04159234820966885 0.0
1482 0.04153536522298245 0.0
1483 0.041478255712370314 0.0
1484 0.04142101985179792 0.0
1485 0.04136365781561565 0.0
1486 0.041306169778558194 0.0
1487 0.041248555915744084 0.0
1488 0.04119081640267514 0.0
1489 0.04113295141523592 0.0
1490 0.04107496112969324 0.0
1491 0.041016845722695545 0.0
1492 0.040958605371272445 0.0
1493 0.04090024025283416 0.0
1494 0.04084175054517096 0.0
1495 0.040783136426452614 0.0
1496 0.04072439807522794 0.0
1497 0.04066553567042411 0.0
1498 0.040606549391346204 0.0
1499 0.040547439417676696 0.0
1500 0.040488205929474795 0.0
1501 0.040428849107175986 0.0
1502 0.04036936913159143 0.0
1503 0.04030976618390746 0.0
1504 0.040250040445685 0.0
1505 0.04019019209885899 0.0
1506 0.040130221325737875 0.0
1507 0.04007012830900303 0.0
1508 0.040009913231708216 0.0
1509 0.039949576277279 0.0
1510 0.039889117629512194 0.0
1511 0.03982853747257533 0.0
1512 0.039767835991006084 0.0
1513 0.03970701336971169 0.0
1514 0.039646069793968404 0.0
1515 0.03958500544942092 0.0
1516 0.0395238205220818 0.0
1517 0.03946251519833099 0.0
1518 0.03940108966491511 0.0
1519 0.039339544108946994 0.0
1520 0.039277878717905085 0.0
1521 0.03921609367963283 0.0
1522 0.039154189182338206 0.0
1523 0.03909216541459303 0.0
1524 0.03903002256533246 0.0
1525 0.03896776082385438 0.0
1526 0.03890538037981887 0.0
1527 0.03884288142324757 0.0
1528 0.03878026414452315 0.0
1529 0.03871752873438868 0.0
1530 0.038654675383947124 0.0
1531 0.03859170428466068 0.0
1532 0.038528615628350214 0.0
1533 0.03846540960719476 0.0
1534 0.03840208641373078 0.0
1535 0.03833864624085172 0.0
1536 0.03827508928180735 0.0
1537 0.03821141573020318 0.0
1538 0.0381476257799999 0.0
1539 0.03808371962551275 0.0
1540 0.03801969746141097 0.0
1541 0.03795555948271718 0.0
1542 0.03789130588480678 0.0
1543 0.03782693686340736 0.0
1544 0.03776245261459812 0.0
1545 0.037697853334809295 0.0
1546 0.03763313922082148 0.0
1547 0.03756831046976508 0.0
1548 0.03750336727911971 0.0
1549 0.03743830984671362 0.0
1550 0.03737313837072301 0.0
1551 0.0373078530496715 0.0
1552 0.037242454082429495 0.0
1553 0.03717694166821359 0.0
1554 0.03711131600658598 0.0
1555 0.037045577297453794 0.0
1556 0.03697972574106855 0.0
1557 0.03691376153802549 0.0
1558 0.036847684889263044 0.0
1559 0.03678149599606213 0.0
1560 0.0367151950600456 0.0
1561 0.0366487822831776 0.0
1562 0.03658225786776294 0.0
1563 0.03651562201644657 0.0
1564 0.036448874932212834 0.0
1565 0.03638201681838492 0.0
1566 0.03631504787862423 0.0
1567 0.036247968316929786 0.0
1568 0.03618077833763757 0.0
1569 0.036113478145419875 0.0
1570 0.03604606794528481 0.0
1571 0.035978547942575496 0.0
1572 0.03591091834296957 0.0
1573 0.035843179352478556 0.0
1574 0.03577533117744714 0.0
1575 0.035707374024552645 0.0
1576 0.03563930810080431 0.0
1577 0.035571133613542784 0.0
1578 0.035502850770439354 0.0
1579 0.03543445977949542 0.0
1580 0.03536596084904177 0.0
1581 0.03529735418773807 0.0
1582 0.03522864000457208 0.0
1583 0.035159818508859124 0.0
1584 0.0350908899102414 0.0
1585 0.03502185441868738 0.0
1586 0.03495271224449117 0.0
1587 0.0348834635982718 0.0
1588 0.03481410869097266 0.0
1589 0.034744647733860816 0.0
1590 0.034675080938526386 0.0
1591 0.03460540851688192 0.0
1592 0.03453563068116169 0.0
1593 0.034465747643921074 0.0
1594 0.034395759618035905 0.0
1595 0.03432566681670189 0.0
1596 0.03425546945343383 0.0
1597 0.03418516774206508 0.0
1598 0.03411476189674684 0.0
1599 0.0340442521319475 0.0
1600 0.03397363866245207 0.0
1601 0.03390292170336142 0.0
1602 0.03383210147009165 0.0
1603 0.03376117817837347 0.0
1604 0.03369015204425156 0.0
1605 0.033619023284083824 0.0
1606 0.03354779211454078 0.0
1607 0.03347645875260495 0.0
1608 0.03340502341557013 0.0
1609 0.03333348632104072 0.0
1610 0.03326184768693113 0.0
1611 0.03319010773146507 0.0
1612 0.03311826667317487 0.0
1613 0.03304632473090087 0.0
1614 0.032974282123790694 0.0
1615 0.032902139071298624 0.0
1616 0.0328298957931849 0.0
1617 0.03275755250951505 0.0
1618 0.03268510944065932 0.0
1619 0.03261256680729182 0.0
1620 0.03253992483039002 0.0
1621 0.032467183731233945 0.0
1622 0.03239434373140561 0.0
1623 0.032321405052788306 0.0
1624 0.03224836791756589 0.0
1625 0.03217523254822214 0.0
1626 0.03210199916754004 0.0
1627 0.032028667998601226 0.0
1628 0.03195523926478513 0.0
1629 0.0318817131897684 0.0
1630 0.031808089997524235 0.0
1631 0.0317343699123216 0.0
1632 0.03166055315872472 0.0
1633 0.031586639961592194 0.0
1634 0.03151263054607644 0.0
1635 0.03143852513762297 0.0
1636 0.031364323961969726 0.0
1637 0.03129002724514635 0.0
1638 0.031215635213473536 0.0
1639 0.031141148093562294 0.0
1640 0.0310665661123133 0.0
1641 0.03099188949691624 0.0
1642 0.030917118474849015 0.0
1643 0.0308422532738771 0.0
1644 0.03076729412205294 0.0
1645 0.03069224124771507 0.0
1646 0.030617094879487557 0.0
1647 0.030541855246279295 0.0
1648 0.03046652257728325 0.0
1649 0.030391097101975767 0.0
1650 0.030315579050115966 0.0
1651 0.030239968651744914 0.0
1652 0.030164266137184995 0.0
1653 0.030088471737039192 0.0
1654 0.030012585682190382 0.0
1655 0.029936608203800685 0.0
1656 0.029860539533310648 0.0
1657 0.029784379902438644 0.0
1658 0.02970812954318009 0.0
1659 0.029631788687806852 0.0
1660 0.029555357568866385 0.0
1661 0.029478836419181143 0.0
1662 0.029402225471847804 0.0
1663 0.029325524960236594 0.0
1664 0.029248735117990605 0.0
1665 0.029171856179024996 0.0
1666 0.029094888377526357 0.0
1667 0.02901783194795194 0.0
1668 0.028940687125028987 0.0
1669 0.028863454143754047 0.0
1670 0.028786133239392147 0.0
1671 0.028708724647476182 0.0
1672 0.028631228603806114 0.0
1673 0.028553645344448386 0.0
1674 0.028475975105735032 0.0
1675 0.028398218124263068 0.0
1676 0.028320374636893752 0.0
1677 0.02824244488075182 0.0
1678 0.02816442909322487 0.0
1679 0.02808632751196249 0.0
1680 0.028008140374875635 0.0
1681 0.02792986792013592 0.0
1682 0.027851510386174786 0.0
1683 0.02777306801168286 0.0
1684 0.02769454103560926 0.0
1685 0.02761592969716075 0.0
1686 0.02753723423580108 0.0
1687 0.02745845489125032 0.0
1688 0.02737959190348398 0.0
1689 0.027300645512732414 0.0
1690 0.02722161595948001 0.0
1691 0.027142503484464477 0.0
1692 0.027063308328676167 0.0
1693 0.02698403073335725 0.0
1694 0.026904670940001024 0.0
1695 0.026825229190351164 0.0
1696 0.02674570572640105 0.0
1697 0.026666100790392937 0.0
1698 0.026586414624817253 0.0
1699 0.026506647472411885 0.0
1700 0.02642679957616139 0.0
1701 0.026346871179296353 0.0
1702 0.026266862525292506 0.0
1703 0.026186773857870084 0.0
1704 0.026106605420993044 0.0
1705 0.02602635745886838 0.0
1706 0.02594603021594529 0.0
1707 0.02586562393691448 0.0
1708 0.025785138866707424 0.0
1709 0.02570457525049558 0.0
1710 0.025623933333689737 0.0
1711 0.025543213361939144 0.0
1712 0.025462415581130823 0.0
1713 0.025381540237388835 0.0
1714 0.025300587577073482 0.0
1715 0.025219557846780642 0.0
1716 0.02513845129334091 0.0
1717 0.025057268163818893 0.0
1718 0.024976008705512524 0.0
1719 0.02489467316595218 0.0
1720 0.024813261792900006 0.0
1721 0.024731774834349202 0.0
1722 0.02465021253852315 0.0
1723 0.024568575153874738 0.0
1724 0.024486862929085626 0.0
1725 0.024405076113065412 0.0
1726 0.024323214954950916 0.0
1727 0.024241279704105403 0.0
1728 0.024159270610117897 0.0
1729 0.0240771879228023 0.0
1730 0.023995031892196712 0.0
1731 0.02391280276856266 0.0
1732 0.023830500802384275 0.0
1733 0.023748126244367677 0.0
1734 0.023665679345440026 0.0
1735 0.023583160356748883 0.0
1736 0.023500569529661366 0.0
1737 0.02341790711576351 0.0
1738 0.023335173366859335 0.0
1739 0.023252368534970196 0.0
1740 0.023169492872333965 0.0
1741 0.023086546631404265 0.0
1742 0.023003530064849766 0.0
1743 0.022920443425553317 0.0
1744 0.022837286966611223 0.0
1745 0.02275406094133248 0.0
1746 0.022670765603237976 0.0
1747 0.022587401206059798 0.0
1748 0.022503968003740334 0.0
1749 0.02242046625043159 0.0
1750 0.022336896200494366 0.0
1751 0.022253258108497567 0.0
1752 0.022169552229217307 0.0
1753 0.022085778817636213 0.0
1754 0.0220019381289426 0.0
1755 0.021918030418529792 0.0
1756 0.021834055941995202 0.0
1757 0.02175001495513963 0.0
1758 0.021665907713966537 0.0
1759 0.021581734474681147 0.0
1760 0.021497495493689723 0.0
1761 0.02141319102759885 0.0
1762 0.02132882133321453 0.0
1763 0.02124438666754149 0.0
1764 0.021159887287782342 0.0
1765 0.02107532345133689 0.0
1766 0.020990695415801224 0.0
1767 0.020906003438967022 0.0
1768 0.020821247778820724 0.0
1769 0.02073642869354276 0.0
1770 0.020651546441506807 0.0
1771 0.020566601281278903 0.0
1772 0.02048159347161675 0.0
1773 0.020396523271468844 0.0
1774 0.020311390939973816 0.0
1775 0.02022619673645949 0.0
1776 0.020140940920442184 0.0
1777 0.020055623751625902 0.0
1778 0.01997024548990151 0.0
1779 0.019884806395346042 0.0
1780 0.019799306728221788 0.0
1781 0.019713746748975546 0.0
1782 0.019628126718237836 0.0
1783 0.019542446896822167 0.0
1784 0.01945670754572411 0.0
1785 0.019370908926120596 0.0
1786 0.0192850512993691 0.0
1787 0.01919913492700682 0.0
1788 0.019113160070749976 0.0
1789 0.01902712699249286 0.0
1790 0.01894103595430716 0.0
1791 0.01885488721844107 0.0
1792 0.01876868104731864 0.0
1793 0.01868241770353879 0.0
1794 0.0185960974498746 0.0
1795 0.018509720549272576 0.0
1796 0.018423287264851717 0.0
1797 0.018336797859902783 0.0
1798 0.018250252597887533 0.0
1799 0.01816365174243783 0.0
1800 0.01807699555735489 0.0
1801 0.017990284306608467 0.0
1802 0.01790351825433611 0.0
1803 0.017816697664842243 0.0
1804 0.017729822802597432 0.0
1805 0.017642893932237558 0.0
1806 0.017555911318563076 0.0
1807 0.01746887522653809 0.0
1808 0.017381785921289628 0.0
1809 0.017294643668106822 0.0
1810 0.017207448732440067 0.0
1811 0.017120201379900297 0.0
1812 0.01703290187625806 0.0
1813 0.016945550487442784 0.0
1814 0.01685814747954195 0.0
1815 0.01677069311880025 0.0
1816 0.016683187671618884 0.0
1817 0.016595631404554594 0.0
1818 0.016508024584318957 0.0
1819 0.016420367477777514 0.0
1820 0.016332660351949062 0.0
1821 0.01624490347400469 0.0
1822 0.016157097111267074 0.0
1823 0.01606924153120962 0.0
1824 0.015981337001455632 0.0
1825 0.01589338378977761 0.0
1826 0.015805382164096254 0.0
1827 0.015717332392479785 0.0
1828 0.015629234743143056 0.0
1829 0.015541089484446827 0.0
1830 0.015452896884896823 0.0
1831 0.01536465721314297 0.0
1832 0.01527637073797866 0.0
1833 0.015188037728339782 0.0
1834 0.015099658453303985 0.0
1835 0.015011233182089908 0.0
1836 0.01492276218405624 0.0
1837 0.014834245728700964 0.0
1838 0.014745684085660597 0.0
1839 0.01465707752470924 0.0
1840 0.014568426315757844 0.0
1841 0.01447973072885337 0.0
1842 0.01439099103417793 0.0
1843 0.014302207502048072 0.0
1844 0.014213380402913806 0.0
1845 0.014124510007357883 0.0
1846 0.014035596586094943 0.0
1847 0.013946640409970656 0.0
1848 0.013857641749961019 0.0
1849 0.013768600877171352 0.0
1850 0.013679518062835598 0.0
1851 0.013590393578315436 0.0
1852 0.013501227695099552 0.0
1853 0.013412020684802663 0.0
1854 0.013322772819164793 0.0
1855 0.01323348437005042 0.0
1856 0.01314415560944762 0.0
1857 0.013054786809467337 0.0
1858 0.01296537824234241 0.0
1859 0.012875930180426843 0.0
1860 0.01278644289619492 0.0
1861 0.012696916662240475 0.0
1862 0.012607351751275917 0.0
1863 0.012517748436131501 0.0
1864 0.012428106989754464 0.0
1865 0.012338427685208174 0.0
1866 0.01224871079567139 0.0
1867 0.012158956594437293 0.0
1868 0.012069165354912726 0.0
1869 0.01197933735061742 0.0
1870 0.01188947285518303 0.0
1871 0.011799572142352376 0.0
1872 0.011709635485978663 0.0
1873 0.01161966316002452 0.0
1874 0.011529655438561234 0.0
1875 0.011439612595767978 0.0
1876 0.011349534905930847 0.0
1877 0.011259422643442103 0.0
1878 0.011169276082799325 0.0
1879 0.011079095498604549 0.0
1880 0.010988881165563522 0.0
1881 0.010898633358484719 0.0
1882 0.010808352352278616 0.0
1883 0.01071803842195679 0.0
1884 0.010627691842631183 0.0
1885 0.010537312889513121 0.0
1886 0.010446901837912567 0.0
1887 0.010356458963237267 0.0
1888 0.010265984540991875 0.0
1889 0.010175478846777221 0.0
1890 0.01008494215628932 0.0
1891 0.009994374745318635 0.0
1892 0.009903776889749206 0.0
1893 0.009813148865557786 0.0
1894 0.009722490948813107 0.0
1895 0.009631803415674876 0.0
1896 0.00954108654239305 0.0
1897 0.009450340605306935 0.0
1898 0.009359565880844436 0.0
1899 0.009268762645521086 0.0
1900 0.009177931175939284 0.0
1901 0.009087071748787446 0.0
1902 0.008996184640839112 0.0
1903 0.008905270128952227 0.0
1904 0.008814328490068135 0.0
1905 0.008723360001210817 0.0
1906 0.008632364939486116 0.0
1907 0.008541343582080745 0.0
1908 0.008450296206261518 0.0
1909 0.008359223089374583 0.0
1910 0.008268124508844421 0.0
1911 0.008177000742173085 0.0
1912 0.00808585206693942 0.0
1913 0.007994678760798075 0.0
1914 0.00790348110147875 0.0
1915 0.007812259366785329 0.0
1916 0.007721013834595017 0.0
1917 0.007629744782857576 0.0
1918 0.007538452489594338 0.0
1919 0.007447137232897466 0.0
1920 0.007355799290929043 0.0
1921 0.0072644389419203245 0.0
1922 0.007173056464170756 0.0
1923 0.007081652136047215 0.0
1924 0.0069902262359831345 0.0
1925 0.006898779042477639 0.0
1926 0.006807310834094785 0.0
1927 0.006715821889462574 0.0
1928 0.0066243124872722 0.0
1929 0.006532782906277148 0.0
1930 0.006441233425292441 0.0
1931 0.006349664323193653 0.0
1932 0.006258075878916147 0.0
1933 0.006166468371454212 0.0
1934 0.0060748420798601745 0.0
1935 0.0059831972832436586 0.0
1936 0.005891534260770584 0.0
1937 0.005799853291662415 0.0
1938 0.005708154655195283 0.0
1939 0.0056164386306991115 0.0
1940 0.005524705497556867 0.0
1941 0.0054329555352035565 0.0
1942 0.005341189023125454 0.0
1943 0.0052494062408593185 0.0
1944 0.0051576074679913955 0.0
1945 0.005065792984156646 0.0
1946 0.004973963069037957 0.0
1947 0.004882118002365153 0.0
1948 0.004790258063914209 0.0
1949 0.004698383533506479 0.0
1950 0.00460649469100769 0.0
1951 0.0045145918163271926 0.0
1952 0.0044226751894170585 0.0
1953 0.0043307450902713195 0.0
1954 0.004238801798924978 0.0
1955 0.004146845595453245 0.0
1956 0.004054876759970662 0.0
1957 0.00396289557263023 0.0
1958 0.0038709023136226433 0.0
1959 0.0037788972631753 0.0
1960 0.0036868807015515395 0.0
1961 0.003594852909049742 0.0
1962 0.0035028141660025714 0.0
1963 0.0034107647527759776 0.0
1964 0.003318704949768436 0.0
1965 0.0032266350374100723 0.0
1966 0.003134555296161783 0.0
1967 0.003042466006514476 0.0
1968 0.002950367448988075 0.0
1969 0.0028582599041307583 0.0
1970 0.002766143652518081 0.0
1971 0.0026740189747520965 0.0
1972 0.0025818861514605982 0.0
1973 0.00248974546329612 0.0
1974 0.0023975971909351774 0.0
1975 0.002305441615077366 0.0
1976 0.0022132790164445977 0.0
1977 0.0021211096757801085 0.0
1978 0.0020289338738476935 0.0
1979 0.0019367518914308092 0.0
1980 0.0018445640093318063 0.0
1981 0.001752370508370938 0.0
1982 0.0016601716693855739 0.0
1983 0.0015679677732294136 0.0
1984 0.0014757591007714917 0.0
1985 0.0013835459328953928 0.0
1986 0.0012913285504984645 0.0
1987 0.0011991072344908233 0.0
1988 0.0011068822657945912 0.0
1989 0.0010146539253429935 0.0
1990 0.0009224224940795967 0.0
1991 0.0008301882529573121 0.0
1992 0.0007379514829376338 0.0
1993 0.0006457124649897597 0.0
1994 0.0005534714800897114 0.0
1995 0.0004612288092195726 0.0
1996 0.0003689847333664924 0.0
1997 0.0002767395335219234 0.0
1998 0.0001844934906807184 0.0
1999 9.22468858403685e-05 0.0
2000 0.0 0.0
2001 0.0 0.0
2002 0.0 0.0
2003 0.0 0.0
2004 0.0 0.0
2005 0.0 0.0
2006 0.0 0.0
2007 0.0 0.0
2008 0.0 0.0
2009 0.0 0.0
2010 0.0 0.0
2011 0.0 0.0
2012 0.0 0.0
2013 0.0 0.0
2014 0.0 0.0
2015 0.0 0.0
2016 0.0 0.0
2017 0.0 0.0
2018 0.0 0.0
2019 0.0 0.0
2020 0.0 0.0
2021 0.0 0.0
2022 0.0 0.0
2023 0.0 0.0
2024 0.0 0.0
2025 0.0 0.0
2026 0.0 0.0
2027 0.0 0.0
2028 0.0 0.0
2029 0.0 0.0
2030 0.0 0.0
2031 0.0 0.0
2032 0.0 0.0
2033 0.0 0.0
2034 0.0 0.0
2035 0.0 0.0
2036 0.0 0.0
2037 0.0 0.0
2038 0.0 0.0
2039 0.0 0.0
2040 0.0 0.0
2041 0.0 0.0
2042 0.0 0.0
2043 0.0 0.0
2044 0.0 0.0
2045 0.0 0.0
2046 0.0 0.0
2047 0.0 0.0
2048 0.0 0.0
2049 0.0 0.0
2050 0.0 0.0
2051 0.0 0.0
2052 0.0 0.0
2053 0.0 0.0
2054 0.0 0.0
2055 0.0 0.0
2056 0.0 0.0
2057 0.0 0.0
2058 0.0 0.0
2059 0.0 0.0
2060 0.0 0.0
2061 0.0 0.0
2062 0.0 0.0
2063 0.0 0.0
2064 0.0 0.0
2065 0.0 0.0
2066 0.0 0.0
2067 0.0 0.0
2068 0.0 0.0
2069 0.0 0.0
2070 0.0 0.0
2071 0.0 0.0
2072 0.0 0.0
2073 0.0 0.0
2074 0.0 0.0
2075 0.0 0.0
2076 0.0 0.0
2077 0.0 0.0
2078 0.0 0.0
2079 0.0 0.0
2080 0.0 0.0
2081 0.0 0.0
2082 0.0 0.0
2083 0.0 0.0
2084 0.0 0.0
2085 0.0 0.0
2086 0.0 0.0
2087 0.0 0.0
2088 0.0 0.0
2089 0.0 0.0
2090 0.0 0.0
2091 0.0 0.0
2092 0.0 0.0
2093 0.0 0.0
2094 0.0 0.0
2095 0.0 0.0
2096 0.0 0.0
2097 0.0 0.0
2098 0.0 0.0
2099 0.0 0.0
2100 0.0 0.0
2101 0.0 0.0
2102 0.0 0.0
2103 0.0 0.0
2104 0.0 0.0
2105 0.0 0.0
2106 0.0 0.0
2107 0.0 0.0
2108 0.0 0.0
2109 0.0 0.0
2110 0.0 0.0
2111 0.0 0.0
2112 0.0 0.0
2113 0.0 0.0
2114 0.0 0.0
2115 0.0 0.0
2116 0.0 0.0
2117 0.0 0.0
2118 0.0 0.0
2119 0.0 0.0
2120 0.0 0.0
2121 0.0 0.0
2122 0.0 0.0
2123 0.0 0.0
2124 0.0 0.0
2125 0.0 0.0
2126 0.0 0.0
2127 0.0 0.0
2128 0.0 0.0
2129 0.0 0.0
2130 0.0 0.0
2131 0.0 0.0
2132 0.0 0.0
2133 0.0 0.0
2134 0.0 0.0
2135 0.0 0.0
2136 0.0 0.0
2137 0.0 0.0
2138 0.0 0.0
2139 0.0 0.0
2140 0.0 0.0
2141 0.0 0.0
2142 0.0 0.0
2143 0.0 0.0
2144 0.0 0.0
2145 0.0 0.0
2146 0.0 0.0
2147 0.0 0.0
2148 0.0 0.0
2149 0.0 0.0
2150 0.0 0.0
2151 0.0 0.0
2152 0.0 0.0
2153 0.0 0.0
2154 0.0 0.0
2155 0.0 0.0
2156 0.0 0.0
2157 0.0 0.0
2158 0.0 0.0
2159 0.0 0.0
2160 0.0 0.0
2161 0.0 0.0
2162 0.0 0.0
2163 0.0 0.0
2164 0.0 0.0
2165 0.0 0.0
2166 0.0 0.0
2167 0.0 0.0
2168 0.0 0.0
2169 0.0 0.0
2170 0.0 0.0
2171 0.0 0.0
2172 0.0 0.0
2173 0.0 0.0
2174 0.0 0.0
2175 0.0 0.0
2176 0.0 0.0
2177 0.0 0.0
2178 0.0 0.0
2179 0.0 0.0
2180 0.0 0.0
2181 0.0 0.0
2182 0.0 0.0
2183 0.0 0.0
2184 0.0 0.0
2185 0.0 0.0
2186 0.0 0.0
2187 0.0 0.0
2188 0.0 0.0
2189 0.0 0.0
2190 0.0 0.0
2191 0.0 0.0
2192 0.0 0.0
2193 0.0 0.0
2194 0.0 0.0
2195 0.0 0.0
2196 0.0 0.0
2197 0.0 0.0
2198 0.0 0.0
2199 0.0 0.0