2200 0.000002100546602 1.0
2
0 0.0 0.0
1 0.0 0.0
2 0.0 0.0
3 0.0 0.0
4 0.0 0.0
5 0.0 0.0
6 0.0 0.0
7 0.0 0.0
8 0.0 0.0
9 0.0 0.0
10 0.0 0.0
11 0.0 0.0
12 0.0 0.0
13 0.0 0.0
14 0.0 0.0
15 0.0 0.0
16 0.0 0.0
17 0.0 0.0
18 0.0 0.0
19 0.0 0.0
20 0.0 0.0
21 0.0 0.0
22 0.0 0.0
23 0.0 0.0
24 0.0 0.0
25 0.0 0.0
26 0.0 0.0
27 0.0 0.0
28 0.0 0.0
29 0.0 0.0
30 0.0 0.0
31 0.0 0.0
32 0.0 0.0
33 0.0 0.0
34 0.0 0.0
35 0.0 0.0
36 0.0 0.0
37 0.0 0.0
38 0.0 0.0
39 0.0 0.0
40 0.0 0.0
41 0.0 0.0
42 0.0 0.0
43 0.0 0.0
44 0.0 0.0
45 0.0 0.0
46 0.0 0.0
47 0.0 0.0
48 0.0 0.0
49 0.0 0.0
50 0.0 0.0
51 0.0 0.0
52 0.0 0.0
53 0.0 0.0
54 0.0 0.0
55 0.0 0.0
56 0.0 0.0
57 0.0 0.0
58 0.0 0.0
59 0.0 0.0
60 0.0 0.0
61 0.0 0.0
62 0.0 0.0
63 0.0 0.0
64 0.0 0.0
65 0.0 0.0
66 0.0 0.0
67 0.0 0.0
68 0.0 0.0
69 0.0 0.0
70 0.0 0.0
71 0.0 0.0
72 0.0 0.0
73 0.0 0.0
74 0.0 0.0
75 0.0 0.0
76 0.0 0.0
77 0.0 0.0
78 0.0 0.0
79 0.0 0.0
80 0.0 0.0
81 0.0 0.0
82 0.0 0.0
83 0.0 0.0
84 0.0 0.0
85 0.0 0.0
86 0.0 0.0
87 0.0 0.0
88 0.0 0.0
89 0.0 0.0
90 0.0 0.0
91 0.0 0.0
92 0.0 0.0
93 0.0 0.0
94 0.0 0.0
95 0.0 0.0
96 0.0 0.0
97 0.0 0.0
98 0.0 0.0
99 0.0 0.0
100 0.0 0.0
101 0.0 0.0
102 0.0 0.0
103 0.0 0.0
104 0.0 0.0
105 0.0 0.0
106 0.0 0.0
107 0.0 0.0
108 0.0 0.0
109 0.0 0.0
110 0.0 0.0
111 0.0 0.0
112 0.0 0.0
113 0.0 0.0
114 0.0 0.0
115 0.0 0.0
116 0.0 0.0
117 0.0 0.0
118 0.0 0.0
119 0.0 0.0
120 0.0 0.0
121 0.0 0.0
122 0.0 0.0
123 0.0 0.0
124 0.0 0.0
125 0.0 0.0
126 0.0 0.0
127 0.0 0.0
128 0.0 0.0
129 0.0 0.0
130 0.0 0.0
131 0.0 0.0
132 0.0 0.0
133 0.0 0.0
134 0.0 0.0
135 0.0 0.0
136 0.0 0.0
137 0.0 0.0
138 0.0 0.0
139 0.0 0.0
140 0.0 0.0
141 0.0 0.0
142 0.0 0.0
143 0.0 0.0
144 0.0 0.0
145 0.0 0.0
146 0.0 0.0
147 0.0 0.0
148 0.0 0.0
149 0.0 0.0
150 0.0 0.0
151 0.0 0.0
152 0.0 0.0
153 0.0 0.0
154 0.0 0.0
155 0.0 0.0
156 0.0 0.0
157 0.0 0.0
158 0.0 0.0
159 0.0 0.0
160 0.0 0.0
161 0.0 0.0
162 0.0 0.0
163 0.0 0.0
164 0.0 0.0
165 0.0 0.0
166 0.0 0.0
167 0.0 0.0
168 0.0 0.0
169 0.0 0.0
170 0.0 0.0
171 0.0 0.0
172 0.0 0.0
173 0.0 0.0
174 0.0 0.0
175 0.0 0.0
176 0.0 0.0
177 0.0 0.0
178 0.0 0.0
179 0.0 0.0
180 0.0 0.0
181 0.0 0.0
182 0.0 0.0
183 0.0 0.0
184 0.0 0.0
185 0.0 0.0
186 0.0 0.0
187 0.0 0.0
188 0.0 0.0
189 0.0 0.0
190 0.0 0.0
191 0.0 0.0
192 0.0 0.0
193 0.0 0.0
194 0.0 0.0
195 0.0 0.0
196 0.0 0.0
197 0.0 0.0
198 0.0 0.0
199 0.0 0.0
200 0.0 0.0
201 -7.28064142824321e-06 0.0
202 -1.4561260678389988e-05 0.0
203 -2.184183557241146e-05 0.0
204 -2.9122343932413863e-05 0.0
205 -3.640276358070612e-05 0.0
206 -4.3683072339867374e-05 0.0
207 -5.096324803281456e-05 0.0
208 -5.824326848286997e-05 0.0
209 -6.552311151382875e-05 0.0
210 -7.280275495002654e-05 0.0
211 -8.008217661640698e-05 0.0
212 -8.736135433858921e-05 0.0
213 -9.46402659429355e-05 0.0
214 -0.00010191888925661882 0.0
215 -0.00010919720210769018 0.0
216 -0.00011647518232514647 0.0
217 -0.0001237528077389977 0.0
218 -0.00013103005618033482 0.0
219 -0.00013830690548139693 0.0
220 -0.00014558333347563916 0.0
221 -0.0001528593179977999 0.0
222 -0.00016013483688396844 0.0
223 -0.00016740986797165251 0.0
224 -0.00017468438909984575 0.0
225 -0.00018195837810909522 0.0
226 -0.00018923181284156887 0.0
227 -0.00019650467114112321 0.0
228 -0.00020377693085337048 0.0
229 -0.00021104856982574646 0.0
230 -0.0002183195659075777 0.0
231 -0.00022558989695014924 0.0
232 -0.00023285954080677182 0.0
233 -0.0002401284753328495 0.0
234 -0.0002473966783859472 0.0
235 -0.0002546641278258578 0.0
236 -0.00026193080151467 0.0
237 -0.0002691966773168357 0.0
238 -0.0002764617330992368 0.0
239 -0.00028372594673125364 0.0
240 -0.0002909892960848317 0.0
241 -0.0002982517590345492 0.0
242 -0.00030551331345768444 0.0
243 -0.0003127739372342834 0.0
244 -0.0003200336082472268 0.0
245 -0.0003272923043822978 0.0
246 -0.00033455000352824917 0.0
247 -0.00034180668357687056 0.0
248 -0.0003490623224230561 0.0
249 -0.00035631689796487143 0.0
250 -0.0003635703881036216 0.0
251 -0.00037082277074391745 0.0
252 -0.0003780740237937439 0.0
253 -0.00038532412516452646 0.0
254 -0.00039257305277119915 0.0
255 -0.00039982078453227124 0.0
256 -0.0004070672983698949 0.0
257 -0.0004143125722099323 0.0
258 -0.00042155658398202264 0.0
259 -0.00042879931161964995 0.0
260 -0.00043604073306020965 0.0
261 -0.0004432808262450764 0.0
262 -0.00045051956911967047 0.0
263 -0.000457756939633526 0.0
264 -0.0004649929157403569 0.0
265 -0.00047222747539812525 0.0
266 -0.0004794605965691077 0.0
267 -0.00048669225721996277 0.0
268 -0.0004939224353217981 0.0
269 -0.0005011511088502368 0.0
270 -0.0005083782557854863 0.0
271 -0.0005156038541124032 0.0
272 -0.0005228278818205622 0.0
273 -0.0005300503169043218 0.0
274 -0.0005372711373628925 0.0
275 -0.0005444903212004027 0.0
276 -0.0005517078464259666 0.0
277 -0.0005589236910537505 0.0
278 -0.0005661378331030402 0.0
279 -0.0005733502505983082 0.0
280 -0.0005805609215692798 0.0
281 -0.0005877698240510009 0.0
282 -0.000594976936083904 0.0
283 -0.000602182235713876 0.0
284 -0.0006093857009923251 0.0
285 -0.0006165873099762463 0.0
286 -0.0006237870407282902 0.0
287 -0.0006309848713168277 0.0
288 -0.000638180779816019 0.0
289 -0.0006453747443058787 0.0
290 -0.0006525667428723434 0.0
291 -0.0006597567536073382 0.0
292 -0.0006669447546088434 0.0
293 -0.0006741307239809616 0.0
294 -0.0006813146398339836 0.0
295 -0.0006884964802844559 0.0
296 -0.0006956762234552471 0.0
297 -0.0007028538474756141 0.0
298 -0.0007100293304812697 0.0
299 -0.0007172026506144481 0.0
300 -0.0007243737860239721 0.0
301 -0.0007315427148653197 0.0
302 -0.0007387094153006903 0.0
303 -0.0007458738654990715 0.0
304 -0.0007530360436363054 0.0
305 -0.0007601959278951556 0.0
306 -0.0007673534964653725 0.0
307 -0.0007745087275437615 0.0
308 -0.0007816615993342472 0.0
309 -0.0007888120900479423 0.0
310 -0.0007959601779032115 0.0
311 -0.0008031058411257397 0.0
312 -0.0008102490579485976 0.0
313 -0.0008173898066123079 0.0
314 -0.0008245280653649118 0.0
315 -0.000831663812462035 0.0
316 -0.0008387970261669546 0.0
317 -0.0008459276847506644 0.0
318 -0.0008530557664919418 0.0
319 -0.0008601812496774135 0.0
320 -0.0008673041126016221 0.0
321 -0.0008744243335670922 0.0
322 -0.0008815418908843952 0.0
323 -0.0008886567628722175 0.0
324 -0.0008957689278574252 0.0
325 -0.0009028783641751303 0.0
326 -0.0009099850501687569 0.0
327 -0.0009170889641901067 0.0
328 -0.000924190084599426 0.0
329 -0.0009312883897654703 0.0
330 -0.0009383838580655707 0.0
331 -0.0009454764678857009 0.0
332 -0.000952566197620541 0.0
333 -0.0009596530256735449 0.0
334 -0.0009667369304570048 0.0
335 -0.0009738178903921187 0.0
336 -0.0009808958839090545 0.0
337 -0.0009879708894470166 0.0
338 -0.0009950428854543108 0.0
339 -0.001002111850388411 0.0
340 -0.0010091777627160242 0.0
341 -0.0010162406009131557 0.0
342 -0.0010233003434651758 0.0
343 -0.0010303569688668841 0.0
344 -0.0010374104556225765 0.0
345 -0.0010444607822461083 0.0
346 -0.0010515079272609617 0.0
347 -0.0010585518692003118 0.0
348 -0.0010655925866070895 0.0
349 -0.0010726300580340483 0.0
350 -0.0010796642620438295 0.0
351 -0.0010866951772090286 0.0
352 -0.001093722782112258 0.0
353 -0.001100747055346215 0.0
354 -0.0011077679755137444 0.0
355 -0.0011147855212279062 0.0
356 -0.0011217996711120394 0.0
357 -0.0011288104037998265 0.0
358 -0.0011358176979353604 0.0
359 -0.0011428215321732072 0.0
360 -0.001149821885178474 0.0
361 -0.0011568187356268708 0.0
362 -0.0011638120622047786 0.0
363 -0.001170801843609311 0.0
364 -0.0011777880585483818 0.0
365 -0.0011847706857407688 0.0
366 -0.0011917497039161786 0.0
367 -0.001198725091815312 0.0
368 -0.001205696828189927 0.0
369 -0.0012126648918029058 0.0
370 -0.0012196292614283183 0.0
371 -0.0012265899158514868 0.0
372 -0.0012335468338690507 0.0
373 -0.0012404999942890313 0.0
374 -0.001247449375930896 0.0
375 -0.0012543949576256234 0.0
376 -0.0012613367182157666 0.0
377 -0.0012682746365555195 0.0
378 -0.0012752086915107795 0.0
379 -0.0012821388619592125 0.0
380 -0.0012890651267903174 0.0
381 -0.0012959874649054908 0.0
382 -0.00130290585521809 0.0
383 -0.001309820276653498 0.0
384 -0.0013167307081491883 0.0
385 -0.0013236371286547883 0.0
386 -0.001330539517132143 0.0
387 -0.0013374378525553802 0.0
388 -0.001344332113910974 0.0
389 -0.0013512222801978083 0.0
390 -0.0013581083304272424 0.0
391 -0.0013649902436231724 0.0
392 -0.0013718679988220972 0.0
393 -0.0013787415750731822 0.0
394 -0.0013856109514383216 0.0
395 -0.0013924761069922043 0.0
396 -0.001399337020822375 0.0
397 -0.0014061936720293012 0.0
398 -0.0014130460397264336 0.0
399 -0.001419894103040272 0.0
400 -0.001426737841110428 0.0
401 -0.0014335772330896887 0.0
402 -0.0014404122581440798 0.0
403 -0.0014472428954529293 0.0
404 -0.001454069124208932 0.0
405 -0.001460890923618211 0.0
406 -0.0014677082729003827 0.0
407 -0.0014745211512886178 0.0
408 -0.0014813295380297078 0.0
409 -0.0014881334123841264 0.0
410 -0.0014949327536260917 0.0
411 -0.0015017275410436313 0.0
412 -0.0015085177539386444 0.0
413 -0.0015153033716269648 0.0
414 -0.0015220843734384249 0.0
415 -0.0015288607387169161 0.0
416 -0.001535632446820455 0.0
417 -0.0015423994771212447 0.0
418 -0.001549161809005737 0.0
419 -0.0015559194218746966 0.0
420 -0.001562672295143262 0.0
421 -0.0015694204082410108 0.0
422 -0.00157616374061202 0.0
423 -0.0015829022717149296 0.0
424 -0.0015896359810230055 0.0
425 -0.0015963648480242013 0.0
426 -0.0016030888522212208 0.0
427 -0.0016098079731315816 0.0
428 -0.0016165221902876758 0.0
429 -0.0016232314832368337 0.0
430 -0.0016299358315413853 0.0
431 -0.001636635214778723 0.0
432 -0.001643329612541364 0.0
433 -0.0016500190044370115 0.0
434 -0.0016567033700886173 0.0
435 -0.0016633826891344447 0.0
436 -0.0016700569412281296 0.0
437 -0.0016767261060387422 0.0
438 -0.0016833901632508507 0.0
439 -0.0016900490925645805 0.0
440 -0.001696702873695678 0.0
441 -0.0017033514863755727 0.0
442 -0.0017099949103514369 0.0
443 -0.0017166331253862487 0.0
444 -0.0017232661112588543 0.0
445 -0.0017298938477640275 0.0
446 -0.0017365163147125351 0.0
447 -0.0017431334919311933 0.0
448 -0.0017497453592629328 0.0
449 -0.0017563518965668591 0.0
450 -0.0017629530837183138 0.0
451 -0.0017695489006089359 0.0
452 -0.001776139327146724 0.0
453 -0.0017827243432560944 0.0
454 -0.0017893039288779473 0.0
455 -0.0017958780639697237 0.0
456 -0.0018024467285054683 0.0
457 -0.0018090099024758888 0.0
458 -0.0018155675658884194 0.0
459 -0.0018221196987672804 0.0
460 -0.0018286662811535384 0.0
461 -0.0018352072931051683 0.0
462 -0.0018417427146971135 0.0
463 -0.0018482725260213463 0.0
464 -0.0018547967071869285 0.0
465 -0.0018613152383200736 0.0
466 -0.001867828099564205 0.0
467 -0.0018743352710800176 0.0
468 -0.0018808367330455382 0.0
469 -0.0018873324656561872 0.0
470 -0.0018938224491248357 0.0
471 -0.0019003066636818688 0.0
472 -0.0019067850895752446 0.0
473 -0.0019132577070705538 0.0
474 -0.0019197244964510815 0.0
475 -0.0019261854380178654 0.0
476 -0.001932640512089757 0.0
477 -0.0019390896990034816 0.0
478 -0.001945532979113697 0.0
479 -0.0019519703327930554 0.0
480 -0.00195840174043226 0.0
481 -0.001964827182440128 0.0
482 -0.0019712466392436487 0.0
483 -0.0019776600912880444 0.0
484 -0.0019840675190368265 0.0
485 -0.0019904689029718596 0.0
486 -0.0019968642235934178 0.0
487 -0.002003253461420246 0.0
488 -0.0020096365969896174 0.0
489 -0.0020160136108573934 0.0
490 -0.0020223844835980847 0.0
491 -0.0020287491958049073 0.0
492 -0.0020351077280898445 0.0
493 -0.0020414600610837047 0.0
494 -0.0020478061754361787 0.0
495 -0.002054146051815903 0.0
496 -0.0020604796709105143 0.0
497 -0.0020668070134267098 0.0
498 -0.002073128060090307 0.0
499 -0.0020794427916463014 0.0
500 -0.002085751188858926 0.0
501 -0.0020920532325117095 0.0
502 -0.0020983489034075327 0.0
503 -0.0021046381823686916 0.0
504 -0.00211092105023695 0.0
505 -0.002117197487873604 0.0
506 -0.0021234674761595363 0.0
507 -0.002129730995995274 0.0
508 -0.0021359880283010504 0.0
509 -0.0021422385540168596 0.0
510 -0.0021484825541025166 0.0
511 -0.002154720009537714 0.0
512 -0.0021609509013220812 0.0
513 -0.002167175210475241 0.0
514 -0.0021733929180368676 0.0
515 -0.002179604005066746 0.0
516 -0.0021858084526448283 0.0
517 -0.002192006241871291 0.0
518 -0.0021981973538665934 0.0
519 -0.002204381769771534 0.0
520 -0.0022105594707473096 0.0
521 -0.0022167304379755726 0.0
522 -0.0022228946526584845 0.0
523 -0.0022290520960187815 0.0
524 -0.0022352027492998213 0.0
525 -0.0022413465937656473 0.0
526 -0.0022474836107010433 0.0
527 -0.0022536137814115928 0.0
528 -0.002259737087223732 0.0
529 -0.0022658535094848098 0.0
530 -0.002271963029563142 0.0
531 -0.0022780656288480727 0.0
532 -0.002284161288750025 0.0
533 -0.002290249990700563 0.0
534 -0.0022963317161524424 0.0
535 -0.002302406446579674 0.0
536 -0.0023084741634775766 0.0
537 -0.00231453484836283 0.0
538 -0.002320588482773538 0.0
539 -0.0023266350482692806 0.0
540 -0.00233267452643117 0.0
541 -0.002338706898861909 0.0
542 -0.002344732147185845 0.0
543 -0.002350750253049027 0.0
544 -0.0023567611981192595 0.0
545 -0.002362764964086162 0.0
546 -0.002368761532661222 0.0
547 -0.002374750885577853 0.0
548 -0.002380733004591445 0.0
549 -0.0023867078714794286 0.0
550 -0.0023926754680413213 0.0
551 -0.00239863577609879 0.0
552 -0.0024045887774957015 0.0
553 -0.002410534454098183 0.0
554 -0.0024164727877946704 0.0
555 -0.0024224037604959705 0.0
556 -0.002428327354135312 0.0
557 -0.0024342435506684 0.0
558 -0.002440152332073476 0.0
559 -0.002446053680351366 0.0
560 -0.00245194757752554 0.0
561 -0.0024578340056421646 0.0
562 -0.0024637129467701586 0.0
563 -0.002469584383001249 0.0
564 -0.0024754482964500215 0.0
565 -0.0024813046692539796 0.0
566 -0.0024871534835735963 0.0
567 -0.002492994721592368 0.0
568 -0.002498828365516871 0.0
569 -0.0025046543975768137 0.0
570 -0.002510472800025094 0.0
571 -0.002516283555137848 0.0
572 -0.002522086645214506 0.0
573 -0.0025278820525778518 0.0
574 -0.0025336697595740683 0.0
575 -0.0025394497485727962 0.0
576 -0.002545222001967187 0.0
577 -0.002550986502173956 0.0
578 -0.002556743231633435 0.0
579 -0.0025624921728096286 0.0
580 -0.002568233308190265 0.0
581 -0.0025739666202868492 0.0
582 -0.0025796920916347195 0.0
583 -0.002585409704793096 0.0
584 -0.0025911194423451386 0.0
585 -0.0025968212868979954 0.0
586 -0.0026025152210828596 0.0
587 -0.0026082012275550205 0.0
588 -0.002613879288993916 0.0
589 -0.002619549388103186 0.0
590 -0.002625211507610726 0.0
591 -0.0026308656302687374 0.0
592 -0.0026365117388537818 0.0
593 -0.002642149816166834 0.0
594 -0.0026477798450333326 0.0
595 -0.0026534018083032326 0.0
596 -0.0026590156888510593 0.0
597 -0.002664621469575959 0.0
598 -0.002670219133401752 0.0
599 -0.002675808663276983 0.0
600 -0.0026813900421749737 0.0
601 -0.002686963253093878 0.0
602 -0.002692528279056727 0.0
603 -0.002698085103111488 0.0
604 -0.0027036337083311103 0.0
605 -0.00270917407781358 0.0
606 -0.002714706194681972 0.0
607 -0.002720230042084498 0.0
608 -0.00272574560319456 0.0
609 -0.0027312528612108045 0.0
610 -0.002736751799357167 0.0
611 -0.0027422424008829286 0.0
612 -0.0027477246490627645 0.0
613 -0.0027531985271967967 0.0
614 -0.002758664018610642 0.0
615 -0.0027641211066554675 0.0
616 -0.0027695697747080346 0.0
617 -0.002775010006170757 0.0
618 -0.002780441784471745 0.0
619 -0.0027858650930648607 0.0
620 -0.002791279915429766 0.0
621 -0.002796686235071972 0.0
622 -0.002802084035522891 0.0
623 -0.0028074733003398884 0.0
624 -0.0028128540131063273 0.0
625 -0.0028182261574316242 0.0
626 -0.002823589716951296 0.0
627 -0.0028289446753270112 0.0
628 -0.0028342910162466356 0.0
629 -0.0028396287234242886 0.0
630 -0.002844957780600389 0.0
631 -0.002850278171541704 0.0
632 -0.0028555898800413995 0.0
633 -0.0028608928899190914 0.0
634 -0.0028661871850208915 0.0
635 -0.0028714727492194585 0.0
636 -0.0028767495664140472 0.0
637 -0.002882017620530558 0.0
638 -0.0028872768955215834 0.0
639 -0.0028925273753664603 0.0
640 -0.002897769044071316 0.0
641 -0.0029030018856691197 0.0
642 -0.0029082258842197273 0.0
643 -0.002913441023809934 0.0
644 -0.00291864728855352 0.0
645 -0.002923844662591299 0.0
646 -0.0029290331300911698 0.0
647 -0.0029342126752481597 0.0
648 -0.002939383282284476 0.0
649 -0.0029445449354495536 0.0
650 -0.0029496976190201006 0.0
651 -0.0029548413173001503 0.0
652 -0.0029599760146211056 0.0
653 -0.0029651016953417867 0.0
654 -0.0029702183438484833 0.0
655 -0.002975325944554995 0.0
656 -0.002980424481902685 0.0
657 -0.0029855139403605247 0.0
658 -0.0029905943044251392 0.0
659 -0.002995665558620861 0.0
660 -0.003000727687499769 0.0
661 -0.0030057806756417405 0.0
662 -0.003010824507654498 0.0
663 -0.003015859168173654 0.0
664 -0.0030208846418627593 0.0
665 -0.00302590091341335 0.0
666 -0.003030907967544993 0.0
667 -0.003035905789005332 0.0
668 -0.003040894362570138 0.0
669 -0.003045873673043349 0.0
670 -0.003050843705257123 0.0
671 -0.0030558044440718787 0.0
672 -0.003060755874376347 0.0
673 -0.003065697981087611 0.0
674 -0.0030706307491511573 0.0
675 -0.003075554163540919 0.0
676 -0.0030804682092593215 0.0
677 -0.0030853728713373294 0.0
678 -0.003090268134834492 0.0
679 -0.0030951539848389875 0.0
680 -0.0031000304064676687 0.0
681 -0.0031048973848661113 0.0
682 -0.003109754905208653 0.0
683 -0.003114602952698446 0.0
684 -0.0031194415125674964 0.0
685 -0.003124270570076711 0.0
686 -0.0031290901105159442 0.0
687 -0.0031339001192040392 0.0
688 -0.003138700581488876 0.0
689 -0.0031434914827474137 0.0
690 -0.0031482728083857357 0.0
691 -0.0031530445438390964 0.0
692 -0.0031578066745719603 0.0
693 -0.003162559186078053 0.0
694 -0.0031673020638803982 0.0
695 -0.0031720352935313695 0.0
696 -0.003176758860612727 0.0
697 -0.003181472750735667 0.0
698 -0.0031861769495408632 0.0
699 -0.0031908714426985094 0.0
700 -0.0031955562159083654 0.0
701 -0.0032002312548998 0.0
702 -0.003204896545431833 0.0
703 -0.003209552073293181 0.0
704 -0.0032141978243022985 0.0
705 -0.003218833784307422 0.0
706 -0.0032234599391866127 0.0
707 -0.0032280762748478024 0.0
708 -0.003232682777228831 0.0
709 -0.0032372794322974934 0.0
710 -0.0032418662260515806 0.0
711 -0.003246443144518925 0.0
712 -0.003251010173757437 0.0
713 -0.003255567299855155 0.0
714 -0.003260114508930282 0.0
715 -0.0032646517871312308 0.0
716 -0.0032691791206366657 0.0
717 -0.003273696495655542 0.0
718 -0.003278203898427154 0.0
719 -0.0032827013152211693 0.0
720 -0.003287188732337678 0.0
721 -0.0032916661361072287 0.0
722 -0.003296133512890872 0.0
723 -0.003300590849080205 0.0
724 -0.003305038131097408 0.0
725 -0.0033094753453952884 0.0
726 -0.003313902478457323 0.0
727 -0.0033183195167976955 0.0
728 -0.0033227264469613414 0.0
729 -0.0033271232555239874 0.0
730 -0.0033315099290921924 0.0
731 -0.003335886454303387 0.0
732 -0.003340252817825918 0.0
733 -0.003344609006359083 0.0
734 -0.003348955006633178 0.0
735 -0.003353290805409531 0.0
736 -0.0033576163894805475 0.0
737 -0.0033619317456697485 0.0
738 -0.0033662368608318107 0.0
739 -0.0033705317218526063 0.0
740 -0.0033748163156492443 0.0
741 -0.0033790906291701088 0.0
742 -0.003383354649394899 0.0
743 -0.00338760836333467 0.0
744 -0.003391851758031872 0.0
745 -0.0033960848205603876 0.0
746 -0.0034003075380255763 0.0
747 -0.0034045198975643067 0.0
748 -0.0034087218863450017 0.0
749 -0.0034129134915676746 0.0
750 -0.0034170947004639697 0.0
751 -0.003421265500297198 0.0
752 -0.003425425878362381 0.0
753 -0.0034295758219862857 0.0
754 -0.003433715318527463 0.0
755 -0.0034378443553762903 0.0
756 -0.0034419629199550035 0.0
757 -0.0034460709997177425 0.0
758 -0.003450168582150582 0.0
759 -0.0034542556547715766 0.0
760 -0.003458332205130794 0.0
761 -0.0034623982208103537 0.0
762 -0.003466453689424469 0.0
763 -0.0034704985986194767 0.0
764 -0.0034745329360738844 0.0
765 -0.0034785566894983983 0.0
766 -0.0034825698466359697 0.0
767 -0.003486572395261824 0.0
768 -0.0034905643231835054 0.0
769 -0.003494545618240909 0.0
770 -0.0034985162683063183 0.0
771 -0.0035024762612844464 0.0
772 -0.003506425585112467 0.0
773 -0.0035103642277600545 0.0
774 -0.003514292177229421 0.0
775 -0.0035182094215553505 0.0
776 -0.0035221159488052385 0.0
777 -0.003526011747079124 0.0
778 -0.0035298968045097317 0.0
779 -0.0035337711092625016 0.0
780 -0.0035376346495356293 0.0
781 -0.0035414874135601022 0.0
782 -0.003545329389599732 0.0
783 -0.003549160565951194 0.0
784 -0.0035529809309440604 0.0
785 -0.0035567904729408364 0.0
786 -0.0035605891803369974 0.0
787 -0.0035643770415610216 0.0
788 -0.0035681540450744256 0.0
789 -0.003571920179371803 0.0
790 -0.003575675432980855 0.0
791 -0.003579419794462429 0.0
792 -0.003583153252410549 0.0
793 -0.0035868757954524546 0.0
794 -0.0035905874122486355 0.0
795 -0.003594288091492862 0.0
796 -0.0035979778219122245 0.0
797 -0.003601656592267163 0.0
798 -0.0036053243913515055 0.0
799 -0.0036089812079925006 0.0
800 -0.0036126270310508496 0.0
801 -0.0036162618494207438 0.0
802 -0.0036198856520298956 0.0
803 -0.0036234984278395743 0.0
804 -0.0036271001658446382 0.0
805 -0.0036306908550735686 0.0
806 -0.0036342704845885028 0.0
807 -0.003637839043485269 0.0
808 -0.0036413965208934185 0.0
809 -0.0036449429059762575 0.0
810 -0.003648478187930882 0.0
811 -0.0036520023559882104 0.0
812 -0.0036555153994130155 0.0
813 -0.003659017307503957 0.0
814 -0.003662508069593616 0.0
815 -0.003665987675048527 0.0
816 -0.0036694561132692067 0.0
817 -0.003672913373690192 0.0
818 -0.003676359445780067 0.0
819 -0.003679794319041499 0.0
820 -0.0036832179830112687 0.0
821 -0.003686630427260301 0.0
822 -0.0036900316413937 0.0
823 -0.0036934216150507765 0.0
824 -0.003696800337905084 0.0
825 -0.0037001677996644456 0.0
826 -0.00370352399007099 0.0
827 -0.0037068688989011773 0.0
828 -0.0037102025159658374 0.0
829 -0.003713524831110193 0.0
830 -0.0037168358342138962 0.0
831 -0.003720135515191058 0.0
832 -0.0037234238639902773 0.0
833 -0.003726700870594674 0.0
834 -0.0037299665250219165 0.0
835 -0.0037332208173242567 0.0
836 -0.0037364637375885547 0.0
837 -0.0037396952759363123 0.0
838 -0.003742915422523705 0.0
839 -0.0037461241675416073 0.0
840 -0.0037493215012156253 0.0
841 -0.0037525074138061256 0.0
842 -0.0037556818956082667 0.0
843 -0.0037588449369520254 0.0
844 -0.0037619965282022303 0.0
845 -0.0037651366597585877 0.0
846 -0.0037682653220557126 0.0
847 -0.0037713825055631558 0.0
848 -0.003774488200785437 0.0
849 -0.00377758239826207 0.0
850 -0.003780665088567591 0.0
851 -0.0037837362623115924 0.0
852 -0.003786795910138746 0.0
853 -0.0037898440227288333 0.0
854 -0.0037928805907967754 0.0
855 -0.0037959056050926596 0.0
856 -0.003798919056401767 0.0
857 -0.0038019209355446017 0.0
858 -0.0038049112333769218 0.0
859 -0.0038078899407897582 0.0
860 -0.003810857048709454 0.0
861 -0.0038138125480976824 0.0
862 -0.0038167564299514812 0.0
863 -0.0038196886853032745 0.0
864 -0.0038226093052209044 0.0
865 -0.003825518280807656 0.0
866 -0.003828415603202286 0.0
867 -0.003831301263579046 0.0
868 -0.0038341752531477163 0.0
869 -0.003837037563153624 0.0
870 -0.003839888184877679 0.0
871 -0.003842727109636391 0.0
872 -0.0038455543287819038 0.0
873 -0.0038483698337020175 0.0
874 -0.0038511736158202154 0.0
875 -0.0038539656665956914 0.0
876 -0.0038567459775233743 0.0
877 -0.0038595145401339554 0.0
878 -0.0038622713459939124 0.0
879 -0.0038650163867055367 0.0
880 -0.0038677496539069574 0.0
881 -0.0038704711392721705 0.0
882 -0.003873180834511058 0.0
883 -0.0038758787313694187 0.0
884 -0.0038785648216289907 0.0
885 -0.0038812390971074777 0.0
886 -0.0038839015496585725 0.0
887 -0.0038865521711719826 0.0
888 -0.0038891909535734566 0.0
889 -0.0038918178888248034 0.0
890 -0.0038944329689239244 0.0
891 -0.0038970361859048314 0.0
892 -0.0038996275318376747 0.0
893 -0.0039022069988287646 0.0
894 -0.003904774579020597 0.0
895 -0.003907330264591878 0.0
896 -0.003909874047757545 0.0
897 -0.003912405920768795 0.0
898 -0.003914925875913103 0.0
899 -0.003917433905514248 0.0
900 -0.003919930001932337 0.0
901 -0.003922414157563829 0.0
902 -0.0039248863648415535 0.0
903 -0.003927346616234739 0.0
904 -0.003929794904249033 0.0
905 -0.003932231221426525 0.0
906 -0.003934655560345771 0.0
907 -0.003937067913621814 0.0
908 -0.003939468273906207 0.0
909 -0.003941856633887039 0.0
910 -0.003944232986288948 0.0
911 -0.003946597323873154 0.0
912 -0.003948949639437474 0.0
913 -0.003951289925816347 0.0
914 -0.003953618175880856 0.0
915 -0.003955934382538746 0.0
916 -0.0039582385387344505 0.0
917 -0.00396053063744911 0.0
918 -0.003962810671700595 0.0
919 -0.003965078634543525 0.0
920 -0.003967334519069291 0.0
921 -0.00396957831840608 0.0
922 -0.003971810025718887 0.0
923 -0.003974029634209547 0.0
924 -0.003976237137116746 0.0
925 -0.003978432527716049 0.0
926 -0.003980615799319914 0.0
927 -0.003982786945277718 0.0
928 -0.003984945958975773 0.0
929 -0.003987092833837349 0.0
930 -0.003989227563322694 0.0
931 -0.00399135014092905 0.0
932 -0.003993460560190679 0.0
933 -0.003995558814678877 0.0
934 -0.003997644898001998 0.0
935 -0.0039997188038054686 0.0
936 -0.004001780525771814 0.0
937 -0.00400383005762067 0.0
938 -0.004005867393108808 0.0
939 -0.004007892526030152 0.0
940 -0.004009905450215794 0.0
941 -0.004011906159534017 0.0
942 -0.004013894647890316 0.0
943 -0.004015870909227409 0.0
944 -0.004017834937525262 0.0
945 -0.004019786726801103 0.0
946 -0.004021726271109445 0.0
947 -0.004023653564542099 0.0
948 -0.004025568601228195 0.0
949 -0.004027471375334199 0.0
950 -0.0040293618810639305 0.0
951 -0.004031240112658582 0.0
952 -0.004033106064396734 0.0
953 -0.004034959730594374 0.0
954 -0.004036801105604914 0.0
955 -0.004038630183819205 0.0
956 -0.004040446959665559 0.0
957 -0.00404225142760976 0.0
958 -0.004044043582155088 0.0
959 -0.004045823417842327 0.0
960 -0.00404759092924979 0.0
961 -0.004049346110993331 0.0
962 -0.004051088957726362 0.0
963 -0.004052819464139869 0.0
964 -0.0040545376249624294 0.0
965 -0.004056243434960228 0.0
966 -0.0040579368889370705 0.0
967 -0.004059617981734404 0.0
968 -0.004061286708231327 0.0
969 -0.004062943063344609 0.0
970 -0.0040645870420287075 0.0
971 -0.0040662186392757755 0.0
972 -0.004067837850115686 0.0
973 -0.0040694446696160425 0.0
974 -0.004071039092882193 0.0
975 -0.004072621115057248 0.0
976 -0.004074190731322094 0.0
977 -0.004075747936895408 0.0
978 -0.004077292727033671 0.0
979 -0.004078825097031184 0.0
980 -0.004080345042220084 0.0
981 -0.004081852557970352 0.0
982 -0.004083347639689835 0.0
983 -0.004084830282824255 0.0
984 -0.004086300482857223 0.0
985 -0.004087758235310256 0.0
986 -0.004089203535742786 0.0
987 -0.004090636379752177 0.0
988 -0.004092056762973738 0.0
989 -0.004093464681080737 0.0
990 -0.004094860129784409 0.0
991 -0.004096243104833977 0.0
992 -0.004097613602016658 0.0
993 -0.00409897161715768 0.0
994 -0.004100317146120294 0.0
995 -0.0041016501848057845 0.0
996 -0.004102970729153485 0.0
997 -0.0041042787751407895 0.0
998 -0.00410557431878316 0.0
999 -0.00410685735613415 0.0
1000 -0.004108127883285402 0.0
1001 -0.004109385896366672 0.0
1002 -0.004110631391545832 0.0
1003 -0.004111864365028889 0.0
1004 -0.004113084813059991 0.0
1005 -0.004114292731921444 0.0
1006 -0.0041154881179337145 0.0
1007 -0.004116670967455452 0.0
1008 -0.00411784127688349 0.0
1009 -0.004118999042652864 0.0
1010 -0.004120144261236818 0.0
1011 -0.004121276929146818 0.0
1012 -0.00412239704293256 0.0
1013 -0.004123504599181986 0.0
1014 -0.004124599594521284 0.0
1015 -0.0041256820256149115 0.0
1016 -0.004126751889165593 0.0
1017 -0.004127809181914341 0.0
1018 -0.004128853900640456 0.0
1019 -0.004129886042161546 0.0
1020 -0.004130905603333527 0.0
1021 -0.00413191258105064 0.0
1022 -0.004132906972245456 0.0
1023 -0.004133888773888886 0.0
1024 -0.004134857982990192 0.0
1025 -0.004135814596596997 0.0
1026 -0.004136758611795289 0.0
1027 -0.004137690025709433 0.0
1028 -0.004138608835502182 0.0
1029 -0.004139515038374681 0.0
1030 -0.00414040863156648 0.0
1031 -0.004141289612355538 0.0
1032 -0.004142157978058235 0.0
1033 -0.004143013726029379 0.0
1034 -0.004143856853662213 0.0
1035 -0.004144687358388424 0.0
1036 -0.004145505237678151 0.0
1037 -0.004146310489039991 0.0
1038 -0.00414710311002101 0.0
1039 -0.0041478830982067455 0.0
1040 -0.004148650451221218 0.0
1041 -0.004149405166726939 0.0
1042 -0.004150147242424913 0.0
1043 -0.004150876676054649 0.0
1044 -0.004151593465394165 0.0
1045 -0.004152297608259998 0.0
1046 -0.004152989102507205 0.0
1047 -0.004153667946029376 0.0
1048 -0.004154334136758635 0.0
1049 -0.004154987672665649 0.0
1050 -0.004155628551759635 0.0
1051 -0.004156256772088365 0.0
1052 -0.00415687233173817 0.0
1053 -0.004157475228833947 0.0
1054 -0.00415806546153917 0.0
1055 -0.004158643028055886 0.0
1056 -0.004159207926624727 0.0
1057 -0.004159760155524915 0.0
1058 -0.004160299713074265 0.0
1059 -0.0041608265976291895 0.0
1060 -0.004161340807584709 0.0
1061 -0.004161842341374449 0.0
1062 -0.004162331197470652 0.0
1063 -0.004162807374384177 0.0
1064 -0.004163270870664505 0.0
1065 -0.004163721684899748 0.0
1066 -0.004164159815716647 0.0
1067 -0.00416458526178058 0.0
1068 -0.004164998021795564 0.0
1069 -0.00416539809450426 0.0
1070 -0.004165785478687978 0.0
1071 -0.004166160173166679 0.0
1072 -0.004166522176798976 0.0
1073 -0.004166871488482147 0.0
1074 -0.004167208107152125 0.0
1075 -0.004167532031783512 0.0
1076 -0.0041678432613895785 0.0
1077 -0.0041681417950222635 0.0
1078 -0.004168427631772183 0.0
1079 -0.004168700770768628 0.0
1080 -0.00416896121117957 0.0
1081 -0.004169208952211662 0.0
1082 -0.004169443993110243 0.0
1083 -0.004169666333159335 0.0
1084 -0.004169875971681655 0.0
1085 -0.004170072908038606 0.0
1086 -0.004170257141630286 0.0
1087 -0.004170428671895487 0.0
1088 -0.004170587498311698 0.0
1089 -0.004170733620395107 0.0
1090 -0.004170867037700601 0.0
1091 -0.004170987749821767 0.0
1092 -0.004171095756390896 0.0
1093 -0.004171191057078979 0.0
1094 -0.004171273651595715 0.0
1095 -0.004171343539689508 0.0
1096 -0.004171400721147464 0.0
1097 -0.004171445195795401 0.0
1098 -0.00417147696349784 0.0
1099 -0.004171496024158012 0.0
1100 -0.004171502377717853 0.0
1101 -0.004171496024158012 0.0
1102 -0.00417147696349784 0.0
1103 -0.004171445195795401 0.0
1104 -0.004171400721147464 0.0
1105 -0.004171343539689508 0.0
1106 -0.004171273651595715 0.0
1107 -0.004171191057078979 0.0
1108 -0.004171095756390896 0.0
1109 -0.004170987749821767 0.0
1110 -0.004170867037700601 0.0
1111 -0.004170733620395107 0.0
1112 -0.004170587498311698 0.0
1113 -0.004170428671895487 0.0
1114 -0.004170257141630286 0.0
1115 -0.004170072908038606 0.0
1116 -0.004169875971681655 0.0
1117 -0.004169666333159335 0.0
1118 -0.004169443993110243 0.0
1119 -0.004169208952211662 0.0
1120 -0.00416896121117957 0.0
1121 -0.004168700770768628 0.0
1122 -0.004168427631772183 0.0
1123 -0.0041681417950222635 0.0
1124 -0.0041678432613895785 0.0
1125 -0.004167532031783512 0.0
1126 -0.004167208107152125 0.0
1127 -0.004166871488482147 0.0
1128 -0.004166522176798977 0.0
1129 -0.004166160173166679 0.0
1130 -0.004165785478687978 0.0
1131 -0.00416539809450426 0.0
1132 -0.004164998021795564 0.0
1133 -0.00416458526178058 0.0
1134 -0.004164159815716648 0.0
1135 -0.004163721684899748 0.0
1136 -0.004163270870664505 0.0
1137 -0.004162807374384177 0.0
1138 -0.004162331197470652 0.0
1139 -0.004161842341374449 0.0
1140 -0.004161340807584709 0.0
1141 -0.0041608265976291895 0.0
1142 -0.004160299713074265 0.0
1143 -0.004159760155524915 0.0
1144 -0.004159207926624727 0.0
1145 -0.004158643028055886 0.0
1146 -0.00415806546153917 0.0
1147 -0.004157475228833947 0.0
1148 -0.00415687233173817 0.0
1149 -0.004156256772088365 0.0
1150 -0.004155628551759635 0.0
1151 -0.004154987672665649 0.0
1152 -0.004154334136758635 0.0
1153 -0.004153667946029376 0.0
1154 -0.004152989102507205 0.0
1155 -0.004152297608259998 0.0
1156 -0.004151593465394165 0.0
1157 -0.004150876676054649 0.0
1158 -0.004150147242424913 0.0
1159 -0.004149405166726939 0.0
1160 -0.004148650451221219 0.0
1161 -0.0041478830982067455 0.0
1162 -0.00414710311002101 0.0
1163 -0.004146310489039991 0.0
1164 -0.004145505237678151 0.0
1165 -0.004144687358388424 0.0
1166 -0.004143856853662213 0.0
1167 -0.004143013726029379 0.0
1168 -0.004142157978058235 0.0
1169 -0.004141289612355538 0.0
1170 -0.00414040863156648 0.0
1171 -0.004139515038374682 0.0
1172 -0.0041386088355021815 0.0
1173 -0.004137690025709433 0.0
1174 -0.004136758611795289 0.0
1175 -0.004135814596596998 0.0
1176 -0.004134857982990192 0.0
1177 -0.004133888773888886 0.0
1178 -0.004132906972245456 0.0
1179 -0.0041319125810506405 0.0
1180 -0.004130905603333527 0.0
1181 -0.004129886042161546 0.0
1182 -0.004128853900640456 0.0
1183 -0.004127809181914341 0.0
1184 -0.004126751889165593 0.0
1185 -0.0041256820256149115 0.0
1186 -0.004124599594521285 0.0
1187 -0.004123504599181986 0.0
1188 -0.00412239704293256 0.0
1189 -0.004121276929146818 0.0
1190 -0.004120144261236818 0.0
1191 -0.004118999042652864 0.0
1192 -0.00411784127688349 0.0
1193 -0.004116670967455452 0.0
1194 -0.004115488117933715 0.0
1195 -0.004114292731921444 0.0
1196 -0.004113084813059992 0.0
1197 -0.004111864365028889 0.0
1198 -0.004110631391545832 0.0
1199 -0.004109385896366671 0.0
1200 -0.004108127883285402 0.0
1201 -0.00410685735613415 0.0
1202 -0.004105574318783161 0.0
1203 -0.0041042787751407895 0.0
1204 -0.004102970729153485 0.0
1205 -0.0041016501848057845 0.0
1206 -0.004100317146120294 0.0
1207 -0.00409897161715768 0.0
1208 -0.004097613602016658 0.0
1209 -0.004096243104833977 0.0
1210 -0.004094860129784409 0.0
1211 -0.004093464681080738 0.0
1212 -0.004092056762973739 0.0
1213 -0.004090636379752177 0.0
1214 -0.004089203535742786 0.0
1215 -0.004087758235310256 0.0
1216 -0.004086300482857223 0.0
1217 -0.004084830282824256 0.0
1218 -0.004083347639689835 0.0
1219 -0.004081852557970352 0.0
1220 -0.004080345042220084 0.0
1221 -0.004078825097031185 0.0
1222 -0.004077292727033671 0.0
1223 -0.004075747936895408 0.0
1224 -0.004074190731322094 0.0
1225 -0.004072621115057248 0.0
1226 -0.004071039092882193 0.0
1227 -0.0040694446696160425 0.0
1228 -0.0040678378501156865 0.0
1229 -0.0040662186392757755 0.0
1230 -0.0040645870420287075 0.0
1231 -0.004062943063344609 0.0
1232 -0.004061286708231327 0.0
1233 -0.004059617981734404 0.0
1234 -0.0040579368889370705 0.0
1235 -0.004056243434960228 0.0
1236 -0.0040545376249624294 0.0
1237 -0.004052819464139869 0.0
1238 -0.004051088957726362 0.0
1239 -0.004049346110993331 0.0
1240 -0.00404759092924979 0.0
1241 -0.004045823417842327 0.0
1242 -0.004044043582155088 0.0
1243 -0.00404225142760976 0.0
1244 -0.004040446959665559 0.0
1245 -0.004038630183819205 0.0
1246 -0.004036801105604914 0.0
1247 -0.004034959730594375 0.0
1248 -0.004033106064396734 0.0
1249 -0.004031240112658582 0.0
1250 -0.0040293618810639305 0.0
1251 -0.004027471375334199 0.0
1252 -0.004025568601228195 0.0
1253 -0.004023653564542099 0.0
1254 -0.004021726271109445 0.0
1255 -0.004019786726801103 0.0
1256 -0.004017834937525262 0.0
1257 -0.004015870909227409 0.0
1258 -0.004013894647890316 0.0
1259 -0.004011906159534017 0.0
1260 -0.004009905450215794 0.0
1261 -0.004007892526030152 0.0
1262 -0.004005867393108809 0.0
1263 -0.00400383005762067 0.0
1264 -0.004001780525771814 0.0
1265 -0.0039997188038054686 0.0
1266 -0.003997644898001998 0.0
1267 -0.003995558814678878 0.0
1268 -0.003993460560190679 0.0
1269 -0.00399135014092905 0.0
1270 -0.003989227563322694 0.0
1271 -0.00398709283383735 0.0
1272 -0.003984945958975773 0.0
1273 -0.003982786945277718 0.0
1274 -0.003980615799319915 0.0
1275 -0.003978432527716049 0.0
1276 -0.003976237137116746 0.0
1277 -0.003974029634209547 0.0
1278 -0.003971810025718887 0.0
1279 -0.00396957831840608 0.0
1280 -0.003967334519069291 0.0
1281 -0.003965078634543525 0.0
1282 -0.003962810671700595 0.0
1283 -0.00396053063744911 0.0
1284 -0.0039582385387344505 0.0
1285 -0.003955934382538747 0.0
1286 -0.003953618175880856 0.0
1287 -0.003951289925816347 0.0
1288 -0.003948949639437474 0.0
1289 -0.003946597323873154 0.0
1290 -0.003944232986288948 0.0
1291 -0.003941856633887039 0.0
1292 -0.003939468273906208 0.0
1293 -0.003937067913621814 0.0
1294 -0.003934655560345771 0.0
1295 -0.003932231221426525 0.0
1296 -0.003929794904249033 0.0
1297 -0.003927346616234739 0.0
1298 -0.0039248863648415535 0.0
1299 -0.003922414157563829 0.0
1300 -0.003919930001932338 0.0
1301 -0.003917433905514248 0.0
1302 -0.003914925875913103 0.0
1303 -0.003912405920768795 0.0
1304 -0.003909874047757545 0.0
1305 -0.003907330264591878 0.0
1306 -0.003904774579020597 0.0
1307 -0.0039022069988287646 0.0
1308 -0.003899627531837675 0.0
1309 -0.0038970361859048314 0.0
1310 -0.0038944329689239244 0.0
1311 -0.003891817888824804 0.0
1312 -0.0038891909535734566 0.0
1313 -0.003886552171171983 0.0
1314 -0.0038839015496585725 0.0
1315 -0.0038812390971074777 0.0
1316 -0.0038785648216289907 0.0
1317 -0.0038758787313694187 0.0
1318 -0.0038731808345110583 0.0
1319 -0.00387047113927217 0.0
1320 -0.003867749653906958 0.0
1321 -0.0038650163867055367 0.0
1322 -0.003862271345993913 0.0
1323 -0.003859514540133955 0.0
1324 -0.0038567459775233743 0.0
1325 -0.0038539656665956914 0.0
1326 -0.003851173615820216 0.0
1327 -0.003848369833702018 0.0
1328 -0.0038455543287819038 0.0
1329 -0.0038427271096363913 0.0
1330 -0.003839888184877679 0.0
1331 -0.003837037563153625 0.0
1332 -0.003834175253147716 0.0
1333 -0.0038313012635790462 0.0
1334 -0.0038284156032022862 0.0
1335 -0.003825518280807656 0.0
1336 -0.003822609305220905 0.0
1337 -0.003819688685303275 0.0
1338 -0.0038167564299514812 0.0
1339 -0.003813812548097683 0.0
1340 -0.0038108570487094544 0.0
1341 -0.0038078899407897587 0.0
1342 -0.0038049112333769213 0.0
1343 -0.003801920935544602 0.0
1344 -0.003798919056401767 0.0
1345 -0.00379590560509266 0.0
1346 -0.0037928805907967763 0.0
1347 -0.0037898440227288333 0.0
1348 -0.0037867959101387455 0.0
1349 -0.0037837362623115924 0.0
1350 -0.0037806650885675915 0.0
1351 -0.0037775823982620694 0.0
1352 -0.0037744882007854368 0.0
1353 -0.003771382505563156 0.0
1354 -0.0037682653220557126 0.0
1355 -0.0037651366597585877 0.0
1356 -0.0037619965282022303 0.0
1357 -0.0037588449369520254 0.0
1358 -0.0037556818956082667 0.0
1359 -0.003752507413806126 0.0
1360 -0.003749321501215625 0.0
1361 -0.0037461241675416077 0.0
1362 -0.0037429154225237056 0.0
1363 -0.0037396952759363128 0.0
1364 -0.003736463737588555 0.0
1365 -0.0037332208173242562 0.0
1366 -0.003729966525021917 0.0
1367 -0.003726700870594674 0.0
1368 -0.0037234238639902778 0.0
1369 -0.003720135515191058 0.0
1370 -0.0037168358342138967 0.0
1371 -0.0037135248311101934 0.0
1372 -0.003710202515965838 0.0
1373 -0.003706868898901178 0.0
1374 -0.00370352399007099 0.0
1375 -0.0037001677996644465 0.0
1376 -0.0036968003379050846 0.0
1377 -0.003693421615050778 0.0
1378 -0.0036900316413937 0.0
1379 -0.0036866304272603016 0.0
1380 -0.0036832179830112695 0.0
1381 -0.003679794319041499 0.0
1382 -0.0036763594457800675 0.0
1383 -0.003672913373690192 0.0
1384 -0.0036694561132692067 0.0
1385 -0.003665987675048527 0.0
1386 -0.003662508069593616 0.0
1387 -0.0036590173075039564 0.0
1388 -0.0036555153994130146 0.0
1389 -0.0036520023559882104 0.0
1390 -0.0036484781879308824 0.0
1391 -0.003644942905976258 0.0
1392 -0.003641396520893418 0.0
1393 -0.003637839043485269 0.0
1394 -0.003634270484588503 0.0
1395 -0.0036306908550735686 0.0
1396 -0.0036271001658446387 0.0
1397 -0.0036234984278395743 0.0
1398 -0.0036198856520298956 0.0
1399 -0.003616261849420744 0.0
1400 -0.00361262703105085 0.0
1401 -0.0036089812079925 0.0
1402 -0.0036053243913515055 0.0
1403 -0.0036016565922671632 0.0
1404 -0.003597977821912225 0.0
1405 -0.003594288091492863 0.0
1406 -0.0035905874122486355 0.0
1407 -0.003586875795452455 0.0
1408 -0.0035831532524105494 0.0
1409 -0.0035794197944624294 0.0
1410 -0.0035756754329808555 0.0
1411 -0.003571920179371803 0.0
1412 -0.003568154045074426 0.0
1413 -0.003564377041561022 0.0
1414 -0.0035605891803369987 0.0
1415 -0.0035567904729408373 0.0
1416 -0.003552980930944061 0.0
1417 -0.0035491605659511948 0.0
1418 -0.003545329389599732 0.0
1419 -0.0035414874135601027 0.0
1420 -0.00353763464953563 0.0
1421 -0.003533771109262501 0.0
1422 -0.0035298968045097317 0.0
1423 -0.0035260117470791246 0.0
1424 -0.0035221159488052376 0.0
1425 -0.00351820942155535 0.0
1426 -0.0035142921772294204 0.0
1427 -0.0035103642277600545 0.0
1428 -0.0035064255851124672 0.0
1429 -0.003502476261284446 0.0
1430 -0.0034985162683063183 0.0
1431 -0.003494545618240909 0.0
1432 -0.003490564323183506 0.0
1433 -0.003486572395261824 0.0
1434 -0.0034825698466359697 0.0
1435 -0.0034785566894983987 0.0
1436 -0.0034745329360738844 0.0
1437 -0.003470498598619478 0.0
1438 -0.0034664536894244685 0.0
1439 -0.003462398220810354 0.0
1440 -0.003458332205130794 0.0
1441 -0.003454255654771577 0.0
1442 -0.003450168582150583 0.0
1443 -0.0034460709997177425 0.0
1444 -0.003441962919955004 0.0
1445 -0.003437844355376291 0.0
1446 -0.003433715318527464 0.0
1447 -0.0034295758219862857 0.0
1448 -0.0034254258783623817 0.0
1449 -0.0034212655002971984 0.0
1450 -0.0034170947004639705 0.0
1451 -0.0034129134915676764 0.0
1452 -0.0034087218863450026 0.0
1453 -0.0034045198975643075 0.0
1454 -0.003400307538025577 0.0
1455 -0.003396084820560388 0.0
1456 -0.003391851758031872 0.0
1457 -0.003387608363334671 0.0
1458 -0.0033833546493948984 0.0
1459 -0.0033790906291701083 0.0
1460 -0.0033748163156492443 0.0
1461 -0.003370531721852606 0.0
1462 -0.0033662368608318102 0.0
1463 -0.0033619317456697485 0.0
1464 -0.003357616389480548 0.0
1465 -0.0033532908054095313 0.0
1466 -0.0033489550066331778 0.0
1467 -0.0033446090063590835 0.0
1468 -0.003340252817825918 0.0
1469 -0.0033358864543033885 0.0
1470 -0.003331509929092192 0.0
1471 -0.0033271232555239874 0.0
1472 -0.003322726446961342 0.0
1473 -0.003318319516797696 0.0
1474 -0.0033139024784573238 0.0
1475 -0.0033094753453952884 0.0
1476 -0.003305038131097408 0.0
1477 -0.0033005908490802054 0.0
1478 -0.0032961335128908727 0.0
1479 -0.003291666136107228 0.0
1480 -0.0032871887323376783 0.0
1481 -0.0032827013152211698 0.0
1482 -0.0032782038984271547 0.0
1483 -0.003273696495655543 0.0
1484 -0.0032691791206366657 0.0
1485 -0.0032646517871312316 0.0
1486 -0.003260114508930283 0.0
1487 -0.003255567299855156 0.0
1488 -0.0032510101737574385 0.0
1489 -0.0032464431445189254 0.0
1490 -0.0032418662260515815 0.0
1491 -0.0032372794322974943 0.0
1492 -0.0032326827772288314 0.0
1493 -0.003228076274847803 0.0
1494 -0.003223459939186614 0.0
1495 -0.0032188337843074215 0.0
1496 -0.0032141978243022985 0.0
1497 -0.0032095520732931815 0.0
1498 -0.0032048965454318326 0.0
1499 -0.0032002312548998 0.0
1500 -0.0031955562159083654 0.0
1501 -0.00319087144269851 0.0
1502 -0.003186176949540863 0.0
1503 -0.003181472750735667 0.0
1504 -0.003176758860612727 0.0
1505 -0.0031720352935313695 0.0
1506 -0.0031673020638803987 0.0
1507 -0.0031625591860780524 0.0
1508 -0.0031578066745719603 0.0
1509 -0.003153044543839097 0.0
1510 -0.003148272808385737 0.0
1511 -0.0031434914827474137 0.0
1512 -0.003138700581488876 0.0
1513 -0.0031339001192040397 0.0
1514 -0.0031290901105159447 0.0
1515 -0.0031242705700767117 0.0
1516 -0.003119441512567496 0.0
1517 -0.003114602952698446 0.0
1518 -0.0031097549052086534 0.0
1519 -0.0031048973848661118 0.0
1520 -0.00310003040646767 0.0
1521 -0.0030951539848389875 0.0
1522 -0.0030902681348344927 0.0
1523 -0.0030853728713373307 0.0
1524 -0.0030804682092593224 0.0
1525 -0.003075554163540919 0.0
1526 -0.0030706307491511577 0.0
1527 -0.003065697981087612 0.0
1528 -0.003060755874376348 0.0
1529 -0.003055804444071879 0.0
1530 -0.0030508437052571232 0.0
1531 -0.00304587367304335 0.0
1532 -0.0030408943625701377 0.0
1533 -0.0030359057890053326 0.0
1534 -0.003030907967544993 0.0
1535 -0.0030259009134133495 0.0
1536 -0.0030208846418627593 0.0
1537 -0.003015859168173654 0.0
1538 -0.0030108245076544984 0.0
1539 -0.00300578067564174 0.0
1540 -0.003000727687499769 0.0
1541 -0.002995665558620861 0.0
1542 -0.00299059430442514 0.0
1543 -0.002985513940360525 0.0
1544 -0.0029804244819026846 0.0
1545 -0.002975325944554995 0.0
1546 -0.0029702183438484833 0.0
1547 -0.0029651016953417876 0.0
1548 -0.002959976014621105 0.0
1549 -0.0029548413173001503 0.0
1550 -0.002949697619020101 0.0
1551 -0.002944544935449554 0.0
1552 -0.0029393832822844773 0.0
1553 -0.0029342126752481597 0.0
1554 -0.00292903313009117 0.0
1555 -0.0029238446625912996 0.0
1556 -0.002918647288553521 0.0
1557 -0.002913441023809934 0.0
1558 -0.0029082258842197278 0.0
1559 -0.00290300188566912 0.0
1560 -0.0028977690440713175 0.0
1561 -0.0028925273753664616 0.0
1562 -0.0028872768955215834 0.0
1563 -0.002882017620530558 0.0
1564 -0.0028767495664140485 0.0
1565 -0.00287147274921946 0.0
1566 -0.002866187185020892 0.0
1567 -0.0028608928899190923 0.0
1568 -0.002855589880041401 0.0
1569 -0.002850278171541704 0.0
1570 -0.0028449577806003894 0.0
1571 -0.002839628723424289 0.0
1572 -0.0028342910162466347 0.0
1573 -0.0028289446753270104 0.0
1574 -0.0028235897169512966 0.0
1575 -0.002818226157431625 0.0
1576 -0.0028128540131063273 0.0
1577 -0.0028074733003398884 0.0
1578 -0.002802084035522891 0.0
1579 -0.002796686235071972 0.0
1580 -0.0027912799154297652 0.0
1581 -0.0027858650930648607 0.0
1582 -0.002780441784471745 0.0
1583 -0.0027750100061707575 0.0
1584 -0.0027695697747080355 0.0
1585 -0.002764121106655467 0.0
1586 -0.002758664018610642 0.0
1587 -0.002753198527196797 0.0
1588 -0.0027477246490627653 0.0
1589 -0.0027422424008829295 0.0
1590 -0.002736751799357167 0.0
1591 -0.002731252861210805 0.0
1592 -0.002725745603194561 0.0
1593 -0.0027202300420844988 0.0
1594 -0.002714706194681972 0.0
1595 -0.0027091740778135806 0.0
1596 -0.0027036337083311108 0.0
1597 -0.002698085103111489 0.0
1598 -0.0026925282790567287 0.0
1599 -0.0026869632530938784 0.0
1600 -0.002681390042174975 0.0
1601 -0.002675808663276984 0.0
1602 -0.0026702191334017533 0.0
1603 -0.0026646214695759595 0.0
1604 -0.00265901568885106 0.0
1605 -0.0026534018083032335 0.0
1606 -0.0026477798450333326 0.0
1607 -0.002642149816166834 0.0
1608 -0.0026365117388537826 0.0
1609 -0.002630865630268737 0.0
1610 -0.0026252115076107257 0.0
1611 -0.0026195493881031864 0.0
1612 -0.002613879288993915 0.0
1613 -0.0026082012275550205 0.0
1614 -0.0026025152210828596 0.0
1615 -0.002596821286897996 0.0
1616 -0.002591119442345139 0.0
1617 -0.0025854097047930957 0.0
1618 -0.002579692091634719 0.0
1619 -0.0025739666202868492 0.0
1620 -0.0025682333081902655 0.0
1621 -0.0025624921728096294 0.0
1622 -0.002556743231633435 0.0
1623 -0.002550986502173956 0.0
1624 -0.0025452220019671875 0.0
1625 -0.002539449748572797 0.0
1626 -0.002533669759574068 0.0
1627 -0.0025278820525778518 0.0
1628 -0.0025220866452145066 0.0
1629 -0.0025162835551378483 0.0
1630 -0.002510472800025096 0.0
1631 -0.002504654397576814 0.0
1632 -0.0024988283655168714 0.0
1633 -0.0024929947215923684 0.0
1634 -0.002487153483573597 0.0
1635 -0.0024813046692539796 0.0
1636 -0.0024754482964500215 0.0
1637 -0.0024695843830012496 0.0
1638 -0.00246371294677016 0.0
1639 -0.002457834005642166 0.0
1640 -0.0024519475775255403 0.0
1641 -0.002446053680351367 0.0
1642 -0.0024401523320734778 0.0
1643 -0.0024342435506684 0.0
1644 -0.0024283273541353123 0.0
1645 -0.002422403760495971 0.0
1646 -0.00241647278779467 0.0
1647 -0.0024105344540981824 0.0
1648 -0.002404588777495702 0.0
1649 -0.002398635776098789 0.0
1650 -0.002392675468041321 0.0
1651 -0.0023867078714794286 0.0
1652 -0.002380733004591446 0.0
1653 -0.0023747508855778534 0.0
1654 -0.0023687615326612216 0.0
1655 -0.002362764964086162 0.0
1656 -0.0023567611981192595 0.0
1657 -0.0023507502530490275 0.0
1658 -0.0023447321471858447 0.0
1659 -0.0023387068988619097 0.0
1660 -0.0023326745264311706 0.0
1661 -0.0023266350482692814 0.0
1662 -0.002320588482773539 0.0
1663 -0.0023145348483628297 0.0
1664 -0.0023084741634775766 0.0
1665 -0.002302406446579675 0.0
1666 -0.0022963317161524438 0.0
1667 -0.002290249990700564 0.0
1668 -0.002284161288750026 0.0
1669 -0.002278065628848074 0.0
1670 -0.0022719630295631437 0.0
1671 -0.002265853509484811 0.0
1672 -0.002259737087223732 0.0
1673 -0.002253613781411593 0.0
1674 -0.002247483610701044 0.0
1675 -0.002241346593765648 0.0
1676 -0.0022352027492998226 0.0
1677 -0.002229052096018782 0.0
1678 -0.0022228946526584863 0.0
1679 -0.0022167304379755734 0.0
1680 -0.0022105594707473096 0.0
1681 -0.0022043817697715343 0.0
1682 -0.002198197353866594 0.0
1683 -0.0021920062418712906 0.0
1684 -0.0021858084526448283 0.0
1685 -0.0021796040050667464 0.0
1686 -0.0021733929180368667 0.0
1687 -0.0021671752104752405 0.0
1688 -0.0021609509013220812 0.0
1689 -0.0021547200095377145 0.0
1690 -0.0021484825541025175 0.0
1691 -0.0021422385540168596 0.0
1692 -0.0021359880283010504 0.0
1693 -0.0021297309959952744 0.0
1694 -0.0021234674761595367 0.0
1695 -0.002117197487873604 0.0
1696 -0.00211092105023695 0.0
1697 -0.002104638182368692 0.0
1698 -0.0020983489034075336 0.0
1699 -0.002092053232511711 0.0
1700 -0.002085751188858926 0.0
1701 -0.002079442791646302 0.0
1702 -0.0020731280600903073 0.0
1703 -0.0020668070134267106 0.0
1704 -0.002060479670910514 0.0
1705 -0.0020541460518159033 0.0
1706 -0.00204780617543618 0.0
1707 -0.0020414600610837055 0.0
1708 -0.002035107728089846 0.0
1709 -0.0020287491958049077 0.0
1710 -0.002022384483598085 0.0
1711 -0.0020160136108573943 0.0
1712 -0.0020096365969896183 0.0
1713 -0.0020032534614202475 0.0
1714 -0.0019968642235934186 0.0
1715 -0.0019904689029718605 0.0
1716 -0.001984067519036828 0.0
1717 -0.0019776600912880444 0.0
1718 -0.0019712466392436496 0.0
1719 -0.0019648271824401287 0.0
1720 -0.0019584017404322596 0.0
1721 -0.0019519703327930554 0.0
1722 -0.0019455329791136977 0.0
1723 -0.0019390896990034811 0.0
1724 -0.0019326405120897567 0.0
1725 -0.0019261854380178654 0.0
1726 -0.0019197244964510819 0.0
1727 -0.0019132577070705532 0.0
1728 -0.0019067850895752442 0.0
1729 -0.0019003066636818688 0.0
1730 -0.0018938224491248361 0.0
1731 -0.0018873324656561881 0.0
1732 -0.001880836733045538 0.0
1733 -0.0018743352710800174 0.0
1734 -0.0018678280995642052 0.0
1735 -0.0018613152383200745 0.0
1736 -0.001854796707186928 0.0
1737 -0.0018482725260213463 0.0
1738 -0.0018417427146971137 0.0
1739 -0.0018352072931051692 0.0
1740 -0.0018286662811535395 0.0
1741 -0.0018221196987672804 0.0
1742 -0.0018155675658884196 0.0
1743 -0.0018090099024758895 0.0
1744 -0.0018024467285054694 0.0
1745 -0.0017958780639697257 0.0
1746 -0.0017893039288779478 0.0
1747 -0.0017827243432560953 0.0
1748 -0.0017761393271467246 0.0
1749 -0.0017695489006089374 0.0
1750 -0.001762953083718314 0.0
1751 -0.0017563518965668598 0.0
1752 -0.0017497453592629339 0.0
1753 -0.0017431334919311948 0.0
1754 -0.0017365163147125353 0.0
1755 -0.0017298938477640284 0.0
1756 -0.001723266111258855 0.0
1757 -0.0017166331253862482 0.0
1758 -0.0017099949103514369 0.0
1759 -0.0017033514863755734 0.0
1760 -0.0016967028736956777 0.0
1761 -0.0016900490925645802 0.0
1762 -0.0016833901632508509 0.0
1763 -0.0016767261060387428 0.0
1764 -0.0016700569412281287 0.0
1765 -0.0016633826891344443 0.0
1766 -0.0016567033700886173 0.0
1767 -0.001650019004437012 0.0
1768 -0.001643329612541365 0.0
1769 -0.001636635214778723 0.0
1770 -0.0016299358315413856 0.0
1771 -0.0016232314832368342 0.0
1772 -0.0016165221902876767 0.0
1773 -0.0016098079731315812 0.0
1774 -0.001603088852221221 0.0
1775 -0.0015963648480242017 0.0
1776 -0.0015896359810230064 0.0
1777 -0.0015829022717149311 0.0
1778 -0.00157616374061202 0.0
1779 -0.0015694204082410113 0.0
1780 -0.0015626722951432629 0.0
1781 -0.0015559194218746977 0.0
1782 -0.001549161809005737 0.0
1783 -0.0015423994771212451 0.0
1784 -0.001535632446820456 0.0
1785 -0.0015288607387169174 0.0
1786 -0.0015220843734384264 0.0
1787 -0.0015153033716269653 0.0
1788 -0.0015085177539386453 0.0
1789 -0.0015017275410436324 0.0
1790 -0.0014949327536260934 0.0
1791 -0.0014881334123841266 0.0
1792 -0.0014813295380297087 0.0
1793 -0.0014745211512886191 0.0
1794 -0.0014677082729003823 0.0
1795 -0.0014608909236182117 0.0
1796 -0.0014540691242089327 0.0
1797 -0.0014472428954529289 0.0
1798 -0.0014404122581440795 0.0
1799 -0.001433577233089689 0.0
1800 -0.0014267378411104287 0.0
1801 -0.0014198941030402713 0.0
1802 -0.0014130460397264331 0.0
1803 -0.0014061936720293014 0.0
1804 -0.0013993370208223756 0.0
1805 -0.0013924761069922034 0.0
1806 -0.0013856109514383214 0.0
1807 -0.0013787415750731824 0.0
1808 -0.0013718679988220979 0.0
1809 -0.0013649902436231732 0.0
1810 -0.001358108330427242 0.0
1811 -0.0013512222801978088 0.0
1812 -0.0013443321139109744 0.0
1813 -0.0013374378525553812 0.0
1814 -0.0013305395171321446 0.0
1815 -0.0013236371286547883 0.0
1816 -0.0013167307081491887 0.0
1817 -0.0013098202766534989 0.0
1818 -0.0013029058552180913 0.0
1819 -0.0012959874649054908 0.0
1820 -0.001289065126790318 0.0
1821 -0.0012821388619592136 0.0
1822 -0.0012752086915107808 0.0
1823 -0.0012682746365555214 0.0
1824 -0.0012613367182157673 0.0
1825 -0.0012543949576256242 0.0
1826 -0.0012474493759308974 0.0
1827 -0.001240499994289033 0.0
1828 -0.001233546833869051 0.0
1829 -0.0012265899158514877 0.0
1830 -0.0012196292614283196 0.0
1831 -0.0012126648918029058 0.0
1832 -0.0012056968281899273 0.0
1833 -0.0011987250918153126 0.0
1834 -0.0011917497039161784 0.0
1835 -0.0011847706857407688 0.0
1836 -0.0011777880585483822 0.0
1837 -0.0011708018436093098 0.0
1838 -0.001163812062204778 0.0
1839 -0.0011568187356268708 0.0
1840 -0.0011498218851784742 0.0
1841 -0.001142821532173208 0.0
1842 -0.0011358176979353596 0.0
1843 -0.0011288104037998263 0.0
1844 -0.0011217996711120396 0.0
1845 -0.001114785521227907 0.0
1846 -0.0011077679755137457 0.0
1847 -0.0011007470553462146 0.0
1848 -0.0010937227821122583 0.0
1849 -0.0010866951772090293 0.0
1850 -0.0010796642620438308 0.0
1851 -0.0010726300580340478 0.0
1852 -0.0010655925866070895 0.0
1853 -0.0010585518692003124 0.0
1854 -0.0010515079272609628 0.0
1855 -0.0010444607822461096 0.0
1856 -0.0010374104556225765 0.0
1857 -0.001030356968866885 0.0
1858 -0.0010233003434651769 0.0
1859 -0.0010162406009131572 0.0
1860 -0.0010091777627160242 0.0
1861 -0.0010021118503884116 0.0
1862 -0.0009950428854543117 0.0
1863 -0.000987970889447018 0.0
1864 -0.0009808958839090565 0.0
1865 -0.0009738178903921193 0.0
1866 -0.0009667369304570058 0.0
1867 -0.0009596530256735462 0.0
1868 -0.0009525661976205411 0.0
1869 -0.0009454764678857014 0.0
1870 -0.0009383838580655717 0.0
1871 -0.0009312883897654696 0.0
1872 -0.000924190084599426 0.0
1873 -0.0009170889641901071 0.0
1874 -0.0009099850501687559 0.0
1875 -0.0009028783641751298 0.0
1876 -0.0008957689278574251 0.0
1877 -0.0008886567628722179 0.0
1878 -0.0008815418908843959 0.0
1879 -0.0008744243335670914 0.0
1880 -0.0008673041126016221 0.0
1881 -0.0008601812496774138 0.0
1882 -0.0008530557664919425 0.0
1883 -0.0008459276847506637 0.0
1884 -0.0008387970261669544 0.0
1885 -0.0008316638124620353 0.0
1886 -0.0008245280653649125 0.0
1887 -0.0008173898066123091 0.0
1888 -0.0008102490579485975 0.0
1889 -0.00080310584112574 0.0
1890 -0.0007959601779032122 0.0
1891 -0.0007888120900479434 0.0
1892 -0.0007816615993342489 0.0
1893 -0.0007745087275437616 0.0
1894 -0.0007673534964653732 0.0
1895 -0.0007601959278951566 0.0
1896 -0.0007530360436363069 0.0
1897 -0.0007458738654990716 0.0
1898 -0.0007387094153006909 0.0
1899 -0.0007315427148653208 0.0
1900 -0.0007243737860239736 0.0
1901 -0.0007172026506144501 0.0
1902 -0.0007100293304812703 0.0
1903 -0.0007028538474756152 0.0
1904 -0.0006956762234552484 0.0
1905 -0.0006884964802844559 0.0
1906 -0.0006813146398339841 0.0
1907 -0.0006741307239809626 0.0
1908 -0.0006669447546088431 0.0
1909 -0.0006597567536073383 0.0
1910 -0.0006525667428723439 0.0
1911 -0.0006453747443058778 0.0
1912 -0.0006381807798160185 0.0
1913 -0.0006309848713168277 0.0
1914 -0.0006237870407282905 0.0
1915 -0.0006165873099762473 0.0
1916 -0.0006093857009923246 0.0
1917 -0.0006021822357138761 0.0
1918 -0.0005949769360839043 0.0
1919 -0.0005877698240510016 0.0
1920 -0.0005805609215692794 0.0
1921 -0.0005733502505983082 0.0
1922 -0.0005661378331030406 0.0
1923 -0.0005589236910537512 0.0
1924 -0.0005517078464259679 0.0
1925 -0.0005444903212004027 0.0
1926 -0.000537271137362893 0.0
1927 -0.0005300503169043227 0.0
1928 -0.0005228278818205634 0.0
1929 -0.0005156038541124031 0.0
1930 -0.0005083782557854865 0.0
1931 -0.0005011511088502377 0.0
1932 -0.0004939224353217992 0.0
1933 -0.0004866922572199645 0.0
1934 -0.00047946059656910804 0.0
1935 -0.000472227475398126 0.0
1936 -0.000464992915740358 0.0
1937 -0.0004577569396335275 0.0
1938 -0.0004505195691196726 0.0
1939 -0.000443280826245077 0.0
1940 -0.00043604073306021085 0.0
1941 -0.0004287993116196515 0.0
1942 -0.00042155658398202286 0.0
1943 -0.00041431257220993293 0.0
1944 -0.000407067298369896 0.0
1945 -0.00039982078453227097 0.0
1946 -0.0003925730527711993 0.0
1947 -0.0003853241251645271 0.0
1948 -0.00037807402379374307 0.0
1949 -0.00037082277074391713 0.0
1950 -0.0003635703881036217 0.0
1951 -0.000356316897964872 0.0
1952 -0.00034906232242305524 0.0
1953 -0.0003418066835768702 0.0
1954 -0.0003345500035282492 0.0
1955 -0.00032729230438229836 0.0
1956 -0.00032003360824722776 0.0
1957 -0.000312773937234283 0.0
1958 -0.00030551331345768444 0.0
1959 -0.0002982517590345496 0.0
1960 -0.0002909892960848326 0.0
1961 -0.0002837259467312531 0.0
1962 -0.00027646173309923673 0.0
1963 -0.000269196677316836 0.0
1964 -0.0002619308015146709 0.0
1965 -0.00025466412782585915 0.0
1966 -0.0002473966783859471 0.0
1967 -0.0002401284753328499 0.0
1968 -0.00023285954080677266 0.0
1969 -0.00022558989695015052 0.0
1970 -0.00021831956590757947 0.0
1971 -0.00021104856982574678 0.0
1972 -0.00020377693085337127 0.0
1973 -0.00019650467114112443 0.0
1974 -0.00018923181284157057 0.0
1975 -0.0001819583781090955 0.0
1976 -0.00017468438909984648 0.0
1977 -0.00016740986797165373 0.0
1978 -0.0001601348368839701 0.0
1979 -0.00015285931799780017 0.0
1980 -0.0001455833334756399 0.0
1981 -0.00013830690548139813 0.0
1982 -0.00013103005618033458 0.0
1983 -0.00012375280773899792 0.0
1984 -0.00011647518232514714 0.0
1985 -0.00010919720210768946 0.0
1986 -0.00010191888925661853 0.0
1987 -9.464026594293568e-05 0.0
1988 -8.736135433858983e-05 0.0
1989 -8.00821766164062e-05 0.0
1990 -7.280275495002623e-05 0.0
1991 -6.55231115138289e-05 0.0
1992 -5.824326848287055e-05 0.0
1993 -5.0963248032815606e-05 0.0
1994 -4.368307233986702e-05 0.0
1995 -3.640276358070622e-05 0.0
1996 -2.9122343932414415e-05 0.0
1997 -2.1841835572412462e-05 0.0
1998 -1.4561260678389593e-05 0.0
1999 -7.280641428243268e-06 0.0
2000 0.0 0.0
2001 0.0 0.0
2002 0.0 0.0
2003 0.0 0.0
2004 0.0 0.0
2005 0.0 0.0
2006 0.0 0.0
2007 0.0 0.0
2008 0.0 0.0
2009 0.0 0.0
2010 0.0 0.0
2011 0.0 0.0
2012 0.0 0.0
2013 0.0 0.0
2014 0.0 0.0
2015 0.0 0.0
2016 0.0 0.0
2017 0.0 0.0
2018 0.0 0.0
2019 0.0 0.0
2020 0.0 0.0
2021 0.0 0.0
2022 0.0 0.0
2023 0.0 0.0
2024 0.0 0.0
2025 0.0 0.0
2026 0.0 0.0
2027 0.0 0.0
2028 0.0 0.0
2029 0.0 0.0
2030 0.0 0.0
2031 0.0 0.0
2032 0.0 0.0
2033 0.0 0.0
2034 0.0 0.0
2035 0.0 0.0
2036 0.0 0.0
2037 0.0 0.0
2038 0.0 0.0
2039 0.0 0.0
2040 0.0 0.0
2041 0.0 0.0
2042 0.0 0.0
2043 0.0 0.0
2044 0.0 0.0
2045 0.0 0.0
2046 0.0 0.0
2047 0.0 0.0
2048 0.0 0.0
2049 0.0 0.0
2050 0.0 0.0
2051 0.0 0.0
2052 0.0 0.0
2053 0.0 0.0
2054 0.0 0.0
2055 0.0 0.0
2056 0.0 0.0
2057 0.0 0.0
2058 0.0 0.0
2059 0.0 0.0
2060 0.0 0.0
2061 0.0 0.0
2062 0.0 0.0
2063 0.0 0.0
2064 0.0 0.0
2065 0.0 0.0
2066 0.0 0.0
2067 0.0 0.0
2068 0.0 0.0
2069 0.0 0.0
2070 0.0 0.0
2071 0.0 0.0
2072 0.0 0.0
2073 0.0 0.0
2074 0.0 0.0
2075 0.0 0.0
2076 0.0 0.0
2077 0.0 0.0
2078 0.0 0.0
2079 0.0 0.0
2080 0.0 0.0
2081 0.0 0.0
2082 0.0 0.0
2083 0.0 0.0
2084 0.0 0.0
2085 0.0 0.0
2086 0.0 0.0
2087 0.0 0.0
2088 0.0 0.0
2089 0.0 0.0
2090 0.0 0.0
2091 0.0 0.0
2092 0.0 0.0
2093 0.0 0.0
2094 0.0 0.0
2095 0.0 0.0
2096 0.0 0.0
2097 0.0 0.0
2098 0.0 0.0
2099 0.0 0.0
2100 0.0 0.0
2101 0.0 0.0
2102 0.0 0.0
2103 0.0 0.0
2104 0.0 0.0
2105 0.0 0.0
2106 0.0 0.0
2107 0.0 0.0
2108 0.0 0.0
2109 0.0 0.0
2110 0.0 0.0
2111 0.0 0.0
2112 0.0 0.0
2113 0.0 0.0
2114 0.0 0.0
2115 0.0 0.0
2116 0.0 0.0
2117 0.0 0.0
2118 0.0 0.0
2119 0.0 0.0
2120 0.0 0.0
2121 0.0 0.0
2122 0.0 0.0
2123 0.0 0.0
2124 0.0 0.0
2125 0.0 0.0
2126 0.0 0.0
2127 0.0 0.0
2128 0.0 0.0
2129 0.0 0.0
2130 0.0 0.0
2131 0.0 0.0
2132 0.0 0.0
2133 0.0 0.0
2134 0.0 0.0
2135 0.0 0.0
2136 0.0 0.0
2137 0.0 0.0
2138 0.0 0.0
2139 0.0 0.0
2140 0.0 0.0
2141 0.0 0.0
2142 0.0 0.0
2143 0.0 0.0
2144 0.0 0.0
2145 0.0 0.0
2146 0.0 0.0
2147 0.0 0.0
2148 0.0 0.0
2149 0.0 0.0
2150 0.0 0.0
2151 0.0 0.0
2152 0.0 0.0
2153 0.0 0.0
2154 0.0 0.0
2155 0.0 0.0
2156 0.0 0.0
2157 0.0 0.0
2158 0.0 0.0
2159 0.0 0.0
2160 0.0 0.0
2161 0.0 0.0
2162 0.0 0.0
2163 0.0 0.0
2164 0.0 0.0
2165 0.0 0.0
2166 0.0 0.0
2167 0.0 0.0
2168 0.0 0.0
2169 0.0 0.0
2170 0.0 0.0
2171 0.0 0.0
2172 0.0 0.0
2173 0.0 0.0
2174 0.0 0.0
2175 0.0 0.0
2176 0.0 0.0
2177 0.0 0.0
2178 0.0 0.0
2179 0.0 0.0
2180 0.0 0.0
2181 0.0 0.0
2182 0.0 0.0
2183 0.0 0.0
2184 0.0 0.0
2185 0.0 0.0
2186 0.0 0.0
2187 0.0 0.0
2188 0.0 0.0
2189 0.0 0.0
2190 0.0 0.0
2191 0.0 0.0
2192 0.0 0.0
2193 0.0 0.0
2194 0.0 0.0
2195 0.0 0.0
2196 0.0 0.0
2197 0.0 0.0
2198 0.0 0.0
2199 0.0 0.0