
0 -0.01607206721 0.0
1 -0.01607206721 0.0
2 -0.01607206721 0.0
3 -0.01607206721 0.0
4 -0.01607206721 0.0
5 -0.01607206721 0.0
6 -0.01607206721 0.0
7 -0.01607206721 0.0
8 -0.01607206721 0.0
9 -0.01607206721 0.0
10 -0.01607206721 0.0
11 -0.01607206721 0.0
12 -0.01607206721 0.0
13 -0.01607206721 0.0
14 -0.01607206721 0.0
15 -0.01607206721 0.0
16 -0.01607206721 0.0
17 -0.01607206721 0.0
18 -0.01607206721 0.0
19 -0.01607206721 0.0
20 -0.01607206721 0.0
21 -0.01607206721 0.0
22 -0.01607206721 0.0
23 -0.01607206721 0.0
24 -0.01607206721 0.0
25 -0.01607206721 0.0
26 -0.01607206721 0.0
27 -0.01607206721 0.0
28 -0.01607206721 0.0
29 -0.01607206721 0.0
30 -0.01607206721 0.0
31 -0.01607206721 0.0
32 -0.01607206721 0.0
33 -0.01607206721 0.0
34 -0.01607206721 0.0
35 -0.01607206721 0.0
36 -0.01607206721 0.0
37 -0.01607206721 0.0
38 -0.01607206721 0.0
39 -0.01607206721 0.0
40 -0.01607206721 0.0
41 -0.01607206721 0.0
42 -0.01607206721 0.0
43 -0.01607206721 0.0
44 -0.01607206721 0.0
45 -0.01607206721 0.0
46 -0.01607206721 0.0
47 -0.01607206721 0.0
48 -0.01607206721 0.0
49 -0.01607206721 0.0
50 -0.01607206721 0.0
51 -0.01607206721 0.0
52 -0.01607206721 0.0
53 -0.01607206721 0.0
54 -0.01607206721 0.0
55 -0.01607206721 0.0
56 -0.01607206721 0.0
57 -0.01607206721 0.0
58 -0.01607206721 0.0
59 -0.01607206721 0.0
60 -0.01607206721 0.0
61 -0.01607206721 0.0
62 -0.01607206721 0.0
63 -0.01607206721 0.0
64 -0.01607206721 0.0
65 -0.01607206721 0.0
66 -0.01607206721 0.0
67 -0.01607206721 0.0
68 -0.01607206721 0.0
69 -0.01607206721 0.0
70 -0.01607206721 0.0
71 -0.01607206721 0.0
72 -0.01607206721 0.0
73 -0.01607206721 0.0
74 -0.01607206721 0.0
75 -0.01607206721 0.0
76 -0.01607206721 0.0
77 -0.01607206721 0.0
78 -0.01607206721 0.0
79 -0.01607206721 0.0
80 -0.01607206721 0.0
81 -0.01607206721 0.0
82 -0.01607206721 0.0
83 -0.01607206721 0.0
84 -0.01607206721 0.0
85 -0.01607206721 0.0
86 -0.01607206721 0.0
87 -0.01607206721 0.0
88 -0.01607206721 0.0
89 -0.01607206721 0.0
90 -0.01607206721 0.0
91 -0.01607206721 0.0
92 -0.01607206721 0.0
93 -0.01607206721 0.0
94 -0.01607206721 0.0
95 -0.01607206721 0.0
96 -0.01607206721 0.0
97 -0.01607206721 0.0
98 -0.01607206721 0.0
99 -0.01607206721 0.0
100 -0.01607206721 0.0
101 -0.01607206721 0.0
102 -0.01607206721 0.0
103 -0.01607206721 0.0
104 -0.01607206721 0.0
105 -0.01607206721 0.0
106 -0.01607206721 0.0
107 -0.01607206721 0.0
108 -0.01607206721 0.0
109 -0.01607206721 0.0
110 -0.01607206721 0.0
111 -0.01607206721 0.0
112 -0.01607206721 0.0
113 -0.01607206721 0.0
114 -0.01607206721 0.0
115 -0.01607206721 0.0
116 -0.01607206721 0.0
117 -0.01607206721 0.0
118 -0.01607206721 0.0
119 -0.01607206721 0.0
120 -0.01607206721 0.0
121 -0.01607206721 0.0
122 -0.01607206721 0.0
123 -0.01607206721 0.0
124 -0.01607206721 0.0
125 -0.01607206721 0.0
126 -0.01607206721 0.0
127 -0.01607206721 0.0
128 -0.01607206721 0.0
129 -0.01607206721 0.0
130 -0.01607206721 0.0
131 -0.01607206721 0.0
132 -0.01607206721 0.0
133 -0.01607206721 0.0
134 -0.01607206721 0.0
135 -0.01607206721 0.0
136 -0.01607206721 0.0
137 -0.01607206721 0.0
138 -0.01607206721 0.0
139 -0.01607206721 0.0
140 -0.01607206721 0.0
141 -0.01607206721 0.0
142 -0.01607206721 0.0
143 -0.01607206721 0.0
144 -0.01607206721 0.0
145 -0.01607206721 0.0
146 -0.01607206721 0.0
147 -0.01607206721 0.0
148 -0.01607206721 0.0
149 -0.01607206721 0.0
150 -0.01607206721 0.0
151 -0.01607206721 0.0
152 -0.01607206721 0.0
153 -0.01607206721 0.0
154 -0.01607206721 0.0
155 -0.01607206721 0.0
156 -0.01607206721 0.0
157 -0.01607206721 0.0
158 -0.01607206721 0.0
159 -0.01607206721 0.0
160 -0.01607206721 0.0
161 -0.01607206721 0.0
162 -0.01607206721 0.0
163 -0.01607206721 0.0
164 -0.01607206721 0.0
165 -0.01607206721 0.0
166 -0.01607206721 0.0
167 -0.01607206721 0.0
168 -0.01607206721 0.0
169 -0.01607206721 0.0
170 -0.01607206721 0.0
171 -0.01607206721 0.0
172 -0.01607206721 0.0
173 -0.01607206721 0.0
174 -0.01607206721 0.0
175 -0.01607206721 0.0
176 -0.01607206721 0.0
177 -0.01607206721 0.0
178 -0.01607206721 0.0
179 -0.01607206721 0.0
180 -0.01607206721 0.0
181 -0.01607206721 0.0
182 -0.01607206721 0.0
183 -0.01607206721 0.0
184 -0.01607206721 0.0
185 -0.01607206721 0.0
186 -0.01607206721 0.0
187 -0.01607206721 0.0
188 -0.01607206721 0.0
189 -0.01607206721 0.0
190 -0.01607206721 0.0
191 -0.01607206721 0.0
192 -0.01607206721 0.0
193 -0.01607206721 0.0
194 -0.01607206721 0.0
195 -0.01607206721 0.0
196 -0.01607206721 0.0
197 -0.01607206721 0.0
198 -0.01607206721 0.0
199 -0.01607206721 0.0
200 -0.01607206721 0.0
201 -0.016005125274022935 0.0
202 -0.01593818354196262 0.0
203 -0.015871242217735174 0.0
204 -0.015804301505255487 0.0
205 -0.015737361608436567 0.0
206 -0.01567042273118896 0.0
207 -0.01560348507742009 0.0
208 -0.01553654885103366 0.0
209 -0.01546961425592902 0.0
210 -0.015402681496000561 0.0
211 -0.015335750775137076 0.0
212 -0.015268822297221145 0.0
213 -0.015201896266128521 0.0
214 -0.015134972885727502 0.0
215 -0.01506805235987831 0.0
216 -0.015001134892432471 0.0
217 -0.014934220687232198 0.0
218 -0.014867309948109765 0.0
219 -0.014800402878886884 0.0
220 -0.014733499683374094 0.0
221 -0.014666600565370133 0.0
222 -0.014599705728661311 0.0
223 -0.014532815377020907 0.0
224 -0.01446592971420853 0.0
225 -0.014399048943969508 0.0
226 -0.014332173270034268 0.0
227 -0.014265302896117708 0.0
228 -0.014198438025918587 0.0
229 -0.014131578863118893 0.0
230 -0.014064725611383232 0.0
231 -0.013997878474358204 0.0
232 -0.01393103765567178 0.0
233 -0.013864203358932684 0.0
234 -0.013797375787729778 0.0
235 -0.01373055514563143 0.0
236 -0.013663741636184907 0.0
237 -0.013596935462915745 0.0
238 -0.013530136829327133 0.0
239 -0.013463345938899295 0.0
240 -0.013396562995088863 0.0
241 -0.013329788201328269 0.0
242 -0.013263021761025114 0.0
243 -0.013196263877561554 0.0
244 -0.013129514754293681 0.0
245 -0.013062774594550897 0.0
246 -0.012996043601635306 0.0
247 -0.012929321978821084 0.0
248 -0.012862609929353865 0.0
249 -0.012795907656450124 0.0
250 -0.012729215363296548 0.0
251 -0.01266253325304943 0.0
252 -0.012595861528834042 0.0
253 -0.012529200393744019 0.0
254 -0.012462550050840737 0.0
255 -0.012395910703152702 0.0
256 -0.012329282553674922 0.0
257 -0.012262665805368297 0.0
258 -0.012196060661158994 0.0
259 -0.012129467323937835 0.0
260 -0.01206288599655967 0.0
261 -0.011996316881842774 0.0
262 -0.011929760182568212 0.0
263 -0.011863216101479234 0.0
264 -0.011796684841280651 0.0
265 -0.01173016660463822 0.0
266 -0.011663661594178025 0.0
267 -0.011597170012485862 0.0
268 -0.011530692062106617 0.0
269 -0.011464227945543663 0.0
270 -0.011397777865258219 0.0
271 -0.011331342023668756 0.0
272 -0.011264920623150368 0.0
273 -0.011198513866034163 0.0
274 -0.011132121954606635 0.0
275 -0.011065745091109067 0.0
276 -0.01099938347773689 0.0
277 -0.01093303731663909 0.0
278 -0.01086670680991758 0.0
279 -0.010800392159626585 0.0
280 -0.010734093567772031 0.0
281 -0.010667811236310928 0.0
282 -0.010601545367150753 0.0
283 -0.010535296162148836 0.0
284 -0.01046906382311174 0.0
285 -0.010402848551794658 0.0
286 -0.010336650549900791 0.0
287 -0.010270470019080737 0.0
288 -0.010204307160931864 0.0
289 -0.010138162176997714 0.0
290 -0.01007203526876738 0.0
291 -0.010005926637674892 0.0
292 -0.009939836485098606 0.0
293 -0.009873765012360586 0.0
294 -0.009807712420725999 0.0
295 -0.009741678911402494 0.0
296 -0.00967566468553959 0.0
297 -0.009609669944228072 0.0
298 -0.009543694888499363 0.0
299 -0.009477739719324925 0.0
300 -0.009411804637615642 0.0
301 -0.009345889844221208 0.0
302 -0.009279995539929515 0.0
303 -0.009214121925466041 0.0
304 -0.009148269201493243 0.0
305 -0.00908243756860993 0.0
306 -0.009016627227350683 0.0
307 -0.008950838378185208 0.0
308 -0.008885071221517753 0.0
309 -0.00881932595768648 0.0
310 -0.008753602786962866 0.0
311 -0.008687901909551085 0.0
312 -0.008622223525587405 0.0
313 -0.008556567835139573 0.0
314 -0.00849093503820621 0.0
315 -0.0084253253347162 0.0
316 -0.00835973892452807 0.0
317 -0.008294176007429408 0.0
318 -0.008228636783136229 0.0
319 -0.00816312145129237 0.0
320 -0.008097630211468901 0.0
321 -0.00803216326316349 0.0
322 -0.00796672080579982 0.0
323 -0.007901303038726964 0.0
324 -0.007835910161218785 0.0
325 -0.007770542372473328 0.0
326 -0.007705199871612216 0.0
327 -0.007639882857680039 0.0
328 -0.007574591529643744 0.0
329 -0.007509326086392043 0.0
330 -0.007444086726734796 0.0
331 -0.0073788736494024044 0.0
332 -0.007313687053045212 0.0
333 -0.007248527136232896 0.0
334 -0.007183394097453865 0.0
335 -0.007118288135114647 0.0
336 -0.0070532094475392985 0.0
337 -0.006988158232968786 0.0
338 -0.006923134689560391 0.0
339 -0.006858139015387102 0.0
340 -0.006793171408437016 0.0
341 -0.006728232066612732 0.0
342 -0.006663321187730746 0.0
343 -0.006598438969520849 0.0
344 -0.006533585609625534 0.0
345 -0.006468761305599379 0.0
346 -0.006403966254908463 0.0
347 -0.00633920065492974 0.0
348 -0.006274464702950462 0.0
349 -0.006209758596167566 0.0
350 -0.006145082531687076 0.0
351 -0.0060804367065234975 0.0
352 -0.006015821317599229 0.0
353 -0.005951236561743947 0.0
354 -0.005886682635694024 0.0
355 -0.005822159736091908 0.0
356 -0.005757668059485544 0.0
357 -0.005693207802327764 0.0
358 -0.005628779160975688 0.0
359 -0.005564382331690133 0.0
360 -0.005500017510635009 0.0
361 -0.005435684893876724 0.0
362 -0.00537138467738358 0.0
363 -0.005307117057025194 0.0
364 -0.005242882228571881 0.0
365 -0.005178680387694073 0.0
366 -0.005114511729961704 0.0
367 -0.005050376450843634 0.0
368 -0.004986274745707049 0.0
369 -0.004922206809816863 0.0
370 -0.004858172838335114 0.0
371 -0.004794173026320387 0.0
372 -0.004730207568727206 0.0
373 -0.004666276660405451 0.0
374 -0.004602380496099756 0.0
375 -0.004538519270448916 0.0
376 -0.004474693177985304 0.0
377 -0.004410902413134259 0.0
378 -0.0043471471702135195 0.0
379 -0.00428342764343261 0.0
380 -0.004219744026892262 0.0
381 -0.004156096514583813 0.0
382 -0.004092485300388625 0.0
383 -0.004028910578077489 0.0
384 -0.003965372541310033 0.0
385 -0.003901871383634136 0.0
386 -0.0038384072984853374 0.0
387 -0.003774980479186247 0.0
388 -0.0037115911189459574 0.0
389 -0.0036482394108594517 0.0
390 -0.003584925547907016 0.0
391 -0.003521649722953664 0.0
392 -0.0034584121287485284 0.0
393 -0.0033952129579242884 0.0
394 -0.003332052402996579 0.0
395 -0.003268930656363401 0.0
396 -0.0032058479103045483 0.0
397 -0.0031428043569809976 0.0
398 -0.003079800188434352 0.0
399 -0.0030168355965862308 0.0
400 -0.0029539107732377036 0.0
401 -0.002891025910068694 0.0
402 -0.0028281811986374007 0.0
403 -0.0027653768303797146 0.0
404 -0.0027026129966086308 0.0
405 -0.0026398898885136735 0.0
406 -0.0025772076971603067 0.0
407 -0.0025145666134893576 0.0
408 -0.0024519668283164327 0.0
409 -0.0023894085323313257 0.0
410 -0.002326891916097463 0.0
411 -0.002264417170051297 0.0
412 -0.0022019844845017414 0.0
413 -0.002139594049629578 0.0
414 -0.0020772460554868925 0.0
415 -0.002014940691996493 0.0
416 -0.0019526781489513211 0.0
417 -0.0018904586160138747 0.0
418 -0.0018282822827156466 0.0
419 -0.0017661493384565283 0.0
420 -0.001704059972504248 0.0
421 -0.0016420143739937776 0.0
422 -0.0015800127319267714 0.0
423 -0.001518055235170986 0.0
424 -0.0014561420724596985 0.0
425 -0.0013942734323911382 0.0
426 -0.0013324495034279203 0.0
427 -0.0012706704738964444 0.0
428 -0.001208936531986355 0.0
429 -0.0011472478657499445 0.0
430 -0.0010856046631015862 0.0
431 -0.0010240071118171688 0.0
432 -0.0009624553995335114 0.0
433 -0.0009009497137478055 0.0
434 -0.0008394902418170421 0.0
435 -0.0007780771709574273 0.0
436 -0.0007167106882438237 0.0
437 -0.0006553909806091846 0.0
438 -0.0005941182348439683 0.0
439 -0.0005328926375955893 0.0
440 -0.0004717143753678321 0.0
441 -0.00041058363452029303 0.0
442 -0.00034950060126780896 0.0
443 -0.0002884654616799008 0.0
444 -0.00022747840168018188 0.0
445 -0.00016653960704581666 0.0
446 -0.00010564926340693448 0.0
447 -4.480755624608826e-05 0.0
448 1.5985329102328333e-05 0.0
449 7.672920745264988e-05 0.0
450 0.00013742389376848393 0.0
451 0.00019806920316329038 0.0
452 0.0002586649509009435 0.0
453 0.00031921095239627675 0.0
454 0.0003797070232156828 0.0
455 0.0004401529790776307 0.0
456 0.0005005486358532589 0.0
457 0.0005608938095669203 0.0
458 0.0006211883163967508 0.0
459 0.0006814319726752283 0.0
460 0.000741624594889724 0.0
461 0.0008017659996830719 0.0
462 0.0008618560038541334 0.0
463 0.0009218944243583188 0.0
464 0.0009818810783081972 0.0
465 0.001041815782974017 0.0
466 0.0011016983557842717 0.0
467 0.0011615286143262585 0.0
468 0.0012213063763466328 0.0
469 0.001281031459751971 0.0
470 0.0013407036826093045 0.0
471 0.0014003228631466955 0.0
472 0.0014598888197537851 0.0
473 0.0015194013709823317 0.0
474 0.0015788603355467896 0.0
475 0.0016382655323248368 0.0
476 0.0016976167803579405 0.0
477 0.0017569138988519119 0.0
478 0.0018161567071774444 0.0
479 0.0018753450248706685 0.0
480 0.0019344786716337 0.0
481 0.001993557467335195 0.0
482 0.0020525812320109013 0.0
483 0.002111549785864194 0.0
484 0.0021704629492666286 0.0
485 0.0022293205427584978 0.0
486 0.002288122387049358 0.0
487 0.0023468683030185983 0.0
488 0.002405558111715972 0.0
489 0.0024641916343621367 0.0
490 0.0025227686923492212 0.0
491 0.002581289107241338 0.0
492 0.0026397527007751657 0.0
493 0.002698159294860461 0.0
494 0.002756508711580598 0.0
495 0.0028148007731931407 0.0
496 0.002873035302130362 0.0
497 0.002931212120999782 0.0
498 0.0029893310525847226 0.0
499 0.0030473919198448357 0.0
500 0.00310539454591666 0.0
501 0.0031633387541141304 0.0
502 0.0032212243679291437 0.0
503 0.0032790512110320823 0.0
504 0.0033368191072723416 0.0
505 0.003394527880678906 0.0
506 0.003452177355460842 0.0
507 0.0035097673560078348 0.0
508 0.003567297706890779 0.0
509 0.00362476823286223 0.0
510 0.0036821787588570097 0.0
511 0.0037395291099926974 0.0
512 0.003796819111570173 0.0
513 0.0038540485890741633 0.0
514 0.0039112173681737465 0.0
515 0.003968325274722913 0.0
516 0.004025372134761073 0.0
517 0.004082357774513601 0.0
518 0.004139282020392352 0.0
519 0.0041961446989962 0.0
520 0.004252945637111569 0.0
521 0.0043096846617129494 0.0
522 0.004366361599963422 0.0
523 0.004422976279215226 0.0
524 0.004479528527010213 0.0
525 0.004536018171080434 0.0
526 0.004592445039348629 0.0
527 0.004648808959928783 0.0
528 0.004705109761126612 0.0
529 0.0047613472714401125 0.0
530 0.004817521319560071 0.0
531 0.004873631734370609 0.0
532 0.004929678344949659 0.0
533 0.004985660980569535 0.0
534 0.005041579470697409 0.0
535 0.005097433644995864 0.0
536 0.005153223333323409 0.0
537 0.0052089483657349715 0.0
538 0.00526460857248243 0.0
539 0.005320203784015157 0.0
540 0.00537573383098049 0.0
541 0.0054311985442242715 0.0
542 0.005486597754791378 0.0
543 0.005541931293926199 0.0
544 0.0055971989930731735 0.0
545 0.005652400683877307 0.0
546 0.00570753619818468 0.0
547 0.005762605368042958 0.0
548 0.005817608025701887 0.0
549 0.005872544003613842 0.0
550 0.005927413134434307 0.0
551 0.005982215251022393 0.0
552 0.006036950186441341 0.0
553 0.006091617773959064 0.0
554 0.0061462178470485865 0.0
555 0.006200750239388632 0.0
556 0.0062552147848640716 0.0
557 0.006309611317566452 0.0
558 0.0063639396717945045 0.0
559 0.006418199682054641 0.0
560 0.006472391183061463 0.0
561 0.0065265140097382525 0.0
562 0.006580567997217495 0.0
563 0.006634552980841372 0.0
564 0.006688468796162264 0.0
565 0.006742315278943239 0.0
566 0.006796092265158583 0.0
567 0.006849799590994264 0.0
568 0.0069034370928484495 0.0
569 0.006957004607332007 0.0
570 0.0070105019712690154 0.0
571 0.007063929021697207 0.0
572 0.007117285595868519 0.0
573 0.007170571531249583 0.0
574 0.007223786665522199 0.0
575 0.007276930836583834 0.0
576 0.0073300038825481265 0.0
577 0.007383005641745377 0.0
578 0.0074359359527230336 0.0
579 0.007488794654246195 0.0
580 0.007541581585298086 0.0
581 0.007594296585080554 0.0
582 0.0076469394930145755 0.0
583 0.007699510148740717 0.0
584 0.0077520083921196505 0.0
585 0.007804434063232613 0.0
586 0.007856787002381925 0.0
587 0.007909067050091458 0.0
588 0.007961274047107118 0.0
589 0.008013407834397333 0.0
590 0.008065468253153556 0.0
591 0.00811745514479071 0.0
592 0.008169368350947708 0.0
593 0.008221207713487933 0.0
594 0.008272973074499687 0.0
595 0.008324664276296707 0.0
596 0.00837628116141862 0.0
597 0.008427823572631457 0.0
598 0.008479291352928083 0.0
599 0.008530684345528713 0.0
600 0.008582002393881388 0.0
601 0.008633245341662429 0.0
602 0.008684413032776922 0.0
603 0.00873550531135922 0.0
604 0.00878652202177337 0.0
605 0.008837463008613627 0.0
606 0.008888328116704917 0.0
607 0.008939117191103293 0.0
608 0.008989830077096427 0.0
609 0.009040466620204076 0.0
610 0.009091026666178548 0.0
611 0.009141510061005175 0.0
612 0.009191916650902777 0.0
613 0.009242246282324146 0.0
614 0.009292498801956487 0.0
615 0.009342674056721921 0.0
616 0.00939277189377791 0.0
617 0.009442792160517768 0.0
618 0.009492734704571074 0.0
619 0.009542599373804177 0.0
620 0.009592386016320661 0.0
621 0.009642094480461768 0.0
622 0.009691724614806895 0.0
623 0.009741276268174049 0.0
624 0.009790749289620298 0.0
625 0.00984014352844224 0.0
626 0.00988945883417646 0.0
627 0.00993869505659999 0.0
628 0.00998785204573074 0.0
629 0.010036929651828008 0.0
630 0.010085927725392893 0.0
631 0.010134846117168764 0.0
632 0.010183684678141718 0.0
633 0.010232443259541025 0.0
634 0.010281121712839597 0.0
635 0.010329719889754414 0.0
636 0.010378237642247008 0.0
637 0.010426674822523897 0.0
638 0.010475031283037006 0.0
639 0.010523306876484194 0.0
640 0.01057150145580962 0.0
641 0.01061961487420424 0.0
642 0.010667646985106232 0.0
643 0.01071559764220147 0.0
644 0.010763466699423928 0.0
645 0.010811254010956152 0.0
646 0.010858959431229706 0.0
647 0.010906582814925611 0.0
648 0.010954124016974775 0.0
649 0.01100158289255846 0.0
650 0.011048959297108692 0.0
651 0.011096253086308731 0.0
652 0.011143464116093498 0.0
653 0.011190592242649993 0.0
654 0.011237637322417789 0.0
655 0.011284599212089397 0.0
656 0.011331477768610768 0.0
657 0.011378272849181685 0.0
658 0.011424984311256214 0.0
659 0.01147161201254315 0.0
660 0.01151815581100642 0.0
661 0.011564615564865544 0.0
662 0.011610991132596057 0.0
663 0.011657282372929935 0.0
664 0.011703489144856027 0.0
665 0.011749611307620502 0.0
666 0.011795648720727248 0.0
667 0.011841601243938318 0.0
668 0.011887468737274365 0.0
669 0.011933251061015039 0.0
670 0.011978948075699457 0.0
671 0.012024559642126571 0.0
672 0.012070085621355652 0.0
673 0.012115525874706663 0.0
674 0.01216088026376072 0.0
675 0.012206148650360488 0.0
676 0.0122513308966106 0.0
677 0.012296426864878106 0.0
678 0.012341436417792864 0.0
679 0.012386359418247974 0.0
680 0.012431195729400178 0.0
681 0.012475945214670311 0.0
682 0.012520607737743664 0.0
683 0.012565183162570454 0.0
684 0.01260967135336621 0.0
685 0.01265407217461217 0.0
686 0.012698385491055762 0.0
687 0.012742611167710909 0.0
688 0.01278674906985855 0.0
689 0.01283079906304697 0.0
690 0.012874761013092255 0.0
691 0.012918634786078683 0.0
692 0.012962420248359127 0.0
693 0.013006117266555484 0.0
694 0.013049725707559048 0.0
695 0.013093245438530954 0.0
696 0.01313667632690254 0.0
697 0.013180018240375804 0.0
698 0.013223271046923755 0.0
699 0.013266434614790844 0.0
700 0.013309508812493358 0.0
701 0.013352493508819816 0.0
702 0.013395388572831384 0.0
703 0.013438193873862254 0.0
704 0.01348090928152006 0.0
705 0.013523534665686256 0.0
706 0.013566069896516531 0.0
707 0.013608514844441203 0.0
708 0.01365086938016559 0.0
709 0.01369313337467044 0.0
710 0.013735306699212285 0.0
711 0.013777389225323875 0.0
712 0.013819380824814532 0.0
713 0.013861281369770561 0.0
714 0.013903090732555638 0.0
715 0.01394480878581119 0.0
716 0.013986435402456802 0.0
717 0.014027970455690562 0.0
718 0.014069413818989511 0.0
719 0.01411076536610997 0.0
720 0.014152024971087956 0.0
721 0.014193192508239562 0.0
722 0.014234267852161316 0.0
723 0.014275250877730614 0.0
724 0.014316141460106045 0.0
725 0.014356939474727801 0.0
726 0.014397644797318056 0.0
727 0.014438257303881343 0.0
728 0.014478776870704917 0.0
729 0.014519203374359153 0.0
730 0.014559536691697912 0.0
731 0.014599776699858909 0.0
732 0.014639923276264111 0.0
733 0.01467997629862007 0.0
734 0.014719935644918348 0.0
735 0.014759801193435833 0.0
736 0.014799572822735155 0.0
737 0.01483925041166504 0.0
738 0.014878833839360669 0.0
739 0.01491832298524405 0.0
740 0.014957717729024402 0.0
741 0.0149970179506985 0.0
742 0.015036223530551056 0.0
743 0.015075334349155072 0.0
744 0.015114350287372211 0.0
745 0.015153271226353161 0.0
746 0.015192097047537996 0.0
747 0.015230827632656527 0.0
748 0.01526946286372867 0.0
749 0.015308002623064823 0.0
750 0.015346446793266189 0.0
751 0.01538479525722515 0.0
752 0.015423047898125639 0.0
753 0.015461204599443494 0.0
754 0.015499265244946762 0.0
755 0.015537229718696137 0.0
756 0.015575097905045222 0.0
757 0.015612869688640986 0.0
758 0.015650544954424 0.0
759 0.01568812358762888 0.0
760 0.0157256054737846 0.0
761 0.01576299049871481 0.0
762 0.01580027854853827 0.0
763 0.0158374695096691 0.0
764 0.015874563268817185 0.0
765 0.015911559712988486 0.0
766 0.015948458729485443 0.0
767 0.015985260205907237 0.0
768 0.0160219640301502 0.0
769 0.016058570090408106 0.0
770 0.01609507827517255 0.0
771 0.01613148847323328 0.0
772 0.016167800573678504 0.0
773 0.01620401446589527 0.0
774 0.01624013003956979 0.0
775 0.016276147184687756 0.0
776 0.016312065791534693 0.0
777 0.01634788575069631 0.0
778 0.016383606953058787 0.0
779 0.016419229289809156 0.0
780 0.016454752652435595 0.0
781 0.016490176932727772 0.0
782 0.016525502022777208 0.0
783 0.016560727814977534 0.0
784 0.01659585420202489 0.0
785 0.0166308810769182 0.0
786 0.016665808332959532 0.0
787 0.016700635863754414 0.0
788 0.016735363563212133 0.0
789 0.016769991325546102 0.0
790 0.01680451904527415 0.0
791 0.01683894661721886 0.0
792 0.016873273936507872 0.0
793 0.016907500898574214 0.0
794 0.016941627399156632 0.0
795 0.016975653334299887 0.0
796 0.01700957860035507 0.0
797 0.017043403093979947 0.0
798 0.01707712671213924 0.0
799 0.017110749352104965 0.0
800 0.017144270911456712 0.0
801 0.017177691288082025 0.0
802 0.017211010380176618 0.0
803 0.01724422808624477 0.0
804 0.017277344305099585 0.0
805 0.017310358935863315 0.0
806 0.01734327187796767 0.0
807 0.01737608303115412 0.0
808 0.017408792295474207 0.0
809 0.017441399571289838 0.0
810 0.017473904759273587 0.0
811 0.017506307760409026 0.0
812 0.017538608475990994 0.0
813 0.01757080680762589 0.0
814 0.01760290265723203 0.0
815 0.017634895927039894 0.0
816 0.01766678651959242 0.0
817 0.01769857433774534 0.0
818 0.01773025928466744 0.0
819 0.017761841263840894 0.0
820 0.017793320179061496 0.0
821 0.01782469593443902 0.0
822 0.017855968434397476 0.0
823 0.017887137583675397 0.0
824 0.017918203287326163 0.0
825 0.017949165450718237 0.0
826 0.01798002397953552 0.0
827 0.01801077877977756 0.0
828 0.018041429757759915 0.0
829 0.018071976820114383 0.0
830 0.01810241987378932 0.0
831 0.0181327588260499 0.0
832 0.01816299358447842 0.0
833 0.018193124056974555 0.0
834 0.018223150151755664 0.0
835 0.018253071777357063 0.0
836 0.018282888842632274 0.0
837 0.018312601256753352 0.0
838 0.018342208929211137 0.0
839 0.018371711769815516 0.0
840 0.01840110968869573 0.0
841 0.01843040259630061 0.0
842 0.01845959040339889 0.0
843 0.018488673021079427 0.0
844 0.018517650360751543 0.0
845 0.018546522334145235 0.0
846 0.01857528885331146 0.0
847 0.018603949830622406 0.0
848 0.018632505178771783 0.0
849 0.018660954810775024 0.0
850 0.018689298639969633 0.0
851 0.01871753658001539 0.0
852 0.01874566854489463 0.0
853 0.018773694448912505 0.0
854 0.018801614206697258 0.0
855 0.01882942773320046 0.0
856 0.01885713494369729 0.0
857 0.01888473575378677 0.0
858 0.018912230079392058 0.0
859 0.018939617836760667 0.0
860 0.018966898942464727 0.0
861 0.01899407331340127 0.0
862 0.019021140866792456 0.0
863 0.01904810152018581 0.0
864 0.019074955191454503 0.0
865 0.01910170179879761 0.0
866 0.01912834126074032 0.0
867 0.019154873496134206 0.0
868 0.019181298424157493 0.0
869 0.01920761596431525 0.0
870 0.019233826036439694 0.0
871 0.0192599285606904 0.0
872 0.019285923457554546 0.0
873 0.019311810647847177 0.0
874 0.01933759005271142 0.0
875 0.01936326159361873 0.0
876 0.019388825192369154 0.0
877 0.019414280771091523 0.0
878 0.01943962825224374 0.0
879 0.019464867558612972 0.0
880 0.01948999861331592 0.0
881 0.019515021339799044 0.0
882 0.01953993566183876 0.0
883 0.019564741503541733 0.0
884 0.019589438789345055 0.0
885 0.019614027444016538 0.0
886 0.019638507392654846 0.0
887 0.019662878560689823 0.0
888 0.019687140873882673 0.0
889 0.019711294258326163 0.0
890 0.01973533864044491 0.0
891 0.019759273946995545 0.0
892 0.019783100105066988 0.0
893 0.01980681704208062 0.0
894 0.019830424685790535 0.0
895 0.01985392296428376 0.0
896 0.019877311805980465 0.0
897 0.01990059113963418 0.0
898 0.019923760894332024 0.0
899 0.019946820999494894 0.0
900 0.01996977138487771 0.0
901 0.019992611980569633 0.0
902 0.02001534271699424 0.0
903 0.020037963524909767 0.0
904 0.0200604743354093 0.0
905 0.02008287507992102 0.0
906 0.020105165690208364 0.0
907 0.020127346098370275 0.0
908 0.020149416236841376 0.0
909 0.020171376038392204 0.0
910 0.02019322543612939 0.0
911 0.020214964363495888 0.0
912 0.020236592754271143 0.0
913 0.020258110542571338 0.0
914 0.020279517662849543 0.0
915 0.020300814049895977 0.0
916 0.020321999638838135 0.0
917 0.020343074365141038 0.0
918 0.020364038164607433 0.0
919 0.020384890973377937 0.0
920 0.020405632727931278 0.0
921 0.020426263365084484 0.0
922 0.02044678282199304 0.0
923 0.02046719103615114 0.0
924 0.020487487945391812 0.0
925 0.02050767348788716 0.0
926 0.020527747602148504 0.0
927 0.02054771022702663 0.0
928 0.02056756130171191 0.0
929 0.020587300765734527 0.0
930 0.020606928558964656 0.0
931 0.020626444621612637 0.0
932 0.02064584889422915 0.0
933 0.020665141317705422 0.0
934 0.02068432183327338 0.0
935 0.020703390382505855 0.0
936 0.02072234690731673 0.0
937 0.020741191349961142 0.0
938 0.02075992365303566 0.0
939 0.020778543759478442 0.0
940 0.020797051612569402 0.0
941 0.020815447155930415 0.0
942 0.020833730333525473 0.0
943 0.02085190108966084 0.0
944 0.02086995936898524 0.0
945 0.020887905116490017 0.0
946 0.02090573827750932 0.0
947 0.020923458797720257 0.0
948 0.02094106662314303 0.0
949 0.020958561700141168 0.0
950 0.020975943975421622 0.0
951 0.02099321339603496 0.0
952 0.021010369909375548 0.0
953 0.02102741346318166 0.0
954 0.021044344005535676 0.0
955 0.02106116148486424 0.0
956 0.021077865849938378 0.0
957 0.021094457049873706 0.0
958 0.02111093503413055 0.0
959 0.021127299752514102 0.0
960 0.021143551155174613 0.0
961 0.021159689192607474 0.0
962 0.021175713815653426 0.0
963 0.021191624975498695 0.0
964 0.02120742262367513 0.0
965 0.021223106712060347 0.0
966 0.0212386771928779 0.0
967 0.0212541340186974 0.0
968 0.02126947714243467 0.0
969 0.021284706517351898 0.0
970 0.02129982209705778 0.0
971 0.021314823835507625 0.0
972 0.02132971168700353 0.0
973 0.021344485606194535 0.0
974 0.021359145548076705 0.0
975 0.021373691467993325 0.0
976 0.021388123321635 0.0
977 0.021402441065039794 0.0
978 0.021416644654593378 0.0
979 0.02143073404702915 0.0
980 0.021444709199428404 0.0
981 0.02145857006922037 0.0
982 0.021472316614182446 0.0
983 0.021485948792440278 0.0
984 0.02149946656246788 0.0
985 0.02151286988308778 0.0
986 0.021526158713471154 0.0
987 0.021539333013137894 0.0
988 0.02155239274195682 0.0
989 0.021565337860145722 0.0
990 0.02157816832827153 0.0
991 0.021590884107250415 0.0
992 0.021603485158347896 0.0
993 0.021615971443179005 0.0
994 0.02162834292370834 0.0
995 0.021640599562250222 0.0
996 0.02165274132146882 0.0
997 0.02166476816437822 0.0
998 0.02167668005434257 0.0
999 0.021688476955076197 0.0
1000 0.021700158830643683 0.0
1001 0.021711725645460027 0.0
1002 0.021723177364290684 0.0
1003 0.02173451395225174 0.0
1004 0.02174573537480999 0.0
1005 0.02175684159778303 0.0
1006 0.02176783258733938 0.0
1007 0.02177870830999857 0.0
1008 0.02178946873263128 0.0
1009 0.02180011382245938 0.0
1010 0.021810643547056092 0.0
1011 0.021821057874346038 0.0
1012 0.02183135677260538 0.0
1013 0.02184154021046189 0.0
1014 0.021851608156895033 0.0
1015 0.021861560581236117 0.0
1016 0.02187139745316833 0.0
1017 0.021881118742726843 0.0
1018 0.021890724420298928 0.0
1019 0.021900214456624024 0.0
1020 0.02190958882279384 0.0
1021 0.02191884749025242 0.0
1022 0.021927990430796268 0.0
1023 0.021937017616574392 0.0
1024 0.021945929020088427 0.0
1025 0.02195472461419269 0.0
1026 0.021963404372094278 0.0
1027 0.02197196826735314 0.0
1028 0.021980416273882163 0.0
1029 0.021988748365947254 0.0
1030 0.021996964518167426 0.0
1031 0.022005064705514846 0.0
1032 0.022013048903314937 0.0
1033 0.022020917087246454 0.0
1034 0.02202866923334154 0.0
1035 0.02203630531798581 0.0
1036 0.022043825317918438 0.0
1037 0.02205122921023219 0.0
1038 0.022058516972373522 0.0
1039 0.02206568858214266 0.0
1040 0.02207274401769363 0.0
1041 0.02207968325753435 0.0
1042 0.02208650628052669 0.0
1043 0.022093213065886547 0.0
1044 0.022099803593183885 0.0
1045 0.022106277842342814 0.0
1046 0.02211263579364165 0.0
1047 0.02211887742771297 0.0
1048 0.02212500272554367 0.0
1049 0.022131011668475038 0.0
1050 0.02213690423820279 0.0
1051 0.02214268041677713 0.0
1052 0.022148340186602833 0.0
1053 0.02215388353043924 0.0
1054 0.02215931043140037 0.0
1055 0.02216462087295494 0.0
1056 0.02216981483892643 0.0
1057 0.022174892313493115 0.0
1058 0.022179853281188128 0.0
1059 0.022184697726899502 0.0
1060 0.02218942563587021 0.0
1061 0.022194036993698235 0.0
1062 0.02219853178633656 0.0
1063 0.022202910000093286 0.0
1064 0.022207171621631605 0.0
1065 0.02221131663796988 0.0
1066 0.022215345036481676 0.0
1067 0.02221925680489579 0.0
1068 0.022223051931296298 0.0
1069 0.022226730404122583 0.0
1070 0.022230292212169378 0.0
1071 0.022233737344586814 0.0
1072 0.02223706579088039 0.0
1073 0.022240277540911117 0.0
1074 0.02224337258489542 0.0
1075 0.022246350913405266 0.0
1076 0.02224921251736816 0.0
1077 0.022251957388067144 0.0
1078 0.022254585517140872 0.0
1079 0.022257096896583617 0.0
1080 0.02225949151874527 0.0
1081 0.022261769376331397 0.0
1082 0.022263930462403256 0.0
1083 0.02226597477037779 0.0
1084 0.022267902294027704 0.0
1085 0.02226971302748141 0.0
1086 0.022271406965223103 0.0
1087 0.02227298410209276 0.0
1088 0.02227444443328614 0.0
1089 0.02227578795435483 0.0
1090 0.022277014661206233 0.0
1091 0.02227812455010357 0.0
1092 0.022279117617665947 0.0
1093 0.022279993860868298 0.0
1094 0.02228075327704144 0.0
1095 0.022281395863872053 0.0
1096 0.022281921619402706 0.0
1097 0.02228233054203186 0.0
1098 0.022282622630513865 0.0
1099 0.022282797883958975 0.0
1100 0.022282856301833326 0.0
1101 0.022282797883958975 0.0
1102 0.022282622630513865 0.0
1103 0.02228233054203186 0.0
1104 0.022281921619402706 0.0
1105 0.022281395863872053 0.0
1106 0.02228075327704144 0.0
1107 0.022279993860868298 0.0
1108 0.022279117617665947 0.0
1109 0.02227812455010357 0.0
1110 0.022277014661206233 0.0
1111 0.02227578795435483 0.0
1112 0.02227444443328614 0.0
1113 0.02227298410209276 0.0
1114 0.022271406965223103 0.0
1115 0.02226971302748141 0.0
1116 0.022267902294027704 0.0
1117 0.02226597477037779 0.0
1118 0.022263930462403256 0.0
1119 0.022261769376331397 0.0
1120 0.02225949151874527 0.0
1121 0.022257096896583617 0.0
1122 0.022254585517140872 0.0
1123 0.022251957388067144 0.0
1124 0.02224921251736816 0.0
1125 0.022246350913405266 0.0
1126 0.02224337258489542 0.0
1127 0.022240277540911117 0.0
1128 0.022237065790880396 0.0
1129 0.022233737344586814 0.0
1130 0.022230292212169378 0.0
1131 0.022226730404122583 0.0
1132 0.022223051931296298 0.0
1133 0.02221925680489579 0.0
1134 0.022215345036481676 0.0
1135 0.02221131663796988 0.0
1136 0.022207171621631605 0.0
1137 0.022202910000093286 0.0
1138 0.02219853178633656 0.0
1139 0.022194036993698235 0.0
1140 0.02218942563587021 0.0
1141 0.022184697726899502 0.0
1142 0.022179853281188128 0.0
1143 0.022174892313493115 0.0
1144 0.02216981483892643 0.0
1145 0.02216462087295494 0.0
1146 0.02215931043140037 0.0
1147 0.02215388353043924 0.0
1148 0.022148340186602833 0.0
1149 0.02214268041677713 0.0
1150 0.02213690423820279 0.0
1151 0.022131011668475038 0.0
1152 0.02212500272554367 0.0
1153 0.02211887742771297 0.0
1154 0.02211263579364165 0.0
1155 0.022106277842342814 0.0
1156 0.022099803593183885 0.0
1157 0.022093213065886554 0.0
1158 0.02208650628052669 0.0
1159 0.02207968325753435 0.0
1160 0.02207274401769363 0.0
1161 0.02206568858214266 0.0
1162 0.022058516972373522 0.0
1163 0.02205122921023219 0.0
1164 0.022043825317918438 0.0
1165 0.02203630531798581 0.0
1166 0.02202866923334154 0.0
1167 0.022020917087246454 0.0
1168 0.022013048903314937 0.0
1169 0.022005064705514846 0.0
1170 0.021996964518167433 0.0
1171 0.02198874836594726 0.0
1172 0.021980416273882163 0.0
1173 0.02197196826735314 0.0
1174 0.021963404372094278 0.0
1175 0.0219547246141927 0.0
1176 0.021945929020088427 0.0
1177 0.021937017616574392 0.0
1178 0.021927990430796268 0.0
1179 0.02191884749025242 0.0
1180 0.02190958882279384 0.0
1181 0.021900214456624024 0.0
1182 0.021890724420298928 0.0
1183 0.021881118742726843 0.0
1184 0.02187139745316833 0.0
1185 0.021861560581236117 0.0
1186 0.02185160815689504 0.0
1187 0.02184154021046189 0.0
1188 0.02183135677260538 0.0
1189 0.021821057874346038 0.0
1190 0.021810643547056086 0.0
1191 0.02180011382245938 0.0
1192 0.02178946873263128 0.0
1193 0.021778708309998576 0.0
1194 0.02176783258733938 0.0
1195 0.02175684159778303 0.0
1196 0.021745735374809998 0.0
1197 0.02173451395225174 0.0
1198 0.021723177364290684 0.0
1199 0.02171172564546002 0.0
1200 0.021700158830643683 0.0
1201 0.021688476955076197 0.0
1202 0.021676680054342576 0.0
1203 0.02166476816437822 0.0
1204 0.02165274132146882 0.0
1205 0.02164059956225023 0.0
1206 0.02162834292370834 0.0
1207 0.021615971443179005 0.0
1208 0.021603485158347896 0.0
1209 0.021590884107250415 0.0
1210 0.02157816832827153 0.0
1211 0.02156533786014573 0.0
1212 0.021552392741956826 0.0
1213 0.021539333013137894 0.0
1214 0.021526158713471154 0.0
1215 0.02151286988308778 0.0
1216 0.02149946656246788 0.0
1217 0.021485948792440278 0.0
1218 0.021472316614182446 0.0
1219 0.02145857006922037 0.0
1220 0.021444709199428404 0.0
1221 0.021430734047029158 0.0
1222 0.021416644654593378 0.0
1223 0.021402441065039794 0.0
1224 0.021388123321635 0.0
1225 0.021373691467993325 0.0
1226 0.021359145548076712 0.0
1227 0.021344485606194535 0.0
1228 0.02132971168700353 0.0
1229 0.021314823835507625 0.0
1230 0.02129982209705778 0.0
1231 0.021284706517351898 0.0
1232 0.02126947714243467 0.0
1233 0.0212541340186974 0.0
1234 0.0212386771928779 0.0
1235 0.021223106712060347 0.0
1236 0.02120742262367513 0.0
1237 0.021191624975498695 0.0
1238 0.021175713815653426 0.0
1239 0.021159689192607474 0.0
1240 0.021143551155174613 0.0
1241 0.021127299752514102 0.0
1242 0.02111093503413055 0.0
1243 0.021094457049873706 0.0
1244 0.021077865849938385 0.0
1245 0.02106116148486424 0.0
1246 0.021044344005535683 0.0
1247 0.02102741346318166 0.0
1248 0.021010369909375548 0.0
1249 0.020993213396034965 0.0
1250 0.020975943975421622 0.0
1251 0.020958561700141168 0.0
1252 0.02094106662314304 0.0
1253 0.020923458797720257 0.0
1254 0.02090573827750932 0.0
1255 0.020887905116490017 0.0
1256 0.02086995936898524 0.0
1257 0.02085190108966084 0.0
1258 0.020833730333525473 0.0
1259 0.020815447155930415 0.0
1260 0.020797051612569402 0.0
1261 0.020778543759478442 0.0
1262 0.020759923653035667 0.0
1263 0.02074119134996115 0.0
1264 0.02072234690731673 0.0
1265 0.020703390382505855 0.0
1266 0.02068432183327338 0.0
1267 0.02066514131770543 0.0
1268 0.02064584889422915 0.0
1269 0.020626444621612637 0.0
1270 0.020606928558964663 0.0
1271 0.020587300765734534 0.0
1272 0.02056756130171191 0.0
1273 0.02054771022702663 0.0
1274 0.02052774760214851 0.0
1275 0.02050767348788716 0.0
1276 0.020487487945391812 0.0
1277 0.02046719103615114 0.0
1278 0.02044678282199304 0.0
1279 0.020426263365084484 0.0
1280 0.020405632727931285 0.0
1281 0.020384890973377943 0.0
1282 0.020364038164607433 0.0
1283 0.020343074365141045 0.0
1284 0.020321999638838135 0.0
1285 0.020300814049895977 0.0
1286 0.020279517662849543 0.0
1287 0.020258110542571338 0.0
1288 0.020236592754271143 0.0
1289 0.020214964363495888 0.0
1290 0.02019322543612939 0.0
1291 0.020171376038392204 0.0
1292 0.020149416236841376 0.0
1293 0.020127346098370275 0.0
1294 0.020105165690208364 0.0
1295 0.02008287507992102 0.0
1296 0.0200604743354093 0.0
1297 0.020037963524909767 0.0
1298 0.02001534271699424 0.0
1299 0.01999261198056964 0.0
1300 0.019969771384877717 0.0
1301 0.019946820999494894 0.0
1302 0.019923760894332024 0.0
1303 0.01990059113963418 0.0
1304 0.01987731180598047 0.0
1305 0.01985392296428376 0.0
1306 0.019830424685790535 0.0
1307 0.01980681704208062 0.0
1308 0.019783100105066988 0.0
1309 0.019759273946995545 0.0
1310 0.01973533864044491 0.0
1311 0.019711294258326163 0.0
1312 0.019687140873882673 0.0
1313 0.01966287856068983 0.0
1314 0.019638507392654846 0.0
1315 0.019614027444016538 0.0
1316 0.019589438789345055 0.0
1317 0.019564741503541733 0.0
1318 0.01953993566183876 0.0
1319 0.019515021339799037 0.0
1320 0.019489998613315927 0.0
1321 0.019464867558612972 0.0
1322 0.01943962825224374 0.0
1323 0.019414280771091523 0.0
1324 0.019388825192369154 0.0
1325 0.01936326159361873 0.0
1326 0.019337590052711427 0.0
1327 0.019311810647847184 0.0
1328 0.019285923457554546 0.0
1329 0.0192599285606904 0.0
1330 0.019233826036439694 0.0
1331 0.019207615964315257 0.0
1332 0.019181298424157493 0.0
1333 0.019154873496134213 0.0
1334 0.019128341260740325 0.0
1335 0.01910170179879761 0.0
1336 0.01907495519145451 0.0
1337 0.01904810152018581 0.0
1338 0.019021140866792456 0.0
1339 0.018994073313401277 0.0
1340 0.018966898942464734 0.0
1341 0.018939617836760667 0.0
1342 0.018912230079392058 0.0
1343 0.018884735753786776 0.0
1344 0.01885713494369729 0.0
1345 0.01882942773320047 0.0
1346 0.018801614206697265 0.0
1347 0.018773694448912505 0.0
1348 0.01874566854489463 0.0
1349 0.01871753658001539 0.0
1350 0.01868929863996964 0.0
1351 0.018660954810775024 0.0
1352 0.018632505178771776 0.0
1353 0.018603949830622413 0.0
1354 0.01857528885331146 0.0
1355 0.018546522334145235 0.0
1356 0.018517650360751543 0.0
1357 0.018488673021079427 0.0
1358 0.01845959040339889 0.0
1359 0.01843040259630061 0.0
1360 0.01840110968869573 0.0
1361 0.018371711769815523 0.0
1362 0.018342208929211137 0.0
1363 0.018312601256753352 0.0
1364 0.018282888842632274 0.0
1365 0.018253071777357056 0.0
1366 0.01822315015175567 0.0
1367 0.018193124056974555 0.0
1368 0.018162993584478426 0.0
1369 0.0181327588260499 0.0
1370 0.01810241987378932 0.0
1371 0.01807197682011439 0.0
1372 0.018041429757759915 0.0
1373 0.018010778779777567 0.0
1374 0.01798002397953552 0.0
1375 0.01794916545071825 0.0
1376 0.01791820328732617 0.0
1377 0.01788713758367541 0.0
1378 0.017855968434397476 0.0
1379 0.01782469593443902 0.0
1380 0.017793320179061503 0.0
1381 0.017761841263840894 0.0
1382 0.017730259284667448 0.0
1383 0.01769857433774534 0.0
1384 0.01766678651959242 0.0
1385 0.017634895927039894 0.0
1386 0.01760290265723203 0.0
1387 0.017570806807625884 0.0
1388 0.01753860847599098 0.0
1389 0.017506307760409026 0.0
1390 0.017473904759273594 0.0
1391 0.017441399571289838 0.0
1392 0.017408792295474207 0.0
1393 0.01737608303115412 0.0
1394 0.01734327187796767 0.0
1395 0.017310358935863315 0.0
1396 0.01727734430509959 0.0
1397 0.01724422808624477 0.0
1398 0.017211010380176618 0.0
1399 0.017177691288082025 0.0
1400 0.01714427091145672 0.0
1401 0.017110749352104958 0.0
1402 0.01707712671213924 0.0
1403 0.017043403093979947 0.0
1404 0.017009578600355076 0.0
1405 0.016975653334299894 0.0
1406 0.016941627399156632 0.0
1407 0.01690750089857422 0.0
1408 0.01687327393650788 0.0
1409 0.016838946617218867 0.0
1410 0.016804519045274156 0.0
1411 0.016769991325546102 0.0
1412 0.01673536356321214 0.0
1413 0.01670063586375442 0.0
1414 0.016665808332959546 0.0
1415 0.016630881076918208 0.0
1416 0.016595854202024897 0.0
1417 0.01656072781497754 0.0
1418 0.016525502022777208 0.0
1419 0.01649017693272778 0.0
1420 0.016454752652435595 0.0
1421 0.01641922928980915 0.0
1422 0.016383606953058787 0.0
1423 0.01634788575069631 0.0
1424 0.016312065791534693 0.0
1425 0.01627614718468775 0.0
1426 0.016240130039569783 0.0
1427 0.01620401446589527 0.0
1428 0.016167800573678504 0.0
1429 0.01613148847323327 0.0
1430 0.01609507827517255 0.0
1431 0.016058570090408106 0.0
1432 0.0160219640301502 0.0
1433 0.015985260205907237 0.0
1434 0.015948458729485443 0.0
1435 0.015911559712988493 0.0
1436 0.015874563268817185 0.0
1437 0.015837469509669105 0.0
1438 0.01580027854853827 0.0
1439 0.015762990498714817 0.0
1440 0.0157256054737846 0.0
1441 0.015688123587628888 0.0
1442 0.015650544954424007 0.0
1443 0.015612869688640986 0.0
1444 0.01557509790504523 0.0
1445 0.015537229718696144 0.0
1446 0.015499265244946776 0.0
1447 0.015461204599443494 0.0
1448 0.015423047898125652 0.0
1449 0.015384795257225158 0.0
1450 0.015346446793266195 0.0
1451 0.015308002623064837 0.0
1452 0.015269462863728676 0.0
1453 0.015230827632656534 0.0
1454 0.015192097047538003 0.0
1455 0.015153271226353165 0.0
1456 0.015114350287372211 0.0
1457 0.015075334349155076 0.0
1458 0.015036223530551049 0.0
1459 0.014997017950698497 0.0
1460 0.014957717729024402 0.0
1461 0.014918322985244044 0.0
1462 0.014878833839360665 0.0
1463 0.01483925041166504 0.0
1464 0.014799572822735162 0.0
1465 0.014759801193435836 0.0
1466 0.014719935644918344 0.0
1467 0.014679976298620074 0.0
1468 0.014639923276264111 0.0
1469 0.01459977669985892 0.0
1470 0.014559536691697909 0.0
1471 0.014519203374359153 0.0
1472 0.01447877687070492 0.0
1473 0.014438257303881347 0.0
1474 0.014397644797318067 0.0
1475 0.014356939474727801 0.0
1476 0.014316141460106045 0.0
1477 0.01427525087773062 0.0
1478 0.014234267852161326 0.0
1479 0.014193192508239558 0.0
1480 0.01415202497108796 0.0
1481 0.014110765366109973 0.0
1482 0.014069413818989521 0.0
1483 0.014027970455690573 0.0
1484 0.013986435402456802 0.0
1485 0.013944808785811197 0.0
1486 0.013903090732555648 0.0
1487 0.013861281369770571 0.0
1488 0.013819380824814546 0.0
1489 0.013777389225323882 0.0
1490 0.013735306699212295 0.0
1491 0.013693133374670447 0.0
1492 0.013650869380165596 0.0
1493 0.013608514844441207 0.0
1494 0.013566069896516542 0.0
1495 0.013523534665686253 0.0
1496 0.01348090928152006 0.0
1497 0.013438193873862258 0.0
1498 0.01339538857283138 0.0
1499 0.013352493508819816 0.0
1500 0.013309508812493358 0.0
1501 0.013266434614790847 0.0
1502 0.013223271046923751 0.0
1503 0.013180018240375804 0.0
1504 0.01313667632690254 0.0
1505 0.013093245438530954 0.0
1506 0.013049725707559051 0.0
1507 0.01300611726655548 0.0
1508 0.012962420248359127 0.0
1509 0.012918634786078687 0.0
1510 0.012874761013092262 0.0
1511 0.01283079906304697 0.0
1512 0.01278674906985855 0.0
1513 0.012742611167710912 0.0
1514 0.012698385491055765 0.0
1515 0.012654072174612181 0.0
1516 0.012609671353366204 0.0
1517 0.012565183162570454 0.0
1518 0.012520607737743668 0.0
1519 0.012475945214670315 0.0
1520 0.012431195729400192 0.0
1521 0.012386359418247974 0.0
1522 0.01234143641779287 0.0
1523 0.012296426864878113 0.0
1524 0.012251330896610606 0.0
1525 0.012206148650360488 0.0
1526 0.012160880263760727 0.0
1527 0.012115525874706674 0.0
1528 0.012070085621355663 0.0
1529 0.012024559642126575 0.0
1530 0.01197894807569946 0.0
1531 0.01193325106101505 0.0
1532 0.011887468737274361 0.0
1533 0.011841601243938321 0.0
1534 0.011795648720727248 0.0
1535 0.011749611307620499 0.0
1536 0.011703489144856027 0.0
1537 0.011657282372929935 0.0
1538 0.01161099113259606 0.0
1539 0.01156461556486554 0.0
1540 0.01151815581100642 0.0
1541 0.01147161201254315 0.0
1542 0.011424984311256221 0.0
1543 0.011378272849181692 0.0
1544 0.011331477768610765 0.0
1545 0.011284599212089397 0.0
1546 0.011237637322417789 0.0
1547 0.01119059224265 0.0
1548 0.011143464116093491 0.0
1549 0.011096253086308731 0.0
1550 0.011048959297108696 0.0
1551 0.011001582892558467 0.0
1552 0.010954124016974789 0.0
1553 0.010906582814925611 0.0
1554 0.01085895943122971 0.0
1555 0.010811254010956155 0.0
1556 0.010763466699423935 0.0
1557 0.01071559764220147 0.0
1558 0.010667646985106239 0.0
1559 0.010619614874204243 0.0
1560 0.010571501455809627 0.0
1561 0.010523306876484208 0.0
1562 0.010475031283037006 0.0
1563 0.010426674822523897 0.0
1564 0.010378237642247021 0.0
1565 0.010329719889754427 0.0
1566 0.0102811217128396 0.0
1567 0.010232443259541035 0.0
1568 0.010183684678141725 0.0
1569 0.010134846117168764 0.0
1570 0.010085927725392897 0.0
1571 0.010036929651828015 0.0
1572 0.009987852045730737 0.0
1573 0.009938695056599986 0.0
1574 0.009889458834176464 0.0
1575 0.009840143528442251 0.0
1576 0.009790749289620298 0.0
1577 0.009741276268174049 0.0
1578 0.009691724614806895 0.0
1579 0.009642094480461768 0.0
1580 0.009592386016320655 0.0
1581 0.009542599373804177 0.0
1582 0.009492734704571074 0.0
1583 0.009442792160517771 0.0
1584 0.009392771893777917 0.0
1585 0.009342674056721918 0.0
1586 0.009292498801956487 0.0
1587 0.00924224628232415 0.0
1588 0.009191916650902784 0.0
1589 0.009141510061005186 0.0
1590 0.009091026666178548 0.0
1591 0.009040466620204083 0.0
1592 0.008989830077096434 0.0
1593 0.0089391171911033 0.0
1594 0.008888328116704917 0.0
1595 0.008837463008613631 0.0
1596 0.008786522021773373 0.0
1597 0.008735505311359228 0.0
1598 0.008684413032776936 0.0
1599 0.008633245341662432 0.0
1600 0.008582002393881395 0.0
1601 0.008530684345528727 0.0
1602 0.008479291352928096 0.0
1603 0.00842782357263146 0.0
1604 0.008376281161418631 0.0
1605 0.008324664276296714 0.0
1606 0.008272973074499687 0.0
1607 0.008221207713487933 0.0
1608 0.008169368350947715 0.0
1609 0.008117455144790703 0.0
1610 0.008065468253153553 0.0
1611 0.008013407834397336 0.0
1612 0.007961274047107114 0.0
1613 0.007909067050091458 0.0
1614 0.007856787002381925 0.0
1615 0.007804434063232616 0.0
1616 0.007752008392119654 0.0
1617 0.00769951014874071 0.0
1618 0.007646939493014572 0.0
1619 0.007594296585080554 0.0
1620 0.00754158158529809 0.0
1621 0.007488794654246202 0.0
1622 0.0074359359527230336 0.0
1623 0.007383005641745377 0.0
1624 0.007330003882548133 0.0
1625 0.007276930836583841 0.0
1626 0.007223786665522196 0.0
1627 0.007170571531249583 0.0
1628 0.007117285595868522 0.0
1629 0.00706392902169721 0.0
1630 0.007010501971269026 0.0
1631 0.006957004607332014 0.0
1632 0.006903437092848453 0.0
1633 0.006849799590994268 0.0
1634 0.006796092265158593 0.0
1635 0.006742315278943239 0.0
1636 0.006688468796162264 0.0
1637 0.006634552980841379 0.0
1638 0.006580567997217502 0.0
1639 0.006526514009738263 0.0
1640 0.006472391183061466 0.0
1641 0.006418199682054652 0.0
1642 0.006363939671794518 0.0
1643 0.006309611317566452 0.0
1644 0.006255214784864075 0.0
1645 0.006200750239388635 0.0
1646 0.006146217847048583 0.0
1647 0.006091617773959057 0.0
1648 0.006036950186441348 0.0
1649 0.005982215251022386 0.0
1650 0.005927413134434303 0.0
1651 0.005872544003613842 0.0
1652 0.00581760802570189 0.0
1653 0.005762605368042961 0.0
1654 0.005707536198184676 0.0
1655 0.005652400683877307 0.0
1656 0.0055971989930731735 0.0
1657 0.005541931293926203 0.0
1658 0.0054865977547913745 0.0
1659 0.005431198544224278 0.0
1660 0.005375733830980493 0.0
1661 0.005320203784015164 0.0
1662 0.00526460857248244 0.0
1663 0.005208948365734965 0.0
1664 0.005153223333323409 0.0
1665 0.005097433644995868 0.0
1666 0.005041579470697416 0.0
1667 0.004985660980569542 0.0
1668 0.004929678344949662 0.0
1669 0.004873631734370616 0.0
1670 0.004817521319560085 0.0
1671 0.004761347271440126 0.0
1672 0.004705109761126612 0.0
1673 0.0046488089599287866 0.0
1674 0.0045924450393486395 0.0
1675 0.004536018171080441 0.0
1676 0.004479528527010227 0.0
1677 0.004422976279215233 0.0
1678 0.004366361599963436 0.0
1679 0.004309684661712956 0.0
1680 0.004252945637111569 0.0
1681 0.004196144698996207 0.0
1682 0.004139282020392359 0.0
1683 0.004082357774513597 0.0
1684 0.004025372134761073 0.0
1685 0.003968325274722916 0.0
1686 0.00391121736817374 0.0
1687 0.00385404858907416 0.0
1688 0.003796819111570173 0.0
1689 0.003739529109992701 0.0
1690 0.00368217875885702 0.0
1691 0.00362476823286223 0.0
1692 0.003567297706890779 0.0
1693 0.0035097673560078417 0.0
1694 0.0034521773554608455 0.0
1695 0.003394527880678906 0.0
1696 0.0033368191072723416 0.0
1697 0.0032790512110320857 0.0
1698 0.003221224367929154 0.0
1699 0.0031633387541141443 0.0
1700 0.00310539454591666 0.0
1701 0.0030473919198448426 0.0
1702 0.002989331052584726 0.0
1703 0.002931212120999789 0.0
1704 0.0028730353021303584 0.0
1705 0.002814800773193144 0.0
1706 0.0027565087115806047 0.0
1707 0.0026981592948604714 0.0
1708 0.002639752700775183 0.0
1709 0.0025812891072413448 0.0
1710 0.0025227686923492247 0.0
1711 0.0024641916343621437 0.0
1712 0.0024055581117159823 0.0
1713 0.002346868303018612 0.0
1714 0.002288122387049365 0.0
1715 0.0022293205427585047 0.0
1716 0.0021704629492666425 0.0
1717 0.002111549785864194 0.0
1718 0.0020525812320109048 0.0
1719 0.0019935574673352052 0.0
1720 0.0019344786716336965 0.0
1721 0.0018753450248706685 0.0
1722 0.0018161567071774513 0.0
1723 0.0017569138988519084 0.0
1724 0.0016976167803579405 0.0
1725 0.0016382655323248368 0.0
1726 0.0015788603355467931 0.0
1727 0.0015194013709823248 0.0
1728 0.0014598888197537817 0.0
1729 0.0014003228631466955 0.0
1730 0.001340703682609308 0.0
1731 0.001281031459751978 0.0
1732 0.0012213063763466328 0.0
1733 0.0011615286143262585 0.0
1734 0.0011016983557842752 0.0
1735 0.0010418157829740274 0.0
1736 0.0009818810783081937 0.0
1737 0.0009218944243583188 0.0
1738 0.0008618560038541334 0.0
1739 0.0008017659996830823 0.0
1740 0.0007416245948897345 0.0
1741 0.0006814319726752283 0.0
1742 0.0006211883163967542 0.0
1743 0.0005608938095669272 0.0
1744 0.0005005486358532693 0.0
1745 0.000440152979077648 0.0
1746 0.0003797070232156863 0.0
1747 0.00031921095239628716 0.0
1748 0.00025866495090095046 0.0
1749 0.00019806920316330426 0.0
1750 0.0001374238937684874 0.0
1751 7.672920745265682e-05 0.0
1752 1.598532910233874e-05 0.0
1753 -4.480755624607438e-05 0.0
1754 -0.00010564926340693101 0.0
1755 -0.00016653960704580972 0.0
1756 -0.00022747840168017494 0.0
1757 -0.0002884654616799043 0.0
1758 -0.00034950060126780896 0.0
1759 -0.00041058363452028956 0.0
1760 -0.0004717143753678373 0.0
1761 -0.000532892637595591 0.0
1762 -0.0005941182348439666 0.0
1763 -0.0006553909806091794 0.0
1764 -0.0007167106882438306 0.0
1765 -0.000778077170957429 0.0
1766 -0.0008394902418170421 0.0
1767 -0.000900949713747802 0.0
1768 -0.0009624553995335027 0.0
1769 -0.0010240071118171688 0.0
1770 -0.0010856046631015845 0.0
1771 -0.001147247865749941 0.0
1772 -0.001208936531986348 0.0
1773 -0.001270670473896448 0.0
1774 -0.0013324495034279186 0.0
1775 -0.0013942734323911347 0.0
1776 -0.0014561420724596898 0.0
1777 -0.001518055235170972 0.0
1778 -0.0015800127319267714 0.0
1779 -0.0016420143739937741 0.0
1780 -0.0017040599725042394 0.0
1781 -0.0017661493384565179 0.0
1782 -0.0018282822827156466 0.0
1783 -0.0018904586160138712 0.0
1784 -0.0019526781489513124 0.0
1785 -0.0020149406919964825 0.0
1786 -0.0020772460554868786 0.0
1787 -0.002139594049629573 0.0
1788 -0.0022019844845017327 0.0
1789 -0.0022644171700512868 0.0
1790 -0.002326891916097449 0.0
1791 -0.002389408532331324 0.0
1792 -0.002451966828316424 0.0
1793 -0.002514566613489347 0.0
1794 -0.0025772076971603084 0.0
1795 -0.00263988988851367 0.0
1796 -0.0027026129966086256 0.0
1797 -0.002765376830379718 0.0
1798 -0.0028281811986374025 0.0
1799 -0.0028910259100686907 0.0
1800 -0.0029539107732376984 0.0
1801 -0.0030168355965862377 0.0
1802 -0.003079800188434354 0.0
1803 -0.003142804356980996 0.0
1804 -0.0032058479103045413 0.0
1805 -0.0032689306563634096 0.0
1806 -0.003332052402996581 0.0
1807 -0.0033952129579242867 0.0
1808 -0.0034584121287485215 0.0
1809 -0.0035216497229536552 0.0
1810 -0.003584925547907021 0.0
1811 -0.003648239410859448 0.0
1812 -0.0037115911189459522 0.0
1813 -0.00377498047918624 0.0
1814 -0.0038384072984853235 0.0
1815 -0.003901871383634136 0.0
1816 -0.00396537254131003 0.0
1817 -0.00402891057807748 0.0
1818 -0.004092485300388615 0.0
1819 -0.004156096514583813 0.0
1820 -0.0042197440268922585 0.0
1821 -0.004283427643432602 0.0
1822 -0.004347147170213507 0.0
1823 -0.004410902413134242 0.0
1824 -0.004474693177985297 0.0
1825 -0.004538519270448908 0.0
1826 -0.0046023804960997425 0.0
1827 -0.004666276660405437 0.0
1828 -0.004730207568727204 0.0
1829 -0.004794173026320379 0.0
1830 -0.004858172838335102 0.0
1831 -0.004922206809816863 0.0
1832 -0.004986274745707047 0.0
1833 -0.005050376450843627 0.0
1834 -0.005114511729961706 0.0
1835 -0.005178680387694073 0.0
1836 -0.005242882228571879 0.0
1837 -0.005307117057025204 0.0
1838 -0.005371384677383587 0.0
1839 -0.005435684893876724 0.0
1840 -0.005500017510635008 0.0
1841 -0.005564382331690128 0.0
1842 -0.005628779160975693 0.0
1843 -0.0056932078023277655 0.0
1844 -0.005757668059485542 0.0
1845 -0.005822159736091903 0.0
1846 -0.005886682635694012 0.0
1847 -0.005951236561743952 0.0
1848 -0.0060158213175992275 0.0
1849 -0.006080436706523492 0.0
1850 -0.0061450825316870655 0.0
1851 -0.006209758596167569 0.0
1852 -0.006274464702950462 0.0
1853 -0.006339200654929733 0.0
1854 -0.0064039662549084525 0.0
1855 -0.006468761305599367 0.0
1856 -0.006533585609625532 0.0
1857 -0.006598438969520844 0.0
1858 -0.006663321187730735 0.0
1859 -0.006728232066612718 0.0
1860 -0.006793171408437016 0.0
1861 -0.006858139015387097 0.0
1862 -0.006923134689560382 0.0
1863 -0.006988158232968772 0.0
1864 -0.007053209447539281 0.0
1865 -0.007118288135114642 0.0
1866 -0.007183394097453855 0.0
1867 -0.007248527136232884 0.0
1868 -0.007313687053045212 0.0
1869 -0.007378873649402399 0.0
1870 -0.007444086726734788 0.0
1871 -0.007509326086392048 0.0
1872 -0.007574591529643744 0.0
1873 -0.0076398828576800335 0.0
1874 -0.007705199871612226 0.0
1875 -0.007770542372473335 0.0
1876 -0.007835910161218786 0.0
1877 -0.007901303038726961 0.0
1878 -0.007966720805799814 0.0
1879 -0.008032163263163496 0.0
1880 -0.008097630211468901 0.0
1881 -0.008163121451292369 0.0
1882 -0.008228636783136222 0.0
1883 -0.008294176007429415 0.0
1884 -0.008359738924528074 0.0
1885 -0.008425325334716197 0.0
1886 -0.008490935038206204 0.0
1887 -0.008556567835139563 0.0
1888 -0.008622223525587405 0.0
1889 -0.008687901909551082 0.0
1890 -0.008753602786962859 0.0
1891 -0.00881932595768647 0.0
1892 -0.008885071221517738 0.0
1893 -0.008950838378185208 0.0
1894 -0.009016627227350677 0.0
1895 -0.009082437568609922 0.0
1896 -0.009148269201493227 0.0
1897 -0.00921412192546604 0.0
1898 -0.00927999553992951 0.0
1899 -0.0093458898442212 0.0
1900 -0.00941180463761563 0.0
1901 -0.009477739719324906 0.0
1902 -0.009543694888499356 0.0
1903 -0.009609669944228062 0.0
1904 -0.009675664685539577 0.0
1905 -0.009741678911402494 0.0
1906 -0.009807712420725995 0.0
1907 -0.009873765012360577 0.0
1908 -0.00993983648509861 0.0
1909 -0.01000592663767489 0.0
1910 -0.010072035268767376 0.0
1911 -0.010138162176997721 0.0
1912 -0.010204307160931868 0.0
1913 -0.010270470019080737 0.0
1914 -0.01033665054990079 0.0
1915 -0.010402848551794651 0.0
1916 -0.010469063823111743 0.0
1917 -0.010535296162148834 0.0
1918 -0.010601545367150751 0.0
1919 -0.010667811236310921 0.0
1920 -0.010734093567772036 0.0
1921 -0.010800392159626585 0.0
1922 -0.010866706809917576 0.0
1923 -0.010933037316639083 0.0
1924 -0.01099938347773688 0.0
1925 -0.011065745091109067 0.0
1926 -0.011132121954606633 0.0
1927 -0.011198513866034154 0.0
1928 -0.011264920623150357 0.0
1929 -0.011331342023668756 0.0
1930 -0.011397777865258217 0.0
1931 -0.011464227945543654 0.0
1932 -0.011530692062106607 0.0
1933 -0.011597170012485846 0.0
1934 -0.011663661594178022 0.0
1935 -0.011730166604638213 0.0
1936 -0.01179668484128064 0.0
1937 -0.01186321610147922 0.0
1938 -0.011929760182568194 0.0
1939 -0.011996316881842769 0.0
1940 -0.01206288599655966 0.0
1941 -0.012129467323937819 0.0
1942 -0.012196060661158994 0.0
1943 -0.012262665805368292 0.0
1944 -0.012329282553674912 0.0
1945 -0.012395910703152704 0.0
1946 -0.012462550050840735 0.0
1947 -0.012529200393744012 0.0
1948 -0.01259586152883405 0.0
1949 -0.012662533253049432 0.0
1950 -0.012729215363296548 0.0
1951 -0.012795907656450119 0.0
1952 -0.012862609929353874 0.0
1953 -0.012929321978821087 0.0
1954 -0.012996043601635306 0.0
1955 -0.013062774594550892 0.0
1956 -0.013129514754293671 0.0
1957 -0.013196263877561558 0.0
1958 -0.013263021761025114 0.0
1959 -0.013329788201328265 0.0
1960 -0.013396562995088856 0.0
1961 -0.0134633459388993 0.0
1962 -0.013530136829327135 0.0
1963 -0.013596935462915741 0.0
1964 -0.0136637416361849 0.0
1965 -0.013730555145631419 0.0
1966 -0.013797375787729778 0.0
1967 -0.01386420335893268 0.0
1968 -0.01393103765567177 0.0
1969 -0.013997878474358192 0.0
1970 -0.014064725611383217 0.0
1971 -0.01413157886311889 0.0
1972 -0.014198438025918579 0.0
1973 -0.014265302896117696 0.0
1974 -0.014332173270034252 0.0
1975 -0.014399048943969504 0.0
1976 -0.014465929714208523 0.0
1977 -0.014532815377020895 0.0
1978 -0.014599705728661296 0.0
1979 -0.01466660056537013 0.0
1980 -0.014733499683374089 0.0
1981 -0.014800402878886874 0.0
1982 -0.014867309948109766 0.0
1983 -0.014934220687232196 0.0
1984 -0.015001134892432464 0.0
1985 -0.015068052359878317 0.0
1986 -0.015134972885727505 0.0
1987 -0.01520189626612852 0.0
1988 -0.01526882229722114 0.0
1989 -0.015335750775137083 0.0
1990 -0.015402681496000565 0.0
1991 -0.01546961425592902 0.0
1992 -0.015536548851033654 0.0
1993 -0.015603485077420081 0.0
1994 -0.015670422731188963 0.0
1995 -0.015737361608436567 0.0
1996 -0.01580430150525548 0.0
1997 -0.015871242217735167 0.0
1998 -0.015938183541962622 0.0
1999 -0.016005125274022935 0.0
2000 -0.01607206721 0.0
2001 -0.01607206721 0.0
2002 -0.01607206721 0.0
2003 -0.01607206721 0.0
2004 -0.01607206721 0.0
2005 -0.01607206721 0.0
2006 -0.01607206721 0.0
2007 -0.01607206721 0.0
2008 -0.01607206721 0.0
2009 -0.01607206721 0.0
2010 -0.01607206721 0.0
2011 -0.01607206721 0.0
2012 -0.01607206721 0.0
2013 -0.01607206721 0.0
2014 -0.01607206721 0.0
2015 -0.01607206721 0.0
2016 -0.01607206721 0.0
2017 -0.01607206721 0.0
2018 -0.01607206721 0.0
2019 -0.01607206721 0.0
2020 -0.01607206721 0.0
2021 -0.01607206721 0.0
2022 -0.01607206721 0.0
2023 -0.01607206721 0.0
2024 -0.01607206721 0.0
2025 -0.01607206721 0.0
2026 -0.01607206721 0.0
2027 -0.01607206721 0.0
2028 -0.01607206721 0.0
2029 -0.01607206721 0.0
2030 -0.01607206721 0.0
2031 -0.01607206721 0.0
2032 -0.01607206721 0.0
2033 -0.01607206721 0.0
2034 -0.01607206721 0.0
2035 -0.01607206721 0.0
2036 -0.01607206721 0.0
2037 -0.01607206721 0.0
2038 -0.01607206721 0.0
2039 -0.01607206721 0.0
2040 -0.01607206721 0.0
2041 -0.01607206721 0.0
2042 -0.01607206721 0.0
2043 -0.01607206721 0.0
2044 -0.01607206721 0.0
2045 -0.01607206721 0.0
2046 -0.01607206721 0.0
2047 -0.01607206721 0.0
2048 -0.01607206721 0.0
2049 -0.01607206721 0.0
2050 -0.01607206721 0.0
2051 -0.01607206721 0.0
2052 -0.01607206721 0.0
2053 -0.01607206721 0.0
2054 -0.01607206721 0.0
2055 -0.01607206721 0.0
2056 -0.01607206721 0.0
2057 -0.01607206721 0.0
2058 -0.01607206721 0.0
2059 -0.01607206721 0.0
2060 -0.01607206721 0.0
2061 -0.01607206721 0.0
2062 -0.01607206721 0.0
2063 -0.01607206721 0.0
2064 -0.01607206721 0.0
2065 -0.01607206721 0.0
2066 -0.01607206721 0.0
2067 -0.01607206721 0.0
2068 -0.01607206721 0.0
2069 -0.01607206721 0.0
2070 -0.01607206721 0.0
2071 -0.01607206721 0.0
2072 -0.01607206721 0.0
2073 -0.01607206721 0.0
2074 -0.01607206721 0.0
2075 -0.01607206721 0.0
2076 -0.01607206721 0.0
2077 -0.01607206721 0.0
2078 -0.01607206721 0.0
2079 -0.01607206721 0.0
2080 -0.01607206721 0.0
2081 -0.01607206721 0.0
2082 -0.01607206721 0.0
2083 -0.01607206721 0.0
2084 -0.01607206721 0.0
2085 -0.01607206721 0.0
2086 -0.01607206721 0.0
2087 -0.01607206721 0.0
2088 -0.01607206721 0.0
2089 -0.01607206721 0.0
2090 -0.01607206721 0.0
2091 -0.01607206721 0.0
2092 -0.01607206721 0.0
2093 -0.01607206721 0.0
2094 -0.01607206721 0.0
2095 -0.01607206721 0.0
2096 -0.01607206721 0.0
2097 -0.01607206721 0.0
2098 -0.01607206721 0.0
2099 -0.01607206721 0.0
2100 -0.01607206721 0.0
2101 -0.01607206721 0.0
2102 -0.01607206721 0.0
2103 -0.01607206721 0.0
2104 -0.01607206721 0.0
2105 -0.01607206721 0.0
2106 -0.01607206721 0.0
2107 -0.01607206721 0.0
2108 -0.01607206721 0.0
2109 -0.01607206721 0.0
2110 -0.01607206721 0.0
2111 -0.01607206721 0.0
2112 -0.01607206721 0.0
2113 -0.01607206721 0.0
2114 -0.01607206721 0.0
2115 -0.01607206721 0.0
2116 -0.01607206721 0.0
2117 -0.01607206721 0.0
2118 -0.01607206721 0.0
2119 -0.01607206721 0.0
2120 -0.01607206721 0.0
2121 -0.01607206721 0.0
2122 -0.01607206721 0.0
2123 -0.01607206721 0.0
2124 -0.01607206721 0.0
2125 -0.01607206721 0.0
2126 -0.01607206721 0.0
2127 -0.01607206721 0.0
2128 -0.01607206721 0.0
2129 -0.01607206721 0.0
2130 -0.01607206721 0.0
2131 -0.01607206721 0.0
2132 -0.01607206721 0.0
2133 -0.01607206721 0.0
2134 -0.01607206721 0.0
2135 -0.01607206721 0.0
2136 -0.01607206721 0.0
2137 -0.01607206721 0.0
2138 -0.01607206721 0.0
2139 -0.01607206721 0.0
2140 -0.01607206721 0.0
2141 -0.01607206721 0.0
2142 -0.01607206721 0.0
2143 -0.01607206721 0.0
2144 -0.01607206721 0.0
2145 -0.01607206721 0.0
2146 -0.01607206721 0.0
2147 -0.01607206721 0.0
2148 -0.01607206721 0.0
2149 -0.01607206721 0.0
2150 -0.01607206721 0.0
2151 -0.01607206721 0.0
2152 -0.01607206721 0.0
2153 -0.01607206721 0.0
2154 -0.01607206721 0.0
2155 -0.01607206721 0.0
2156 -0.01607206721 0.0
2157 -0.01607206721 0.0
2158 -0.01607206721 0.0
2159 -0.01607206721 0.0
2160 -0.01607206721 0.0
2161 -0.01607206721 0.0
2162 -0.01607206721 0.0
2163 -0.01607206721 0.0
2164 -0.01607206721 0.0
2165 -0.01607206721 0.0
2166 -0.01607206721 0.0
2167 -0.01607206721 0.0
2168 -0.01607206721 0.0
2169 -0.01607206721 0.0
2170 -0.01607206721 0.0
2171 -0.01607206721 0.0
2172 -0.01607206721 0.0
2173 -0.01607206721 0.0
2174 -0.01607206721 0.0
2175 -0.01607206721 0.0
2176 -0.01607206721 0.0
2177 -0.01607206721 0.0
2178 -0.01607206721 0.0
2179 -0.01607206721 0.0
2180 -0.01607206721 0.0
2181 -0.01607206721 0.0
2182 -0.01607206721 0.0
2183 -0.01607206721 0.0
2184 -0.01607206721 0.0
2185 -0.01607206721 0.0
2186 -0.01607206721 0.0
2187 -0.01607206721 0.0
2188 -0.01607206721 0.0
2189 -0.01607206721 0.0
2190 -0.01607206721 0.0
2191 -0.01607206721 0.0
2192 -0.01607206721 0.0
2193 -0.01607206721 0.0
2194 -0.01607206721 0.0
2195 -0.01607206721 0.0
2196 -0.01607206721 0.0
2197 -0.01607206721 0.0
2198 -0.01607206721 0.0
2199 -0.01607206721 0.0