2200 0.000002100546602 1.0
2
0 0.0 0.0
1 0.0 0.0
2 0.0 0.0
3 0.0 0.0
4 0.0 0.0
5 0.0 0.0
6 0.0 0.0
7 0.0 0.0
8 0.0 0.0
9 0.0 0.0
10 0.0 0.0
11 0.0 0.0
12 0.0 0.0
13 0.0 0.0
14 0.0 0.0
15 0.0 0.0
16 0.0 0.0
17 0.0 0.0
18 0.0 0.0
19 0.0 0.0
20 0.0 0.0
21 0.0 0.0
22 0.0 0.0
23 0.0 0.0
24 0.0 0.0
25 0.0 0.0
26 0.0 0.0
27 0.0 0.0
28 0.0 0.0
29 0.0 0.0
30 0.0 0.0
31 0.0 0.0
32 0.0 0.0
33 0.0 0.0
34 0.0 0.0
35 0.0 0.0
36 0.0 0.0
37 0.0 0.0
38 0.0 0.0
39 0.0 0.0
40 0.0 0.0
41 0.0 0.0
42 0.0 0.0
43 0.0 0.0
44 0.0 0.0
45 0.0 0.0
46 0.0 0.0
47 0.0 0.0
48 0.0 0.0
49 0.0 0.0
50 0.0 0.0
51 0.0 0.0
52 0.0 0.0
53 0.0 0.0
54 0.0 0.0
55 0.0 0.0
56 0.0 0.0
57 0.0 0.0
58 0.0 0.0
59 0.0 0.0
60 0.0 0.0
61 0.0 0.0
62 0.0 0.0
63 0.0 0.0
64 0.0 0.0
65 0.0 0.0
66 0.0 0.0
67 0.0 0.0
68 0.0 0.0
69 0.0 0.0
70 0.0 0.0
71 0.0 0.0
72 0.0 0.0
73 0.0 0.0
74 0.0 0.0
75 0.0 0.0
76 0.0 0.0
77 0.0 0.0
78 0.0 0.0
79 0.0 0.0
80 0.0 0.0
81 0.0 0.0
82 0.0 0.0
83 0.0 0.0
84 0.0 0.0
85 0.0 0.0
86 0.0 0.0
87 0.0 0.0
88 0.0 0.0
89 0.0 0.0
90 0.0 0.0
91 0.0 0.0
92 0.0 0.0
93 0.0 0.0
94 0.0 0.0
95 0.0 0.0
96 0.0 0.0
97 0.0 0.0
98 0.0 0.0
99 0.0 0.0
100 0.0 0.0
101 0.0 0.0
102 0.0 0.0
103 0.0 0.0
104 0.0 0.0
105 0.0 0.0
106 0.0 0.0
107 0.0 0.0
108 0.0 0.0
109 0.0 0.0
110 0.0 0.0
111 0.0 0.0
112 0.0 0.0
113 0.0 0.0
114 0.0 0.0
115 0.0 0.0
116 0.0 0.0
117 0.0 0.0
118 0.0 0.0
119 0.0 0.0
120 0.0 0.0
121 0.0 0.0
122 0.0 0.0
123 0.0 0.0
124 0.0 0.0
125 0.0 0.0
126 0.0 0.0
127 0.0 0.0
128 0.0 0.0
129 0.0 0.0
130 0.0 0.0
131 0.0 0.0
132 0.0 0.0
133 0.0 0.0
134 0.0 0.0
135 0.0 0.0
136 0.0 0.0
137 0.0 0.0
138 0.0 0.0
139 0.0 0.0
140 0.0 0.0
141 0.0 0.0
142 0.0 0.0
143 0.0 0.0
144 0.0 0.0
145 0.0 0.0
146 0.0 0.0
147 0.0 0.0
148 0.0 0.0
149 0.0 0.0
150 0.0 0.0
151 0.0 0.0
152 0.0 0.0
153 0.0 0.0
154 0.0 0.0
155 0.0 0.0
156 0.0 0.0
157 0.0 0.0
158 0.0 0.0
159 0.0 0.0
160 0.0 0.0
161 0.0 0.0
162 0.0 0.0
163 0.0 0.0
164 0.0 0.0
165 0.0 0.0
166 0.0 0.0
167 0.0 0.0
168 0.0 0.0
169 0.0 0.0
170 0.0 0.0
171 0.0 0.0
172 0.0 0.0
173 0.0 0.0
174 0.0 0.0
175 0.0 0.0
176 0.0 0.0
177 0.0 0.0
178 0.0 0.0
179 0.0 0.0
180 0.0 0.0
181 0.0 0.0
182 0.0 0.0
183 0.0 0.0
184 0.0 0.0
185 0.0 0.0
186 0.0 0.0
187 0.0 0.0
188 0.0 0.0
189 0.0 0.0
190 0.0 0.0
191 0.0 0.0
192 0.0 0.0
193 0.0 0.0
194 0.0 0.0
195 0.0 0.0
196 0.0 0.0
197 0.0 0.0
198 0.0 0.0
199 0.0 0.0
200 0.0 0.0
201 6.241564365547426e-05 0.0
202 0.00012483109718207353 0.0
203 0.00018724617045150202 0.0
204 0.0002496606733366222 0.0
205 0.0003120744157120341 0.0
206 0.0003744872074546544 0.0
207 0.0004368988584442954 0.0
208 0.0004993091785642446 0.0
209 0.0005617179777018434 0.0
210 0.0006241250657490665 0.0
211 0.0006865302526031006 0.0
212 0.0007489333481669241 0.0
213 0.0008113341623498853 0.0
214 0.0008737325050682832 0.0
215 0.0009361281862459435 0.0
216 0.0009985210158148011 0.0
217 0.0010609108037154763 0.0
218 0.0011232973598978553 0.0
219 0.0011856804943216686 0.0
220 0.0012480600169570704 0.0
221 0.0013104357377852162 0.0
222 0.0013728074667988426 0.0
223 0.0014351750140028467 0.0
224 0.0014975381894148634 0.0
225 0.0015598968030658452 0.0
226 0.0016222506650006403 0.0
227 0.0016845995852785719 0.0
228 0.0017469433739740153 0.0
229 0.001809281841176979 0.0
230 0.0018716147969936804 0.0
231 0.0019339420515471263 0.0
232 0.0019962634149776897 0.0
233 0.0020585786974436898 0.0
234 0.0021208877091219696 0.0
235 0.0021831902602084735 0.0
236 0.0022454861609188257 0.0
237 0.0023077752214889094 0.0
238 0.002370057252175443 0.0
239 0.0024323320632565603 0.0
240 0.002494599465032387 0.0
241 0.002556859267825618 0.0
242 0.002619111281982097 0.0
243 0.0026813553178713927 0.0
244 0.0027435911858873768 0.0
245 0.002805818696448803 0.0
246 0.0028680376599998815 0.0
247 0.00293024788701086 0.0
248 0.0029924491879785974 0.0
249 0.003054641373427143 0.0
250 0.003116824253908316 0.0
251 0.0031789976400022775 0.0
252 0.003241161342318111 0.0
253 0.003303315171494399 0.0
254 0.0033654589381997982 0.0
255 0.003427592453133618 0.0
256 0.0034897155270263974 0.0
257 0.0035518279706404786 0.0
258 0.003613929594770587 0.0
259 0.003676020210244405 0.0
260 0.0037380996279231505 0.0
261 0.0038001676587021515 0.0
262 0.0038622241135114204 0.0
263 0.003924268803316236 0.0
264 0.003986301539117712 0.0
265 0.004048322131953375 0.0
266 0.004110330392897747 0.0
267 0.004172326133062909 0.0
268 0.004234309163599088 0.0
269 0.004296279295695218 0.0
270 0.004358236340579536 0.0
271 0.0044201801095201335 0.0
272 0.00448211041382555 0.0
273 0.0045440270648453365 0.0
274 0.004605929873970639 0.0
275 0.004667818652634762 0.0
276 0.004729693212313756 0.0
277 0.004791553364526979 0.0
278 0.004853398920837682 0.0
279 0.004915229692853572 0.0
280 0.004977045492227397 0.0
281 0.00503884613065751 0.0
282 0.005100631419888449 0.0
283 0.005162401171711507 0.0
284 0.00522415519796531 0.0
285 0.005285893310536382 0.0
286 0.005347615321359728 0.0
287 0.005409321042419395 0.0
288 0.005471010285749058 0.0
289 0.005532682863432584 0.0
290 0.005594338587604603 0.0
291 0.005655977270451089 0.0
292 0.005717598724209923 0.0
293 0.005779202761171472 0.0
294 0.005840789193679154 0.0
295 0.0059023578341300155 0.0
296 0.0059639084949753 0.0
297 0.006025440988721019 0.0
298 0.006086955127928528 0.0
299 0.00614845072521509 0.0
300 0.0062099275932544495 0.0
301 0.006271385544777407 0.0
302 0.006332824392572382 0.0
303 0.006394243949485989 0.0
304 0.006455644028423606 0.0
305 0.006517024442349947 0.0
306 0.0065783850042896224 0.0
307 0.006639725527327723 0.0
308 0.006701045824610373 0.0
309 0.006762345709345316 0.0
310 0.0068236249948024725 0.0
311 0.006884883494314509 0.0
312 0.006946121021277414 0.0
313 0.007007337389151061 0.0
314 0.007068532411459775 0.0
315 0.007129705901792905 0.0
316 0.0071908576738053944 0.0
317 0.007251987541218336 0.0
318 0.007313095317819554 0.0
319 0.007374180817464163 0.0
320 0.007435243854075138 0.0
321 0.007496284241643881 0.0
322 0.0075573017942307825 0.0
323 0.007618296325965794 0.0
324 0.007679267651049 0.0
325 0.007740215583751166 0.0
326 0.007801139938414321 0.0
327 0.007862040529452313 0.0
328 0.00792291717135138 0.0
329 0.007983769678670717 0.0
330 0.008044597866043028 0.0
331 0.00810540154817511 0.0
332 0.008166180539848399 0.0
333 0.008226934655919548 0.0
334 0.00828766371132098 0.0
335 0.008348367521061464 0.0
336 0.008409045900226666 0.0
337 0.008469698663979721 0.0
338 0.00853032562756179 0.0
339 0.008590926606292633 0.0
340 0.008651501415571153 0.0
341 0.008712049870875977 0.0
342 0.00877257178776601 0.0
343 0.008833066981880999 0.0
344 0.008893535268942092 0.0
345 0.008953976464752397 0.0
346 0.009014390385197546 0.0
347 0.009074776846246269 0.0
348 0.00913513566395093 0.0
349 0.0091954666544481 0.0
350 0.009255769633959117 0.0
351 0.009316044418790654 0.0
352 0.00937629082533526 0.0
353 0.009436508670071932 0.0
354 0.009496697769566671 0.0
355 0.009556857940473043 0.0
356 0.009616988999532738 0.0
357 0.009677090763576115 0.0
358 0.00973716304952278 0.0
359 0.009797205674382132 0.0
360 0.009857218455253924 0.0
361 0.009917201209328817 0.0
362 0.009977153753888943 0.0
363 0.010037075906308448 0.0
364 0.010096967484054066 0.0
365 0.010156828304685664 0.0
366 0.010216658185856802 0.0
367 0.01027645694531529 0.0
368 0.01033622440090373 0.0
369 0.010395960370560087 0.0
370 0.010455664672318243 0.0
371 0.010515337124308535 0.0
372 0.010574977544758331 0.0
373 0.010634585751992562 0.0
374 0.010694161564434295 0.0
375 0.010753704800605272 0.0
376 0.010813215279126468 0.0
377 0.010872692818718646 0.0
378 0.010932137238202909 0.0
379 0.01099154835650124 0.0
380 0.011050925992637073 0.0
381 0.01111026996573583 0.0
382 0.011169580095025479 0.0
383 0.011228856199837076 0.0
384 0.011288098099605329 0.0
385 0.011347305613869138 0.0
386 0.011406478562272145 0.0
387 0.011465616764563284 0.0
388 0.01152472004059734 0.0
389 0.011583788210335483 0.0
390 0.011642821093845825 0.0
391 0.01170181851130396 0.0
392 0.011760780282993528 0.0
393 0.011819706229306746 0.0
394 0.011878596170744962 0.0
395 0.0119374499279192 0.0
396 0.01199626732155071 0.0
397 0.012055048172471512 0.0
398 0.012113792301624937 0.0
399 0.012172499530066182 0.0
400 0.012231169678962848 0.0
401 0.012289802569595488 0.0
402 0.012348398023358144 0.0
403 0.012406955861758905 0.0
404 0.012465475906420439 0.0
405 0.012523957979080545 0.0
406 0.012582401901592684 0.0
407 0.012640807495926531 0.0
408 0.012699174584168516 0.0
409 0.012757502988522372 0.0
410 0.012815792531309659 0.0
411 0.012874043034970322 0.0
412 0.012932254322063222 0.0
413 0.01299042621526669 0.0
414 0.013048558537379048 0.0
415 0.013106651111319157 0.0
416 0.013164703760126965 0.0
417 0.013222716306964036 0.0
418 0.013280688575114092 0.0
419 0.013338620387983552 0.0
420 0.013396511569102062 0.0
421 0.01345436194212305 0.0
422 0.013512171330824246 0.0
423 0.013569939559108223 0.0
424 0.013627666451002942 0.0
425 0.01368535183066228 0.0
426 0.013742995522366564 0.0
427 0.013800597350523115 0.0
428 0.01385815713966677 0.0
429 0.013915674714460433 0.0
430 0.013973149899695596 0.0
431 0.014030582520292876 0.0
432 0.014087972401302554 0.0
433 0.014145319367905095 0.0
434 0.014202623245411695 0.0
435 0.014259883859264804 0.0
436 0.014317101035038663 0.0
437 0.01437427459843983 0.0
438 0.01443140437530772 0.0
439 0.014488490191615123 0.0
440 0.01454553187346874 0.0
441 0.014602529247109718 0.0
442 0.014659482138914175 0.0
443 0.014716390375393719 0.0
444 0.014773253783195994 0.0
445 0.014830072189105196 0.0
446 0.014886845420042618 0.0
447 0.014943573303067142 0.0
448 0.015000255665375802 0.0
449 0.015056892334304293 0.0
450 0.015113483137327497 0.0
451 0.015170027902060014 0.0
452 0.01522652645625669 0.0
453 0.015282978627813117 0.0
454 0.015339384244766203 0.0
455 0.015395743135294656 0.0
456 0.015452055127719518 0.0
457 0.015508320050504693 0.0
458 0.01556453773225747 0.0
459 0.01562070800172904 0.0
460 0.015676830687815023 0.0
461 0.015732905619555978 0.0
462 0.01578893262613795 0.0
463 0.01584491153689295 0.0
464 0.015900842181299512 0.0
465 0.01595672438898319 0.0
466 0.016012557989717097 0.0
467 0.01606834281342239 0.0
468 0.016124078690168825 0.0
469 0.016179765450175264 0.0
470 0.01623540292381017 0.0
471 0.016290990941592153 0.0
472 0.01634652933419047 0.0
473 0.01640201793242554 0.0
474 0.016457456567269477 0.0
475 0.01651284506984658 0.0
476 0.01656818327143387 0.0
477 0.016623471003461582 0.0
478 0.016678708097513702 0.0
479 0.01673389438532846 0.0
480 0.01678902969879885 0.0
481 0.016844113869973143 0.0
482 0.016899146731055404 0.0
483 0.016954128114405997 0.0
484 0.01700905785254209 0.0
485 0.017063935778138174 0.0
486 0.017118761724026575 0.0
487 0.017173535523197947 0.0
488 0.017228257008801803 0.0
489 0.017282926014147007 0.0
490 0.017337542372702287 0.0
491 0.01739210591809674 0.0
492 0.01744661648412035 0.0
493 0.01750107390472448 0.0
494 0.017555478014022373 0.0
495 0.01760982864628969 0.0
496 0.01766412563596497 0.0
497 0.01771836881765017 0.0
498 0.01777255802611115 0.0
499 0.017826693096278177 0.0
500 0.017880773863246453 0.0
501 0.017934800162276575 0.0
502 0.017988771828795064 0.0
503 0.018042688698394874 0.0
504 0.018096550606835855 0.0
505 0.0181503573900453 0.0
506 0.018204108884118424 0.0
507 0.018257804925318838 0.0
508 0.018311445350079104 0.0
509 0.018365029995001173 0.0
510 0.018418558696856935 0.0
511 0.018472031292588672 0.0
512 0.018525447619309587 0.0
513 0.018578807514304286 0.0
514 0.018632110815029274 0.0
515 0.018685357359113447 0.0
516 0.01873854698435861 0.0
517 0.018791679528739936 0.0
518 0.018844754830406475 0.0
519 0.018897772727681655 0.0
520 0.018950733059063765 0.0
521 0.01900363566322646 0.0
522 0.01905648037901922 0.0
523 0.01910926704546789 0.0
524 0.019161995501775123 0.0
525 0.019214665587320892 0.0
526 0.019267277141662986 0.0
527 0.019319830004537485 0.0
528 0.019372324015859258 0.0
529 0.019424759015722444 0.0
530 0.01947713484440093 0.0
531 0.019529451342348875 0.0
532 0.01958170835020114 0.0
533 0.01963390570877382 0.0
534 0.01968604325906471 0.0
535 0.019738120842253785 0.0
536 0.0197901382997037 0.0
537 0.019842095472960262 0.0
538 0.019893992203752896 0.0
539 0.019945828333995178 0.0
540 0.019997603705785256 0.0
541 0.020049318161406364 0.0
542 0.020100971543327316 0.0
543 0.020152563694202943 0.0
544 0.020204094456874606 0.0
545 0.02025556367437066 0.0
546 0.02030697118990695 0.0
547 0.020358316846887273 0.0
548 0.020409600488903844 0.0
549 0.0204608219597378 0.0
550 0.020511981103359656 0.0
551 0.020563077763929793 0.0
552 0.02061411178579891 0.0
553 0.020665083013508542 0.0
554 0.020715991291791476 0.0
555 0.020766836465572272 0.0
556 0.020817618379967717 0.0
557 0.020868336880287282 0.0
558 0.020918991812033633 0.0
559 0.020969583020903054 0.0
560 0.021020110352785955 0.0
561 0.021070573653767317 0.0
562 0.021120972770127172 0.0
563 0.02117130754834107 0.0
564 0.021221577835080555 0.0
565 0.021271783477213608 0.0
566 0.02132192432180514 0.0
567 0.021372000216117442 0.0
568 0.021422011007610653 0.0
569 0.021471956543943224 0.0
570 0.02152183667297241 0.0
571 0.02157165124275467 0.0
572 0.021621400101546187 0.0
573 0.021671083097803315 0.0
574 0.021720700080183026 0.0
575 0.02177025089754339 0.0
576 0.021819735398944023 0.0
577 0.021869153433646548 0.0
578 0.021918504851115066 0.0
579 0.021967789501016605 0.0
580 0.02201700723322157 0.0
581 0.022066157897804205 0.0
582 0.02211524134504307 0.0
583 0.022164257425421472 0.0
584 0.02221320598962793 0.0
585 0.022262086888556624 0.0
586 0.02231089997330786 0.0
587 0.022359645095188525 0.0
588 0.022408322105712513 0.0
589 0.022456930856601214 0.0
590 0.022505471199783945 0.0
591 0.022553942987398396 0.0
592 0.022602346071791096 0.0
593 0.022650680305517864 0.0
594 0.02269894554134423 0.0
595 0.022747141632245928 0.0
596 0.022795268431409294 0.0
597 0.02284332579223176 0.0
598 0.02289131356832227 0.0
599 0.02293923161350173 0.0
600 0.02298707978180347 0.0
601 0.023034857927473673 0.0
602 0.023082565904971816 0.0
603 0.02313020356897113 0.0
604 0.023177770774359018 0.0
605 0.02322526737623754 0.0
606 0.023272693229923796 0.0
607 0.023320048190950418 0.0
608 0.02336733211506598 0.0
609 0.02341454485823545 0.0
610 0.023461686276640623 0.0
611 0.023508756226680565 0.0
612 0.02355575456497204 0.0
613 0.023602681148349968 0.0
614 0.023649535833867828 0.0
615 0.02369631847879813 0.0
616 0.023743028940632818 0.0
617 0.023789667077083732 0.0
618 0.023836232746083014 0.0
619 0.02388272580578356 0.0
620 0.02392914611455945 0.0
621 0.023975493531006375 0.0
622 0.024021767913942057 0.0
623 0.024067969122406715 0.0
624 0.024114097015663444 0.0
625 0.024160151453198685 0.0
626 0.024206132294722637 0.0
627 0.024252039400169685 0.0
628 0.024297872629698816 0.0
629 0.024343631843694067 0.0
630 0.024389316902764937 0.0
631 0.024434927667746815 0.0
632 0.024480463999701395 0.0
633 0.024525925759917123 0.0
634 0.02457131280990959 0.0
635 0.024616625011421957 0.0
636 0.024661862226425416 0.0
637 0.024707024317119568 0.0
638 0.024752111145932836 0.0
639 0.02479712257552293 0.0
640 0.024842058468777226 0.0
641 0.024886918688813202 0.0
642 0.024931703098978845 0.0
643 0.024976411562853084 0.0
644 0.02502104394424618 0.0
645 0.025065600107200152 0.0
646 0.02511007991598921 0.0
647 0.025154483235120133 0.0
648 0.025198809929332718 0.0
649 0.025243059863600165 0.0
650 0.025287232903129498 0.0
651 0.02533132891336198 0.0
652 0.02537534775997352 0.0
653 0.02541928930887507 0.0
654 0.02546315342621306 0.0
655 0.02550693997836977 0.0
656 0.025550648831963778 0.0
657 0.025594279853850332 0.0
658 0.02563783291112177 0.0
659 0.025681307871107936 0.0
660 0.025724704601376554 0.0
661 0.02576802296973366 0.0
662 0.025811262844223987 0.0
663 0.02585442409313139 0.0
664 0.025897506584979205 0.0
665 0.0259405101885307 0.0
666 0.02598343477278944 0.0
667 0.02602628020699969 0.0
668 0.02606904636064684 0.0
669 0.02611173310345775 0.0
670 0.02615434030540122 0.0
671 0.026196867836688308 0.0
672 0.02623931556777279 0.0
673 0.026281683369351504 0.0
674 0.02632397111236479 0.0
675 0.026366178667996842 0.0
676 0.026408305907676125 0.0
677 0.02645035270307576 0.0
678 0.026492318926113922 0.0
679 0.026534204448954223 0.0
680 0.026576009144006076 0.0
681 0.026617732883925153 0.0
682 0.02665937554161369 0.0
683 0.026700936990220938 0.0
684 0.026742417103143516 0.0
685 0.0267838157540258 0.0
686 0.026825132816760328 0.0
687 0.026866368165488153 0.0
688 0.026907521674599262 0.0
689 0.026948593218732924 0.0
690 0.026989582672778088 0.0
691 0.02703048991187378 0.0
692 0.027071314811409446 0.0
693 0.027112057247025364 0.0
694 0.027152717094613008 0.0
695 0.027193294230315437 0.0
696 0.027233788530527644 0.0
697 0.027274199871896984 0.0
698 0.027314528131323502 0.0
699 0.027354773185960315 0.0
700 0.027394934913214018 0.0
701 0.027435013190745015 0.0
702 0.02747500789646793 0.0
703 0.02751491890855195 0.0
704 0.027554746105421208 0.0
705 0.02759448936575516 0.0
706 0.027634148568488934 0.0
707 0.027673723592813733 0.0
708 0.027713214318177165 0.0
709 0.027752620624283627 0.0
710 0.02779194239109468 0.0
711 0.02783117949882941 0.0
712 0.02787033182796477 0.0
713 0.02790939925923598 0.0
714 0.027948381673636873 0.0
715 0.027987278952420248 0.0
716 0.028026090977098257 0.0
717 0.02806481762944273 0.0
718 0.028103458791485576 0.0
719 0.02814201434551911 0.0
720 0.02818048417409643 0.0
721 0.028218868160031774 0.0
722 0.028257166186400846 0.0
723 0.028295378136541233 0.0
724 0.0283335038940527 0.0
725 0.028371543342797578 0.0
726 0.02840949636690111 0.0
727 0.028447362850751806 0.0
728 0.02848514267900178 0.0
729 0.028522835736567134 0.0
730 0.028560441908628272 0.0
731 0.02859796108063027 0.0
732 0.028635393138283234 0.0
733 0.028672737967562607 0.0
734 0.028709995454709585 0.0
735 0.028747165486231376 0.0
736 0.028784247948901633 0.0
737 0.028821242729760745 0.0
738 0.02885814971611619 0.0
739 0.028894968795542885 0.0
740 0.028931699855883532 0.0
741 0.028968342785248947 0.0
742 0.029004897472018416 0.0
743 0.02904136380484002 0.0
744 0.02907774167263099 0.0
745 0.029114030964578024 0.0
746 0.029150231570137658 0.0
747 0.029186343379036556 0.0
748 0.029222366281271898 0.0
749 0.029258300167111666 0.0
750 0.029294144927095016 0.0
751 0.029329900452032594 0.0
752 0.02936556663300686 0.0
753 0.029401143361372464 0.0
754 0.0294366305287565 0.0
755 0.029472028027058915 0.0
756 0.029507335748452775 0.0
757 0.029542553585384657 0.0
758 0.029577681430574907 0.0
759 0.029612719177018024 0.0
760 0.029647666717982954 0.0
761 0.02968252394701342 0.0
762 0.029717290757928276 0.0
763 0.02975196704482176 0.0
764 0.029786552702063915 0.0
765 0.02982104762430081 0.0
766 0.02985545170645494 0.0
767 0.029889764843725502 0.0
768 0.029923986931588733 0.0
769 0.029958117865798214 0.0
770 0.029992157542385194 0.0
771 0.03002610585765893 0.0
772 0.030059962708206957 0.0
773 0.030093727990895436 0.0
774 0.030127401602869464 0.0
775 0.030160983441553373 0.0
776 0.030194473404651066 0.0
777 0.0302278713901463 0.0
778 0.030261177296303027 0.0
779 0.030294391021665673 0.0
780 0.030327512465059478 0.0
781 0.030360541525590774 0.0
782 0.03039347810264732 0.0
783 0.03042632209589859 0.0
784 0.03045907340529608 0.0
785 0.03049173193107363 0.0
786 0.030524297573747694 0.0
787 0.030556770234117694 0.0
788 0.030589149813266256 0.0
789 0.03062143621255958 0.0
790 0.030653629333647688 0.0
791 0.030685729078464757 0.0
792 0.030717735349229388 0.0
793 0.030749648048444933 0.0
794 0.030781467078899782 0.0
795 0.03081319234366764 0.0
796 0.030844823746107856 0.0
797 0.03087636118986569 0.0
798 0.030907804578872617 0.0
799 0.03093915381734663 0.0
800 0.030970408809792495 0.0
801 0.0310015694610021 0.0
802 0.031032635676054694 0.0
803 0.031063607360317193 0.0
804 0.03109448441944448 0.0
805 0.031125266759379676 0.0
806 0.031155954286354433 0.0
807 0.031186546906889226 0.0
808 0.03121704452779363 0.0
809 0.031247447056166597 0.0
810 0.03127775439939676 0.0
811 0.03130796646516268 0.0
812 0.03133808316143319 0.0
813 0.031368104396467575 0.0
814 0.03139803007881598 0.0
815 0.03142786011731957 0.0
816 0.03145759442111088 0.0
817 0.03148723289961407 0.0
818 0.03151677546254517 0.0
819 0.031546222019912445 0.0
820 0.03157557248201655 0.0
821 0.03160482675945089 0.0
822 0.03163398476310187 0.0
823 0.031663046404149145 0.0
824 0.03169201159406593 0.0
825 0.031720880244619214 0.0
826 0.031749652267870104 0.0
827 0.031778327576174006 0.0
828 0.03180690608218097 0.0
829 0.03183538769883591 0.0
830 0.03186377233937888 0.0
831 0.03189205991734534 0.0
832 0.031920250346566426 0.0
833 0.0319483435411692 0.0
834 0.03197633941557691 0.0
835 0.03200423788450929 0.0
836 0.03203203886298274 0.0
837 0.03205974226631067 0.0
838 0.03208734801010372 0.0
839 0.03211485601026998 0.0
840 0.03214226618301534 0.0
841 0.03216957844484364 0.0
842 0.03219679271255701 0.0
843 0.03222390890325605 0.0
844 0.03225092693434015 0.0
845 0.03227784672350771 0.0
846 0.03230466818875639 0.0
847 0.03233139124838332 0.0
848 0.032358015820985464 0.0
849 0.03238454182545974 0.0
850 0.03241096918100333 0.0
851 0.03243729780711394 0.0
852 0.03246352762359001 0.0
853 0.03248965855053095 0.0
854 0.032515690508337455 0.0
855 0.03254162341771164 0.0
856 0.03256745719965739 0.0
857 0.03259319177548049 0.0
858 0.032618827066789 0.0
859 0.03264436299549335 0.0
860 0.03266979948380668 0.0
861 0.03269513645424504 0.0
862 0.03272037382962761 0.0
863 0.03274551153307698 0.0
864 0.03277054948801934 0.0
865 0.03279548761818475 0.0
866 0.03282032584760733 0.0
867 0.032845064100625515 0.0
868 0.032869702301882325 0.0
869 0.03289424037632549 0.0
870 0.03291867824920781 0.0
871 0.03294301584608727 0.0
872 0.03296725309282733 0.0
873 0.03299138991559714 0.0
874 0.03301542624087175 0.0
875 0.033039361995432344 0.0
876 0.03306319710636645 0.0
877 0.033086931501068215 0.0
878 0.03311056510723853 0.0
879 0.03313409785288535 0.0
880 0.03315752966632383 0.0
881 0.033180860476176625 0.0
882 0.03320409021137403 0.0
883 0.033227218801154236 0.0
884 0.033250246175063565 0.0
885 0.03327317226295663 0.0
886 0.0332959969949966 0.0
887 0.03331872030165538 0.0
888 0.03334134211371383 0.0
889 0.03336386236226199 0.0
890 0.033386280978699286 0.0
891 0.033408597894734715 0.0
892 0.03343081304238709 0.0
893 0.03345292635398521 0.0
894 0.03347493776216809 0.0
895 0.033496847199885174 0.0
896 0.033518654600396505 0.0
897 0.03354035989727296 0.0
898 0.03356196302439646 0.0
899 0.03358346391596011 0.0
900 0.033604862506468464 0.0
901 0.033626158730737724 0.0
902 0.03364735252389588 0.0
903 0.03366844382138298 0.0
904 0.03368943255895125 0.0
905 0.033710318672665385 0.0
906 0.033731102098902635 0.0
907 0.03375178277435308 0.0
908 0.033772360636019814 0.0
909 0.0337928356212191 0.0
910 0.033813207667580565 0.0
911 0.033833476713047435 0.0
912 0.03385364269587668 0.0
913 0.03387370555463922 0.0
914 0.0338936652282201 0.0
915 0.03391352165581871 0.0
916 0.03393327477694891 0.0
917 0.03395292453143927 0.0
918 0.033972470859433244 0.0
919 0.03399191370138931 0.0
920 0.034011252998081214 0.0
921 0.0340304886905981 0.0
922 0.03404962072034471 0.0
923 0.03406864902904156 0.0
924 0.034087573558725125 0.0
925 0.03410639425174801 0.0
926 0.03412511105077911 0.0
927 0.034143723898803824 0.0
928 0.03416223273912417 0.0
929 0.034180637515359026 0.0
930 0.034198938171444246 0.0
931 0.03421713465163286 0.0
932 0.034235226900495234 0.0
933 0.03425321486291924 0.0
934 0.03427109848411042 0.0
935 0.034288877709592165 0.0
936 0.03430655248520587 0.0
937 0.03432412275711111 0.0
938 0.034341588471785776 0.0
939 0.03435894957602629 0.0
940 0.03437620601694771 0.0
941 0.03439335774198391 0.0
942 0.034410404698887787 0.0
943 0.034427346835731336 0.0
944 0.03444418410090587 0.0
945 0.034460916443122165 0.0
946 0.034477543811410605 0.0
947 0.03449406615512134 0.0
948 0.034510483423924446 0.0
949 0.03452679556781008 0.0
950 0.03454300253708862 0.0
951 0.03455910428239082 0.0
952 0.03457510075466798 0.0
953 0.03459099190519206 0.0
954 0.034606777685555874 0.0
955 0.034622458047673194 0.0
956 0.034638032943778915 0.0
957 0.0346535023264292 0.0
958 0.03466886614850163 0.0
959 0.03468412436319533 0.0
960 0.03469927692403115 0.0
961 0.034714323784851744 0.0
962 0.034729264899821775 0.0
963 0.03474410022342801 0.0
964 0.034758829710479486 0.0
965 0.03477345331610762 0.0
966 0.034787970995766394 0.0
967 0.034802382705232414 0.0
968 0.03481668840060513 0.0
969 0.034830888038306904 0.0
970 0.03484498157508318 0.0
971 0.034858968968002606 0.0
972 0.03487285017445714 0.0
973 0.034886625152162246 0.0
974 0.03490029385915693 0.0
975 0.034913856253803964 0.0
976 0.03492731229478992 0.0
977 0.03494066194112536 0.0
978 0.03495390515214497 0.0
979 0.03496704188750761 0.0
980 0.03498007210719652 0.0
981 0.03499299577151939 0.0
982 0.03500581284110849 0.0
983 0.03501852327692081 0.0
984 0.03503112704023815 0.0
985 0.035043624092667265 0.0
986 0.03505601439613997 0.0
987 0.03506829791291325 0.0
988 0.03508047460556938 0.0
989 0.035092544437016045 0.0
990 0.03510450737048645 0.0
991 0.03511636336953941 0.0
992 0.035128112398059505 0.0
993 0.035139754420257165 0.0
994 0.03515128940066876 0.0
995 0.03516271730415674 0.0
996 0.03517403809590973 0.0
997 0.03518525174144264 0.0
998 0.03519635820659675 0.0
999 0.035207357457539855 0.0
1000 0.03521824946076632 0.0
1001 0.035229034183097224 0.0
1002 0.03523971159168041 0.0
1003 0.03525028165399067 0.0
1004 0.03526074433782973 0.0
1005 0.035271099611326476 0.0
1006 0.035281347442936914 0.0
1007 0.03529148780144439 0.0
1008 0.035301520655959616 0.0
1009 0.035311445975920765 0.0
1010 0.03532126373109361 0.0
1011 0.03533097389157154 0.0
1012 0.03534057642777574 0.0
1013 0.03535007131045522 0.0
1014 0.03535945851068691 0.0
1015 0.035368737999875784 0.0
1016 0.035377909749754896 0.0
1017 0.03538697373238551 0.0
1018 0.035395929920157165 0.0
1019 0.03540477828578775 0.0
1020 0.03541351880232363 0.0
1021 0.035422151443139656 0.0
1022 0.03543067618193932 0.0
1023 0.03543909299275477 0.0
1024 0.03544740184994696 0.0
1025 0.03545560272820567 0.0
1026 0.03546369560254959 0.0
1027 0.03547168044832643 0.0
1028 0.03547955724121296 0.0
1029 0.035487325957215106 0.0
1030 0.03549498657266801 0.0
1031 0.03550253906423611 0.0
1032 0.035509983408913204 0.0
1033 0.03551731958402253 0.0
1034 0.03552454756721683 0.0
1035 0.03553166733647841 0.0
1036 0.03553867887011922 0.0
1037 0.035545582146780906 0.0
1038 0.03555237714543489 0.0
1039 0.03555906384538244 0.0
1040 0.0355656422262547 0.0
1041 0.035572112268012775 0.0
1042 0.035578473950947806 0.0
1043 0.035584727255681 0.0
1044 0.03559087216316371 0.0
1045 0.03559690865467747 0.0
1046 0.03560283671183409 0.0
1047 0.035608656316575685 0.0
1048 0.03561436745117472 0.0
1049 0.03561997009823408 0.0
1050 0.03562546424068715 0.0
1051 0.03563084986179781 0.0
1052 0.03563612694516054 0.0
1053 0.035641295474700393 0.0
1054 0.035646355434673156 0.0
1055 0.035651306809665315 0.0
1056 0.03565614958459412 0.0
1057 0.03566088374470763 0.0
1058 0.03566550927558479 0.0
1059 0.03567002616313541 0.0
1060 0.035674434393600275 0.0
1061 0.03567873395355116 0.0
1062 0.03568292482989085 0.0
1063 0.035687007009853215 0.0
1064 0.035690980481003214 0.0
1065 0.03569484523123698 0.0
1066 0.035698601248781804 0.0
1067 0.03570224852219621 0.0
1068 0.03570578704036997 0.0
1069 0.03570921679252414 0.0
1070 0.0357125377682111 0.0
1071 0.0357157499573146 0.0
1072 0.03571885335004973 0.0
1073 0.03572184793696303 0.0
1074 0.03572473370893246 0.0
1075 0.03572751065716748 0.0
1076 0.03573017877320899 0.0
1077 0.03573273804892948 0.0
1078 0.035735188476532925 0.0
1079 0.03573753004855492 0.0
1080 0.035739762757862614 0.0
1081 0.035741886597654794 0.0
1082 0.03574390156146188 0.0
1083 0.03574580764314593 0.0
1084 0.035747604836900704 0.0
1085 0.03574929313725163 0.0
1086 0.035750872539055845 0.0
1087 0.035752343037502236 0.0
1088 0.035753704628111393 0.0
1089 0.035754957306735675 0.0
1090 0.035756101069559225 0.0
1091 0.03575713591309792 0.0
1092 0.03575806183419946 0.0
1093 0.03575887883004332 0.0
1094 0.0357595868981408 0.0
1095 0.035760186036335 0.0
1096 0.035760676242800826 0.0
1097 0.03576105751604504 0.0
1098 0.03576132985490622 0.0
1099 0.03576149325855476 0.0
1100 0.03576154772649291 0.0
1101 0.03576149325855476 0.0
1102 0.03576132985490622 0.0
1103 0.03576105751604504 0.0
1104 0.035760676242800826 0.0
1105 0.035760186036335 0.0
1106 0.0357595868981408 0.0
1107 0.03575887883004332 0.0
1108 0.03575806183419946 0.0
1109 0.03575713591309792 0.0
1110 0.035756101069559225 0.0
1111 0.035754957306735675 0.0
1112 0.035753704628111393 0.0
1113 0.035752343037502236 0.0
1114 0.035750872539055845 0.0
1115 0.03574929313725163 0.0
1116 0.035747604836900704 0.0
1117 0.03574580764314593 0.0
1118 0.03574390156146188 0.0
1119 0.035741886597654794 0.0
1120 0.035739762757862614 0.0
1121 0.03573753004855492 0.0
1122 0.035735188476532925 0.0
1123 0.03573273804892948 0.0
1124 0.03573017877320899 0.0
1125 0.03572751065716748 0.0
1126 0.03572473370893246 0.0
1127 0.03572184793696303 0.0
1128 0.03571885335004973 0.0
1129 0.0357157499573146 0.0
1130 0.0357125377682111 0.0
1131 0.03570921679252414 0.0
1132 0.03570578704036997 0.0
1133 0.03570224852219621 0.0
1134 0.035698601248781804 0.0
1135 0.03569484523123698 0.0
1136 0.035690980481003214 0.0
1137 0.035687007009853215 0.0
1138 0.03568292482989085 0.0
1139 0.03567873395355116 0.0
1140 0.035674434393600275 0.0
1141 0.03567002616313541 0.0
1142 0.03566550927558479 0.0
1143 0.03566088374470763 0.0
1144 0.03565614958459412 0.0
1145 0.035651306809665315 0.0
1146 0.035646355434673156 0.0
1147 0.035641295474700393 0.0
1148 0.03563612694516054 0.0
1149 0.03563084986179781 0.0
1150 0.03562546424068715 0.0
1151 0.03561997009823408 0.0
1152 0.03561436745117472 0.0
1153 0.035608656316575685 0.0
1154 0.03560283671183409 0.0
1155 0.035596908654677475 0.0
1156 0.03559087216316371 0.0
1157 0.035584727255681 0.0
1158 0.035578473950947806 0.0
1159 0.035572112268012775 0.0
1160 0.0355656422262547 0.0
1161 0.03555906384538244 0.0
1162 0.03555237714543489 0.0
1163 0.035545582146780906 0.0
1164 0.03553867887011922 0.0
1165 0.03553166733647841 0.0
1166 0.03552454756721683 0.0
1167 0.03551731958402254 0.0
1168 0.035509983408913204 0.0
1169 0.03550253906423611 0.0
1170 0.03549498657266801 0.0
1171 0.035487325957215106 0.0
1172 0.035479557241212954 0.0
1173 0.03547168044832643 0.0
1174 0.03546369560254959 0.0
1175 0.03545560272820567 0.0
1176 0.03544740184994696 0.0
1177 0.03543909299275477 0.0
1178 0.03543067618193932 0.0
1179 0.03542215144313966 0.0
1180 0.03541351880232363 0.0
1181 0.03540477828578775 0.0
1182 0.035395929920157165 0.0
1183 0.03538697373238551 0.0
1184 0.035377909749754896 0.0
1185 0.035368737999875784 0.0
1186 0.03535945851068691 0.0
1187 0.03535007131045522 0.0
1188 0.03534057642777574 0.0
1189 0.03533097389157154 0.0
1190 0.0353212637310936 0.0
1191 0.035311445975920765 0.0
1192 0.035301520655959616 0.0
1193 0.03529148780144439 0.0
1194 0.035281347442936914 0.0
1195 0.035271099611326476 0.0
1196 0.03526074433782974 0.0
1197 0.03525028165399067 0.0
1198 0.03523971159168042 0.0
1199 0.03522903418309722 0.0
1200 0.03521824946076632 0.0
1201 0.03520735745753986 0.0
1202 0.03519635820659676 0.0
1203 0.03518525174144264 0.0
1204 0.03517403809590973 0.0
1205 0.03516271730415674 0.0
1206 0.03515128940066876 0.0
1207 0.035139754420257165 0.0
1208 0.035128112398059505 0.0
1209 0.03511636336953941 0.0
1210 0.03510450737048645 0.0
1211 0.03509254443701605 0.0
1212 0.03508047460556939 0.0
1213 0.03506829791291325 0.0
1214 0.03505601439613997 0.0
1215 0.035043624092667265 0.0
1216 0.03503112704023815 0.0
1217 0.03501852327692081 0.0
1218 0.03500581284110849 0.0
1219 0.03499299577151939 0.0
1220 0.03498007210719652 0.0
1221 0.03496704188750761 0.0
1222 0.03495390515214497 0.0
1223 0.03494066194112536 0.0
1224 0.03492731229478992 0.0
1225 0.034913856253803964 0.0
1226 0.03490029385915694 0.0
1227 0.034886625152162246 0.0
1228 0.03487285017445715 0.0
1229 0.034858968968002606 0.0
1230 0.03484498157508318 0.0
1231 0.034830888038306904 0.0
1232 0.03481668840060513 0.0
1233 0.034802382705232414 0.0
1234 0.034787970995766394 0.0
1235 0.03477345331610763 0.0
1236 0.034758829710479486 0.0
1237 0.03474410022342801 0.0
1238 0.034729264899821775 0.0
1239 0.034714323784851744 0.0
1240 0.03469927692403115 0.0
1241 0.03468412436319533 0.0
1242 0.03466886614850163 0.0
1243 0.0346535023264292 0.0
1244 0.034638032943778915 0.0
1245 0.034622458047673194 0.0
1246 0.03460677768555588 0.0
1247 0.03459099190519207 0.0
1248 0.03457510075466798 0.0
1249 0.03455910428239082 0.0
1250 0.03454300253708862 0.0
1251 0.03452679556781008 0.0
1252 0.03451048342392445 0.0
1253 0.03449406615512134 0.0
1254 0.034477543811410605 0.0
1255 0.034460916443122165 0.0
1256 0.03444418410090587 0.0
1257 0.034427346835731336 0.0
1258 0.034410404698887787 0.0
1259 0.03439335774198391 0.0
1260 0.03437620601694771 0.0
1261 0.03435894957602629 0.0
1262 0.03434158847178578 0.0
1263 0.034324122757111115 0.0
1264 0.03430655248520587 0.0
1265 0.034288877709592165 0.0
1266 0.03427109848411042 0.0
1267 0.03425321486291925 0.0
1268 0.034235226900495234 0.0
1269 0.03421713465163286 0.0
1270 0.03419893817144425 0.0
1271 0.03418063751535903 0.0
1272 0.03416223273912417 0.0
1273 0.034143723898803824 0.0
1274 0.03412511105077911 0.0
1275 0.03410639425174801 0.0
1276 0.034087573558725125 0.0
1277 0.03406864902904156 0.0
1278 0.03404962072034471 0.0
1279 0.0340304886905981 0.0
1280 0.03401125299808122 0.0
1281 0.03399191370138932 0.0
1282 0.033972470859433244 0.0
1283 0.03395292453143928 0.0
1284 0.03393327477694891 0.0
1285 0.03391352165581871 0.0
1286 0.0338936652282201 0.0
1287 0.03387370555463922 0.0
1288 0.03385364269587668 0.0
1289 0.033833476713047435 0.0
1290 0.033813207667580565 0.0
1291 0.0337928356212191 0.0
1292 0.03377236063601982 0.0
1293 0.03375178277435309 0.0
1294 0.033731102098902635 0.0
1295 0.033710318672665385 0.0
1296 0.03368943255895125 0.0
1297 0.03366844382138298 0.0
1298 0.03364735252389588 0.0
1299 0.03362615873073773 0.0
1300 0.03360486250646847 0.0
1301 0.03358346391596011 0.0
1302 0.03356196302439646 0.0
1303 0.03354035989727297 0.0
1304 0.033518654600396505 0.0
1305 0.033496847199885174 0.0
1306 0.03347493776216809 0.0
1307 0.03345292635398521 0.0
1308 0.03343081304238709 0.0
1309 0.033408597894734715 0.0
1310 0.033386280978699286 0.0
1311 0.033363862362262 0.0
1312 0.03334134211371383 0.0
1313 0.03331872030165538 0.0
1314 0.0332959969949966 0.0
1315 0.03327317226295663 0.0
1316 0.033250246175063565 0.0
1317 0.033227218801154236 0.0
1318 0.03320409021137403 0.0
1319 0.03318086047617662 0.0
1320 0.033157529666323834 0.0
1321 0.03313409785288535 0.0
1322 0.03311056510723853 0.0
1323 0.03308693150106821 0.0
1324 0.03306319710636645 0.0
1325 0.033039361995432344 0.0
1326 0.033015426240871754 0.0
1327 0.03299138991559715 0.0
1328 0.03296725309282733 0.0
1329 0.03294301584608727 0.0
1330 0.03291867824920781 0.0
1331 0.0328942403763255 0.0
1332 0.03286970230188232 0.0
1333 0.03284506410062552 0.0
1334 0.032820325847607336 0.0
1335 0.03279548761818475 0.0
1336 0.03277054948801935 0.0
1337 0.03274551153307698 0.0
1338 0.03272037382962761 0.0
1339 0.03269513645424504 0.0
1340 0.03266979948380668 0.0
1341 0.03264436299549336 0.0
1342 0.032618827066789 0.0
1343 0.0325931917754805 0.0
1344 0.03256745719965739 0.0
1345 0.03254162341771165 0.0
1346 0.03251569050833746 0.0
1347 0.03248965855053095 0.0
1348 0.032463527623590005 0.0
1349 0.03243729780711394 0.0
1350 0.032410969181003335 0.0
1351 0.03238454182545973 0.0
1352 0.032358015820985464 0.0
1353 0.03233139124838332 0.0
1354 0.03230466818875639 0.0
1355 0.03227784672350771 0.0
1356 0.03225092693434015 0.0
1357 0.03222390890325605 0.0
1358 0.03219679271255701 0.0
1359 0.032169578444843645 0.0
1360 0.03214226618301534 0.0
1361 0.03211485601026998 0.0
1362 0.03208734801010372 0.0
1363 0.03205974226631068 0.0
1364 0.03203203886298275 0.0
1365 0.03200423788450928 0.0
1366 0.03197633941557691 0.0
1367 0.0319483435411692 0.0
1368 0.031920250346566426 0.0
1369 0.03189205991734534 0.0
1370 0.03186377233937888 0.0
1371 0.03183538769883591 0.0
1372 0.03180690608218097 0.0
1373 0.03177832757617401 0.0
1374 0.031749652267870104 0.0
1375 0.03172088024461922 0.0
1376 0.031692011594065934 0.0
1377 0.03166304640414915 0.0
1378 0.03163398476310187 0.0
1379 0.031604826759450894 0.0
1380 0.031575572482016555 0.0
1381 0.031546222019912445 0.0
1382 0.03151677546254518 0.0
1383 0.03148723289961407 0.0
1384 0.03145759442111088 0.0
1385 0.03142786011731957 0.0
1386 0.03139803007881598 0.0
1387 0.031368104396467575 0.0
1388 0.031338083161433175 0.0
1389 0.03130796646516268 0.0
1390 0.03127775439939676 0.0
1391 0.031247447056166604 0.0
1392 0.031217044527793628 0.0
1393 0.031186546906889226 0.0
1394 0.031155954286354436 0.0
1395 0.031125266759379676 0.0
1396 0.031094484419444485 0.0
1397 0.031063607360317193 0.0
1398 0.031032635676054694 0.0
1399 0.031001569461002104 0.0
1400 0.030970408809792502 0.0
1401 0.030939153817346625 0.0
1402 0.030907804578872617 0.0
1403 0.030876361189865694 0.0
1404 0.030844823746107863 0.0
1405 0.03081319234366765 0.0
1406 0.030781467078899782 0.0
1407 0.030749648048444937 0.0
1408 0.03071773534922939 0.0
1409 0.03068572907846476 0.0
1410 0.03065362933364769 0.0
1411 0.03062143621255958 0.0
1412 0.03058914981326626 0.0
1413 0.030556770234117698 0.0
1414 0.030524297573747708 0.0
1415 0.030491731931073632 0.0
1416 0.030459073405296085 0.0
1417 0.030426322095898597 0.0
1418 0.03039347810264732 0.0
1419 0.030360541525590777 0.0
1420 0.03032751246505948 0.0
1421 0.03029439102166567 0.0
1422 0.030261177296303027 0.0
1423 0.030227871390146304 0.0
1424 0.03019447340465106 0.0
1425 0.03016098344155337 0.0
1426 0.030127401602869457 0.0
1427 0.030093727990895436 0.0
1428 0.03005996270820696 0.0
1429 0.030026105857658927 0.0
1430 0.029992157542385194 0.0
1431 0.029958117865798214 0.0
1432 0.029923986931588736 0.0
1433 0.029889764843725502 0.0
1434 0.02985545170645494 0.0
1435 0.029821047624300812 0.0
1436 0.029786552702063915 0.0
1437 0.02975196704482177 0.0
1438 0.029717290757928273 0.0
1439 0.02968252394701343 0.0
1440 0.029647666717982954 0.0
1441 0.029612719177018028 0.0
1442 0.029577681430574917 0.0
1443 0.029542553585384657 0.0
1444 0.02950733574845278 0.0
1445 0.02947202802705892 0.0
1446 0.02943663052875651 0.0
1447 0.029401143361372464 0.0
1448 0.029365566633006872 0.0
1449 0.029329900452032598 0.0
1450 0.029294144927095023 0.0
1451 0.029258300167111676 0.0
1452 0.0292223662812719 0.0
1453 0.029186343379036566 0.0
1454 0.029150231570137665 0.0
1455 0.029114030964578028 0.0
1456 0.02907774167263099 0.0
1457 0.029041363804840025 0.0
1458 0.02900489747201841 0.0
1459 0.028968342785248943 0.0
1460 0.028931699855883532 0.0
1461 0.02889496879554288 0.0
1462 0.028858149716116187 0.0
1463 0.028821242729760745 0.0
1464 0.02878424794890164 0.0
1465 0.02874716548623138 0.0
1466 0.028709995454709578 0.0
1467 0.02867273796756261 0.0
1468 0.028635393138283234 0.0
1469 0.02859796108063028 0.0
1470 0.02856044190862827 0.0
1471 0.028522835736567134 0.0
1472 0.028485142679001787 0.0
1473 0.02844736285075181 0.0
1474 0.02840949636690112 0.0
1475 0.028371543342797578 0.0
1476 0.0283335038940527 0.0
1477 0.028295378136541236 0.0
1478 0.028257166186400853 0.0
1479 0.02821886816003177 0.0
1480 0.028180484174096437 0.0
1481 0.028142014345519113 0.0
1482 0.028103458791485583 0.0
1483 0.02806481762944274 0.0
1484 0.028026090977098257 0.0
1485 0.027987278952420255 0.0
1486 0.02794838167363688 0.0
1487 0.027909399259235988 0.0
1488 0.02787033182796478 0.0
1489 0.027831179498829413 0.0
1490 0.02779194239109469 0.0
1491 0.027752620624283637 0.0
1492 0.02771321431817717 0.0
1493 0.027673723592813736 0.0
1494 0.02763414856848894 0.0
1495 0.027594489365755155 0.0
1496 0.027554746105421208 0.0
1497 0.027514918908551952 0.0
1498 0.027475007896467927 0.0
1499 0.027435013190745015 0.0
1500 0.027394934913214018 0.0
1501 0.02735477318596032 0.0
1502 0.0273145281313235 0.0
1503 0.027274199871896984 0.0
1504 0.027233788530527644 0.0
1505 0.027193294230315437 0.0
1506 0.02715271709461301 0.0
1507 0.02711205724702536 0.0
1508 0.027071314811409446 0.0
1509 0.027030489911873783 0.0
1510 0.026989582672778095 0.0
1511 0.026948593218732924 0.0
1512 0.026907521674599262 0.0
1513 0.02686636816548816 0.0
1514 0.02682513281676033 0.0
1515 0.026783815754025806 0.0
1516 0.026742417103143512 0.0
1517 0.026700936990220938 0.0
1518 0.026659375541613694 0.0
1519 0.026617732883925157 0.0
1520 0.02657600914400609 0.0
1521 0.026534204448954223 0.0
1522 0.026492318926113933 0.0
1523 0.02645035270307577 0.0
1524 0.026408305907676132 0.0
1525 0.026366178667996842 0.0
1526 0.026323971112364793 0.0
1527 0.02628168336935151 0.0
1528 0.0262393155677728 0.0
1529 0.02619686783668831 0.0
1530 0.026154340305401223 0.0
1531 0.02611173310345776 0.0
1532 0.026069046360646834 0.0
1533 0.026026280206999694 0.0
1534 0.02598343477278944 0.0
1535 0.025940510188530698 0.0
1536 0.025897506584979205 0.0
1537 0.02585442409313139 0.0
1538 0.025811262844223994 0.0
1539 0.025768022969733656 0.0
1540 0.025724704601376554 0.0
1541 0.025681307871107936 0.0
1542 0.025637832911121778 0.0
1543 0.025594279853850335 0.0
1544 0.025550648831963774 0.0
1545 0.02550693997836977 0.0
1546 0.02546315342621306 0.0
1547 0.025419289308875076 0.0
1548 0.025375347759973518 0.0
1549 0.02533132891336198 0.0
1550 0.0252872329031295 0.0
1551 0.02524305986360017 0.0
1552 0.025198809929332728 0.0
1553 0.025154483235120133 0.0
1554 0.025110079915989212 0.0
1555 0.025065600107200155 0.0
1556 0.025021043944246188 0.0
1557 0.024976411562853084 0.0
1558 0.024931703098978852 0.0
1559 0.024886918688813205 0.0
1560 0.024842058468777233 0.0
1561 0.02479712257552294 0.0
1562 0.024752111145932836 0.0
1563 0.024707024317119568 0.0
1564 0.02466186222642543 0.0
1565 0.02461662501142197 0.0
1566 0.024571312809909592 0.0
1567 0.02452592575991713 0.0
1568 0.024480463999701406 0.0
1569 0.024434927667746815 0.0
1570 0.02438931690276494 0.0
1571 0.02434363184369407 0.0
1572 0.024297872629698812 0.0
1573 0.02425203940016968 0.0
1574 0.02420613229472264 0.0
1575 0.02416015145319869 0.0
1576 0.024114097015663444 0.0
1577 0.024067969122406715 0.0
1578 0.024021767913942057 0.0
1579 0.023975493531006375 0.0
1580 0.023929146114559444 0.0
1581 0.02388272580578356 0.0
1582 0.023836232746083014 0.0
1583 0.023789667077083736 0.0
1584 0.023743028940632824 0.0
1585 0.023696318478798127 0.0
1586 0.023649535833867828 0.0
1587 0.02360268114834997 0.0
1588 0.02355575456497205 0.0
1589 0.023508756226680572 0.0
1590 0.023461686276640623 0.0
1591 0.023414544858235454 0.0
1592 0.023367332115065986 0.0
1593 0.023320048190950425 0.0
1594 0.023272693229923796 0.0
1595 0.023225267376237542 0.0
1596 0.023177770774359025 0.0
1597 0.023130203568971136 0.0
1598 0.023082565904971826 0.0
1599 0.023034857927473677 0.0
1600 0.02298707978180348 0.0
1601 0.022939231613501743 0.0
1602 0.02289131356832228 0.0
1603 0.022843325792231764 0.0
1604 0.0227952684314093 0.0
1605 0.022747141632245935 0.0
1606 0.02269894554134423 0.0
1607 0.022650680305517864 0.0
1608 0.022602346071791103 0.0
1609 0.022553942987398393 0.0
1610 0.022505471199783942 0.0
1611 0.022456930856601217 0.0
1612 0.02240832210571251 0.0
1613 0.022359645095188525 0.0
1614 0.02231089997330786 0.0
1615 0.022262086888556628 0.0
1616 0.022213205989627935 0.0
1617 0.02216425742542147 0.0
1618 0.022115241345043068 0.0
1619 0.022066157897804205 0.0
1620 0.022017007233221572 0.0
1621 0.02196778950101661 0.0
1622 0.021918504851115066 0.0
1623 0.021869153433646548 0.0
1624 0.021819735398944027 0.0
1625 0.0217702508975434 0.0
1626 0.021720700080183022 0.0
1627 0.021671083097803315 0.0
1628 0.02162140010154619 0.0
1629 0.021571651242754675 0.0
1630 0.021521836672972423 0.0
1631 0.02147195654394323 0.0
1632 0.021422011007610656 0.0
1633 0.021372000216117445 0.0
1634 0.021321924321805148 0.0
1635 0.021271783477213608 0.0
1636 0.021221577835080555 0.0
1637 0.021171307548341074 0.0
1638 0.02112097277012718 0.0
1639 0.021070573653767327 0.0
1640 0.02102011035278596 0.0
1641 0.020969583020903064 0.0
1642 0.020918991812033643 0.0
1643 0.020868336880287282 0.0
1644 0.02081761837996772 0.0
1645 0.020766836465572275 0.0
1646 0.020715991291791473 0.0
1647 0.02066508301350854 0.0
1648 0.020614111785798916 0.0
1649 0.020563077763929783 0.0
1650 0.020511981103359653 0.0
1651 0.0204608219597378 0.0
1652 0.020409600488903848 0.0
1653 0.02035831684688728 0.0
1654 0.020306971189906948 0.0
1655 0.02025556367437066 0.0
1656 0.020204094456874606 0.0
1657 0.020152563694202947 0.0
1658 0.020100971543327312 0.0
1659 0.02004931816140637 0.0
1660 0.01999760370578526 0.0
1661 0.019945828333995184 0.0
1662 0.01989399220375291 0.0
1663 0.01984209547296026 0.0
1664 0.0197901382997037 0.0
1665 0.01973812084225379 0.0
1666 0.019686043259064718 0.0
1667 0.01963390570877383 0.0
1668 0.019581708350201142 0.0
1669 0.01952945134234888 0.0
1670 0.01947713484440094 0.0
1671 0.019424759015722458 0.0
1672 0.019372324015859258 0.0
1673 0.01931983000453749 0.0
1674 0.019267277141662993 0.0
1675 0.0192146655873209 0.0
1676 0.019161995501775133 0.0
1677 0.019109267045467896 0.0
1678 0.01905648037901923 0.0
1679 0.019003635663226468 0.0
1680 0.018950733059063765 0.0
1681 0.018897772727681658 0.0
1682 0.018844754830406478 0.0
1683 0.018791679528739932 0.0
1684 0.01873854698435861 0.0
1685 0.018685357359113454 0.0
1686 0.018632110815029263 0.0
1687 0.018578807514304282 0.0
1688 0.018525447619309587 0.0
1689 0.018472031292588675 0.0
1690 0.018418558696856942 0.0
1691 0.018365029995001173 0.0
1692 0.018311445350079104 0.0
1693 0.01825780492531884 0.0
1694 0.018204108884118428 0.0
1695 0.0181503573900453 0.0
1696 0.018096550606835855 0.0
1697 0.018042688698394878 0.0
1698 0.017988771828795075 0.0
1699 0.017934800162276585 0.0
1700 0.017880773863246453 0.0
1701 0.017826693096278184 0.0
1702 0.017772558026111152 0.0
1703 0.01771836881765018 0.0
1704 0.01766412563596497 0.0
1705 0.017609828646289693 0.0
1706 0.017555478014022383 0.0
1707 0.01750107390472449 0.0
1708 0.017446616484120363 0.0
1709 0.017392105918096746 0.0
1710 0.01733754237270229 0.0
1711 0.017282926014147014 0.0
1712 0.017228257008801814 0.0
1713 0.01717353552319796 0.0
1714 0.017118761724026578 0.0
1715 0.017063935778138185 0.0
1716 0.0170090578525421 0.0
1717 0.016954128114405997 0.0
1718 0.016899146731055407 0.0
1719 0.01684411386997315 0.0
1720 0.016789029698798842 0.0
1721 0.01673389438532846 0.0
1722 0.016678708097513706 0.0
1723 0.01662347100346158 0.0
1724 0.01656818327143387 0.0
1725 0.01651284506984658 0.0
1726 0.01645745656726948 0.0
1727 0.016402017932425534 0.0
1728 0.016346529334190462 0.0
1729 0.016290990941592153 0.0
1730 0.016235402923810174 0.0
1731 0.01617976545017527 0.0
1732 0.016124078690168825 0.0
1733 0.016068342813422388 0.0
1734 0.016012557989717097 0.0
1735 0.0159567243889832 0.0
1736 0.01590084218129951 0.0
1737 0.01584491153689295 0.0
1738 0.015788932626137953 0.0
1739 0.015732905619555988 0.0
1740 0.015676830687815033 0.0
1741 0.01562070800172904 0.0
1742 0.015564537732257471 0.0
1743 0.015508320050504698 0.0
1744 0.015452055127719527 0.0
1745 0.015395743135294671 0.0
1746 0.015339384244766207 0.0
1747 0.015282978627813125 0.0
1748 0.015226526456256695 0.0
1749 0.015170027902060026 0.0
1750 0.015113483137327499 0.0
1751 0.015056892334304298 0.0
1752 0.015000255665375812 0.0
1753 0.014943573303067156 0.0
1754 0.01488684542004262 0.0
1755 0.014830072189105203 0.0
1756 0.014773253783196 0.0
1757 0.014716390375393714 0.0
1758 0.014659482138914175 0.0
1759 0.014602529247109725 0.0
1760 0.014545531873468735 0.0
1761 0.014488490191615121 0.0
1762 0.014431404375307723 0.0
1763 0.014374274598439837 0.0
1764 0.014317101035038656 0.0
1765 0.014259883859264801 0.0
1766 0.014202623245411695 0.0
1767 0.014145319367905099 0.0
1768 0.014087972401302561 0.0
1769 0.014030582520292876 0.0
1770 0.013973149899695598 0.0
1771 0.013915674714460438 0.0
1772 0.013858157139666778 0.0
1773 0.01380059735052311 0.0
1774 0.013742995522366566 0.0
1775 0.013685351830662284 0.0
1776 0.01362766645100295 0.0
1777 0.013569939559108235 0.0
1778 0.013512171330824246 0.0
1779 0.013454361942123055 0.0
1780 0.01339651156910207 0.0
1781 0.013338620387983563 0.0
1782 0.013280688575114092 0.0
1783 0.01322271630696404 0.0
1784 0.013164703760126972 0.0
1785 0.013106651111319168 0.0
1786 0.013048558537379061 0.0
1787 0.012990426215266694 0.0
1788 0.012932254322063231 0.0
1789 0.012874043034970332 0.0
1790 0.012815792531309673 0.0
1791 0.012757502988522374 0.0
1792 0.012699174584168523 0.0
1793 0.01264080749592654 0.0
1794 0.01258240190159268 0.0
1795 0.012523957979080548 0.0
1796 0.012465475906420446 0.0
1797 0.012406955861758901 0.0
1798 0.012348398023358142 0.0
1799 0.01228980256959549 0.0
1800 0.012231169678962853 0.0
1801 0.012172499530066177 0.0
1802 0.012113792301624935 0.0
1803 0.012055048172471513 0.0
1804 0.011996267321550715 0.0
1805 0.011937449927919194 0.0
1806 0.01187859617074496 0.0
1807 0.011819706229306748 0.0
1808 0.011760780282993535 0.0
1809 0.011701818511303969 0.0
1810 0.011642821093845821 0.0
1811 0.011583788210335486 0.0
1812 0.011524720040597345 0.0
1813 0.011465616764563293 0.0
1814 0.011406478562272155 0.0
1815 0.011347305613869138 0.0
1816 0.011288098099605333 0.0
1817 0.011228856199837083 0.0
1818 0.01116958009502549 0.0
1819 0.01111026996573583 0.0
1820 0.011050925992637076 0.0
1821 0.010991548356501249 0.0
1822 0.01093213723820292 0.0
1823 0.010872692818718664 0.0
1824 0.010813215279126473 0.0
1825 0.01075370480060528 0.0
1826 0.010694161564434307 0.0
1827 0.010634585751992576 0.0
1828 0.010574977544758333 0.0
1829 0.010515337124308544 0.0
1830 0.010455664672318255 0.0
1831 0.010395960370560087 0.0
1832 0.010336224400903732 0.0
1833 0.010276456945315296 0.0
1834 0.0102166581858568 0.0
1835 0.010156828304685664 0.0
1836 0.010096967484054068 0.0
1837 0.010037075906308437 0.0
1838 0.009977153753888936 0.0
1839 0.009917201209328817 0.0
1840 0.009857218455253926 0.0
1841 0.009797205674382138 0.0
1842 0.009737163049522775 0.0
1843 0.009677090763576113 0.0
1844 0.00961698899953274 0.0
1845 0.00955685794047305 0.0
1846 0.009496697769566681 0.0
1847 0.009436508670071928 0.0
1848 0.009376290825335261 0.0
1849 0.009316044418790661 0.0
1850 0.009255769633959127 0.0
1851 0.009195466654448096 0.0
1852 0.00913513566395093 0.0
1853 0.009074776846246276 0.0
1854 0.009014390385197557 0.0
1855 0.008953976464752409 0.0
1856 0.008893535268942094 0.0
1857 0.008833066981881006 0.0
1858 0.008772571787766019 0.0
1859 0.008712049870875989 0.0
1860 0.008651501415571153 0.0
1861 0.008590926606292638 0.0
1862 0.008530325627561801 0.0
1863 0.008469698663979734 0.0
1864 0.008409045900226684 0.0
1865 0.008348367521061469 0.0
1866 0.008287663711320989 0.0
1867 0.008226934655919558 0.0
1868 0.008166180539848399 0.0
1869 0.008105401548175113 0.0
1870 0.008044597866043036 0.0
1871 0.007983769678670712 0.0
1872 0.00792291717135138 0.0
1873 0.007862040529452316 0.0
1874 0.007801139938414313 0.0
1875 0.007740215583751162 0.0
1876 0.0076792676510489995 0.0
1877 0.007618296325965799 0.0
1878 0.0075573017942307886 0.0
1879 0.007496284241643875 0.0
1880 0.007435243854075138 0.0
1881 0.007374180817464166 0.0
1882 0.00731309531781956 0.0
1883 0.00725198754121833 0.0
1884 0.007190857673805392 0.0
1885 0.007129705901792908 0.0
1886 0.007068532411459781 0.0
1887 0.0070073373891510705 0.0
1888 0.0069461210212774125 0.0
1889 0.006884883494314512 0.0
1890 0.006823624994802479 0.0
1891 0.006762345709345327 0.0
1892 0.006701045824610388 0.0
1893 0.006639725527327724 0.0
1894 0.0065783850042896285 0.0
1895 0.006517024442349957 0.0
1896 0.00645564402842362 0.0
1897 0.00639424394948599 0.0
1898 0.006332824392572387 0.0
1899 0.006271385544777416 0.0
1900 0.0062099275932544626 0.0
1901 0.006148450725215107 0.0
1902 0.006086955127928534 0.0
1903 0.006025440988721029 0.0
1904 0.005963908494975312 0.0
1905 0.0059023578341300155 0.0
1906 0.005840789193679158 0.0
1907 0.005779202761171481 0.0
1908 0.00571759872420992 0.0
1909 0.00565597727045109 0.0
1910 0.005594338587604607 0.0
1911 0.005532682863432575 0.0
1912 0.005471010285749054 0.0
1913 0.005409321042419395 0.0
1914 0.005347615321359731 0.0
1915 0.00528589331053639 0.0
1916 0.005224155197965306 0.0
1917 0.0051624011717115075 0.0
1918 0.005100631419888452 0.0
1919 0.0050388461306575165 0.0
1920 0.004977045492227393 0.0
1921 0.004915229692853572 0.0
1922 0.004853398920837685 0.0
1923 0.004791553364526986 0.0
1924 0.004729693212313767 0.0
1925 0.004667818652634762 0.0
1926 0.0046059298739706414 0.0
1927 0.0045440270648453435 0.0
1928 0.00448211041382556 0.0
1929 0.004420180109520132 0.0
1930 0.004358236340579538 0.0
1931 0.004296279295695225 0.0
1932 0.004234309163599098 0.0
1933 0.004172326133062925 0.0
1934 0.00411033039289775 0.0
1935 0.004048322131953381 0.0
1936 0.003986301539117721 0.0
1937 0.003924268803316249 0.0
1938 0.0038622241135114386 0.0
1939 0.0038001676587021567 0.0
1940 0.0037380996279231605 0.0
1941 0.0036760202102444186 0.0
1942 0.0036139295947705883 0.0
1943 0.0035518279706404842 0.0
1944 0.003489715527026407 0.0
1945 0.003427592453133616 0.0
1946 0.0033654589381997995 0.0
1947 0.003303315171494404 0.0
1948 0.003241161342318104 0.0
1949 0.0031789976400022745 0.0
1950 0.003116824253908317 0.0
1951 0.003054641373427148 0.0
1952 0.00299244918797859 0.0
1953 0.0029302478870108567 0.0
1954 0.0028680376599998824 0.0
1955 0.0028058186964488078 0.0
1956 0.002743591185887385 0.0
1957 0.0026813553178713888 0.0
1958 0.002619111281982097 0.0
1959 0.0025568592678256214 0.0
1960 0.0024945994650323947 0.0
1961 0.002432332063256556 0.0
1962 0.002370057252175442 0.0
1963 0.0023077752214889125 0.0
1964 0.002245486160918833 0.0
1965 0.0021831902602084848 0.0
1966 0.002120887709121969 0.0
1967 0.0020585786974436932 0.0
1968 0.001996263414977697 0.0
1969 0.0019339420515471371 0.0
1970 0.0018716147969936956 0.0
1971 0.001809281841176982 0.0
1972 0.0017469433739740223 0.0
1973 0.0016845995852785825 0.0
1974 0.001622250665000655 0.0
1975 0.0015598968030658478 0.0
1976 0.00149753818941487 0.0
1977 0.0014351750140028572 0.0
1978 0.0013728074667988567 0.0
1979 0.0013104357377852183 0.0
1980 0.0012480600169570766 0.0
1981 0.0011856804943216788 0.0
1982 0.0011232973598978534 0.0
1983 0.0010609108037154783 0.0
1984 0.0009985210158148068 0.0
1985 0.0009361281862459374 0.0
1986 0.0008737325050682808 0.0
1987 0.0008113341623498869 0.0
1988 0.0007489333481669294 0.0
1989 0.000686530252603094 0.0
1990 0.0006241250657490639 0.0
1991 0.0005617179777018447 0.0
1992 0.0004993091785642496 0.0
1993 0.0004368988584443043 0.0
1994 0.00037448720745465134 0.0
1995 0.00031207441571203497 0.0
1996 0.0002496606733366269 0.0
1997 0.00018724617045151062 0.0
1998 0.00012483109718207014 0.0
1999 6.241564365547475e-05 0.0
2000 0.0 0.0
2001 0.0 0.0
2002 0.0 0.0
2003 0.0 0.0
2004 0.0 0.0
2005 0.0 0.0
2006 0.0 0.0
2007 0.0 0.0
2008 0.0 0.0
2009 0.0 0.0
2010 0.0 0.0
2011 0.0 0.0
2012 0.0 0.0
2013 0.0 0.0
2014 0.0 0.0
2015 0.0 0.0
2016 0.0 0.0
2017 0.0 0.0
2018 0.0 0.0
2019 0.0 0.0
2020 0.0 0.0
2021 0.0 0.0
2022 0.0 0.0
2023 0.0 0.0
2024 0.0 0.0
2025 0.0 0.0
2026 0.0 0.0
2027 0.0 0.0
2028 0.0 0.0
2029 0.0 0.0
2030 0.0 0.0
2031 0.0 0.0
2032 0.0 0.0
2033 0.0 0.0
2034 0.0 0.0
2035 0.0 0.0
2036 0.0 0.0
2037 0.0 0.0
2038 0.0 0.0
2039 0.0 0.0
2040 0.0 0.0
2041 0.0 0.0
2042 0.0 0.0
2043 0.0 0.0
2044 0.0 0.0
2045 0.0 0.0
2046 0.0 0.0
2047 0.0 0.0
2048 0.0 0.0
2049 0.0 0.0
2050 0.0 0.0
2051 0.0 0.0
2052 0.0 0.0
2053 0.0 0.0
2054 0.0 0.0
2055 0.0 0.0
2056 0.0 0.0
2057 0.0 0.0
2058 0.0 0.0
2059 0.0 0.0
2060 0.0 0.0
2061 0.0 0.0
2062 0.0 0.0
2063 0.0 0.0
2064 0.0 0.0
2065 0.0 0.0
2066 0.0 0.0
2067 0.0 0.0
2068 0.0 0.0
2069 0.0 0.0
2070 0.0 0.0
2071 0.0 0.0
2072 0.0 0.0
2073 0.0 0.0
2074 0.0 0.0
2075 0.0 0.0
2076 0.0 0.0
2077 0.0 0.0
2078 0.0 0.0
2079 0.0 0.0
2080 0.0 0.0
2081 0.0 0.0
2082 0.0 0.0
2083 0.0 0.0
2084 0.0 0.0
2085 0.0 0.0
2086 0.0 0.0
2087 0.0 0.0
2088 0.0 0.0
2089 0.0 0.0
2090 0.0 0.0
2091 0.0 0.0
2092 0.0 0.0
2093 0.0 0.0
2094 0.0 0.0
2095 0.0 0.0
2096 0.0 0.0
2097 0.0 0.0
2098 0.0 0.0
2099 0.0 0.0
2100 0.0 0.0
2101 0.0 0.0
2102 0.0 0.0
2103 0.0 0.0
2104 0.0 0.0
2105 0.0 0.0
2106 0.0 0.0
2107 0.0 0.0
2108 0.0 0.0
2109 0.0 0.0
2110 0.0 0.0
2111 0.0 0.0
2112 0.0 0.0
2113 0.0 0.0
2114 0.0 0.0
2115 0.0 0.0
2116 0.0 0.0
2117 0.0 0.0
2118 0.0 0.0
2119 0.0 0.0
2120 0.0 0.0
2121 0.0 0.0
2122 0.0 0.0
2123 0.0 0.0
2124 0.0 0.0
2125 0.0 0.0
2126 0.0 0.0
2127 0.0 0.0
2128 0.0 0.0
2129 0.0 0.0
2130 0.0 0.0
2131 0.0 0.0
2132 0.0 0.0
2133 0.0 0.0
2134 0.0 0.0
2135 0.0 0.0
2136 0.0 0.0
2137 0.0 0.0
2138 0.0 0.0
2139 0.0 0.0
2140 0.0 0.0
2141 0.0 0.0
2142 0.0 0.0
2143 0.0 0.0
2144 0.0 0.0
2145 0.0 0.0
2146 0.0 0.0
2147 0.0 0.0
2148 0.0 0.0
2149 0.0 0.0
2150 0.0 0.0
2151 0.0 0.0
2152 0.0 0.0
2153 0.0 0.0
2154 0.0 0.0
2155 0.0 0.0
2156 0.0 0.0
2157 0.0 0.0
2158 0.0 0.0
2159 0.0 0.0
2160 0.0 0.0
2161 0.0 0.0
2162 0.0 0.0
2163 0.0 0.0
2164 0.0 0.0
2165 0.0 0.0
2166 0.0 0.0
2167 0.0 0.0
2168 0.0 0.0
2169 0.0 0.0
2170 0.0 0.0
2171 0.0 0.0
2172 0.0 0.0
2173 0.0 0.0
2174 0.0 0.0
2175 0.0 0.0
2176 0.0 0.0
2177 0.0 0.0
2178 0.0 0.0
2179 0.0 0.0
2180 0.0 0.0
2181 0.0 0.0
2182 0.0 0.0
2183 0.0 0.0
2184 0.0 0.0
2185 0.0 0.0
2186 0.0 0.0
2187 0.0 0.0
2188 0.0 0.0
2189 0.0 0.0
2190 0.0 0.0
2191 0.0 0.0
2192 0.0 0.0
2193 0.0 0.0
2194 0.0 0.0
2195 0.0 0.0
2196 0.0 0.0
2197 0.0 0.0
2198 0.0 0.0
2199 0.0 0.0