2200 0.000002100546602 1.0
2
0 0.0 0.0
1 0.0 0.0
2 0.0 0.0
3 0.0 0.0
4 0.0 0.0
5 0.0 0.0
6 0.0 0.0
7 0.0 0.0
8 0.0 0.0
9 0.0 0.0
10 0.0 0.0
11 0.0 0.0
12 0.0 0.0
13 0.0 0.0
14 0.0 0.0
15 0.0 0.0
16 0.0 0.0
17 0.0 0.0
18 0.0 0.0
19 0.0 0.0
20 0.0 0.0
21 0.0 0.0
22 0.0 0.0
23 0.0 0.0
24 0.0 0.0
25 0.0 0.0
26 0.0 0.0
27 0.0 0.0
28 0.0 0.0
29 0.0 0.0
30 0.0 0.0
31 0.0 0.0
32 0.0 0.0
33 0.0 0.0
34 0.0 0.0
35 0.0 0.0
36 0.0 0.0
37 0.0 0.0
38 0.0 0.0
39 0.0 0.0
40 0.0 0.0
41 0.0 0.0
42 0.0 0.0
43 0.0 0.0
44 0.0 0.0
45 0.0 0.0
46 0.0 0.0
47 0.0 0.0
48 0.0 0.0
49 0.0 0.0
50 0.0 0.0
51 0.0 0.0
52 0.0 0.0
53 0.0 0.0
54 0.0 0.0
55 0.0 0.0
56 0.0 0.0
57 0.0 0.0
58 0.0 0.0
59 0.0 0.0
60 0.0 0.0
61 0.0 0.0
62 0.0 0.0
63 0.0 0.0
64 0.0 0.0
65 0.0 0.0
66 0.0 0.0
67 0.0 0.0
68 0.0 0.0
69 0.0 0.0
70 0.0 0.0
71 0.0 0.0
72 0.0 0.0
73 0.0 0.0
74 0.0 0.0
75 0.0 0.0
76 0.0 0.0
77 0.0 0.0
78 0.0 0.0
79 0.0 0.0
80 0.0 0.0
81 0.0 0.0
82 0.0 0.0
83 0.0 0.0
84 0.0 0.0
85 0.0 0.0
86 0.0 0.0
87 0.0 0.0
88 0.0 0.0
89 0.0 0.0
90 0.0 0.0
91 0.0 0.0
92 0.0 0.0
93 0.0 0.0
94 0.0 0.0
95 0.0 0.0
96 0.0 0.0
97 0.0 0.0
98 0.0 0.0
99 0.0 0.0
100 0.0 0.0
101 0.0 0.0
102 0.0 0.0
103 0.0 0.0
104 0.0 0.0
105 0.0 0.0
106 0.0 0.0
107 0.0 0.0
108 0.0 0.0
109 0.0 0.0
110 0.0 0.0
111 0.0 0.0
112 0.0 0.0
113 0.0 0.0
114 0.0 0.0
115 0.0 0.0
116 0.0 0.0
117 0.0 0.0
118 0.0 0.0
119 0.0 0.0
120 0.0 0.0
121 0.0 0.0
122 0.0 0.0
123 0.0 0.0
124 0.0 0.0
125 0.0 0.0
126 0.0 0.0
127 0.0 0.0
128 0.0 0.0
129 0.0 0.0
130 0.0 0.0
131 0.0 0.0
132 0.0 0.0
133 0.0 0.0
134 0.0 0.0
135 0.0 0.0
136 0.0 0.0
137 0.0 0.0
138 0.0 0.0
139 0.0 0.0
140 0.0 0.0
141 0.0 0.0
142 0.0 0.0
143 0.0 0.0
144 0.0 0.0
145 0.0 0.0
146 0.0 0.0
147 0.0 0.0
148 0.0 0.0
149 0.0 0.0
150 0.0 0.0
151 0.0 0.0
152 0.0 0.0
153 0.0 0.0
154 0.0 0.0
155 0.0 0.0
156 0.0 0.0
157 0.0 0.0
158 0.0 0.0
159 0.0 0.0
160 0.0 0.0
161 0.0 0.0
162 0.0 0.0
163 0.0 0.0
164 0.0 0.0
165 0.0 0.0
166 0.0 0.0
167 0.0 0.0
168 0.0 0.0
169 0.0 0.0
170 0.0 0.0
171 0.0 0.0
172 0.0 0.0
173 0.0 0.0
174 0.0 0.0
175 0.0 0.0
176 0.0 0.0
177 0.0 0.0
178 0.0 0.0
179 0.0 0.0
180 0.0 0.0
181 0.0 0.0
182 0.0 0.0
183 0.0 0.0
184 0.0 0.0
185 0.0 0.0
186 0.0 0.0
187 0.0 0.0
188 0.0 0.0
189 0.0 0.0
190 0.0 0.0
191 0.0 0.0
192 0.0 0.0
193 0.0 0.0
194 0.0 0.0
195 0.0 0.0
196 0.0 0.0
197 0.0 0.0
198 0.0 0.0
199 0.0 0.0
200 0.0 0.0
201 -8.596540812526312e-06 0.0
202 -1.7193055438498457e-05 0.0
203 -2.5789517691442042e-05 0.0
204 -3.438590138504219e-05 0.0
205 -4.2982180333223366e-05 0.0
206 -5.1578328350229086e-05 0.0
207 -6.017431925070169e-05 0.0
208 -6.877012684976216e-05 0.0
209 -7.736572496308979e-05 0.0
210 -8.596108740700209e-05 0.0
211 -9.455618799853436e-05 0.0
212 -0.00010315100055551964 0.0
213 -0.00011174549889666826 0.0
214 -0.00012033965684164789 0.0
215 -0.00012893344821116287 0.0
216 -0.0001375268468270344 0.0
217 -0.00014611982651227992 0.0
218 -0.00015471236109119315 0.0
219 -0.00016330442438942353 0.0
220 -0.00017189599023405625 0.0
221 -0.0001804870324536917 0.0
222 -0.00018907752487852541 0.0
223 -0.00019766744134042767 0.0
224 -0.00020625675567302316 0.0
225 -0.0002148454417117709 0.0
226 -0.00022343347329404367 0.0
227 -0.000232020824259208 0.0
228 -0.00024060746844870346 0.0
229 -0.0002491933797061228 0.0
230 -0.00025777853187729124 0.0
231 -0.00026636289881034654 0.0
232 -0.0002749464543558181 0.0
233 -0.0002835291723667072 0.0
234 -0.0002921110266985664 0.0
235 -0.000300691991209579 0.0
236 -0.000309272039760639 0.0
237 -0.00031785114621543057 0.0
238 -0.00032642928444050743 0.0
239 -0.0003350064283053731 0.0
240 -0.00034358255168255976 0.0
241 -0.0003521576284477084 0.0
242 -0.00036073163247964785 0.0
243 -0.0003693045376604752 0.0
244 -0.00037787631787563415 0.0
245 -0.00038644694701399596 0.0
246 -0.00039501639896793767 0.0
247 -0.0004035846476334226 0.0
248 -0.0004121516669100794 0.0
249 -0.00042071743070128137 0.0
250 -0.0004292819129142268 0.0
251 -0.00043784508746001744 0.0
252 -0.0004464069282537385 0.0
253 -0.0004549674092145382 0.0
254 -0.00046352650426570696 0.0
255 -0.00047208418733475676 0.0
256 -0.00048064043235350093 0.0
257 -0.0004891952132581333 0.0
258 -0.0004977485039893075 0.0
259 -0.0005063002784922169 0.0
260 -0.0005148505107166729 0.0
261 -0.0005233991746171856 0.0
262 -0.0005319462441530421 0.0
263 -0.0005404916932883865 0.0
264 -0.0005490354959922984 0.0
265 -0.0005575776262388732 0.0
266 -0.0005661180580073009 0.0
267 -0.000574656765281945 0.0
268 -0.0005831937220524227 0.0
269 -0.0005917289023136826 0.0
270 -0.0006002622800660858 0.0
271 -0.0006087938293154837 0.0
272 -0.0006173235240732978 0.0
273 -0.0006258513383565982 0.0
274 -0.0006343772461881842 0.0
275 -0.0006429012215966615 0.0
276 -0.0006514232386165231 0.0
277 -0.000659943271288227 0.0
278 -0.000668461293658276 0.0
279 -0.000676977279779297 0.0
280 -0.0006854912037101194 0.0
281 -0.0006940030395158542 0.0
282 -0.0007025127612679734 0.0
283 -0.0007110203430443885 0.0
284 -0.0007195257589295308 0.0
285 -0.0007280289830144275 0.0
286 -0.0007365299893967842 0.0
287 -0.0007450287521810604 0.0
288 -0.0007535252454785512 0.0
289 -0.0007620194434074647 0.0
290 -0.0007705113200930005 0.0
291 -0.0007790008496674296 0.0
292 -0.0007874880062701728 0.0
293 -0.000795972764047879 0.0
294 -0.0008044550971545049 0.0
295 -0.0008129349797513924 0.0
296 -0.0008214123860073487 0.0
297 -0.0008298872900987238 0.0
298 -0.0008383596662094907 0.0
299 -0.0008468294885313221 0.0
300 -0.0008552967312636703 0.0
301 -0.0008637613686138457 0.0
302 -0.0008722233747970947 0.0
303 -0.0008806827240366792 0.0
304 -0.000889139390563954 0.0
305 -0.0008975933486184469 0.0
306 -0.0009060445724479347 0.0
307 -0.0009144930363085247 0.0
308 -0.0009229387144647302 0.0
309 -0.0009313815811895515 0.0
310 -0.0009398216107645519 0.0
311 -0.0009482587774799376 0.0
312 -0.0009566930556346358 0.0
313 -0.0009651244195363726 0.0
314 -0.000973552843501751 0.0
315 -0.00098197830185633 0.0
316 -0.0009904007689347026 0.0
317 -0.000998820219080573 0.0
318 -0.0010072366266468359 0.0
319 -0.0010156499659956545 0.0
320 -0.0010240602114985381 0.0
321 -0.0010324673375364205 0.0
322 -0.0010408713184997373 0.0
323 -0.001049272128788505 0.0
324 -0.001057669742812399 0.0
325 -0.0010660641349908304 0.0
326 -0.001074455279753025 0.0
327 -0.0010828431515381002 0.0
328 -0.0010912277247951446 0.0
329 -0.0010996089739832933 0.0
330 -0.0011079868735718078 0.0
331 -0.0011163613980401535 0.0
332 -0.0011247325218780762 0.0
333 -0.0011331002195856812 0.0
334 -0.0011414644656735093 0.0
335 -0.0011498252346626174 0.0
336 -0.0011581825010846527 0.0
337 -0.0011665362394819323 0.0
338 -0.0011748864244075202 0.0
339 -0.0011832330304253052 0.0
340 -0.001191576032110078 0.0
341 -0.0011999154040476083 0.0
342 -0.001208251120834723 0.0
343 -0.001216583157079383 0.0
344 -0.0012249114874007614 0.0
345 -0.0012332360864293192 0.0
346 -0.001241556928806884 0.0
347 -0.0012498739891867276 0.0
348 -0.0012581872422336412 0.0
349 -0.0012664966626240142 0.0
350 -0.001274802225045911 0.0
351 -0.0012831039041991483 0.0
352 -0.0012914016747953719 0.0
353 -0.0012996955115581331 0.0
354 -0.0013079853892229668 0.0
355 -0.001316271282537468 0.0
356 -0.001324553166261369 0.0
357 -0.0013328310151666156 0.0
358 -0.0013411048040374441 0.0
359 -0.0013493745076704588 0.0
360 -0.0013576401008747086 0.0
361 -0.0013659015584717629 0.0
362 -0.0013741588552957894 0.0
363 -0.0013824119661936293 0.0
364 -0.001390660866024876 0.0
365 -0.00139890552966195 0.0
366 -0.0014071459319901758 0.0
367 -0.0014153820479078597 0.0
368 -0.0014236138523263634 0.0
369 -0.0014318413201701828 0.0
370 -0.0014400644263770248 0.0
371 -0.0014482831458978813 0.0
372 -0.0014564974536971076 0.0
373 -0.0014647073247524975 0.0
374 -0.0014729127340553597 0.0
375 -0.0014811136566105947 0.0
376 -0.0014893100674367701 0.0
377 -0.0014975019415661972 0.0
378 -0.0015056892540450065 0.0
379 -0.0015138719799332248 0.0
380 -0.0015220500943048491 0.0
381 -0.0015302235722479255 0.0
382 -0.0015383923888646223 0.0
383 -0.0015465565192713075 0.0
384 -0.001554715938598624 0.0
385 -0.0015628706219915657 0.0
386 -0.0015710205446095528 0.0
387 -0.001579165681626507 0.0
388 -0.0015873060082309289 0.0
389 -0.0015954414996259716 0.0
390 -0.0016035721310295181 0.0
391 -0.0016116978776742543 0.0
392 -0.0016198187148077471 0.0
393 -0.0016279346176925182 0.0
394 -0.00163604556160612 0.0
395 -0.0016441515218412106 0.0
396 -0.0016522524737056289 0.0
397 -0.0016603483925224716 0.0
398 -0.0016684392536301651 0.0
399 -0.0016765250323825438 0.0
400 -0.001684605704148923 0.0
401 -0.0016926812443141756 0.0
402 -0.0017007516282788052 0.0
403 -0.0017088168314590229 0.0
404 -0.001716876829286821 0.0
405 -0.0017249315972100486 0.0
406 -0.0017329811106924858 0.0
407 -0.001741025345213918 0.0
408 -0.0017490642762702116 0.0
409 -0.0017570978793733894 0.0
410 -0.0017651261300517026 0.0
411 -0.0017731490038497074 0.0
412 -0.0017811664763283384 0.0
413 -0.0017891785230649848 0.0
414 -0.0017971851196535624 0.0
415 -0.0018051862417045896 0.0
416 -0.0018131818648452602 0.0
417 -0.0018211719647195205 0.0
418 -0.0018291565169881404 0.0
419 -0.001837135497328789 0.0
420 -0.0018451088814361075 0.0
421 -0.0018530766450217864 0.0
422 -0.0018610387638146354 0.0
423 -0.0018689952135606599 0.0
424 -0.001876945970023134 0.0
425 -0.0018848910089826751 0.0
426 -0.001892830306237316 0.0
427 -0.0019007638376025812 0.0
428 -0.0019086915789115575 0.0
429 -0.0019166135060149703 0.0
430 -0.001924529594781256 0.0
431 -0.0019324398210966351 0.0
432 -0.0019403441608651867 0.0
433 -0.001948242590008921 0.0
434 -0.0019561350844678528 0.0
435 -0.001964021620200075 0.0
436 -0.0019719021731818332 0.0
437 -0.0019797767194075946 0.0
438 -0.0019876452348901274 0.0
439 -0.001995507695660568 0.0
440 -0.002003364077768497 0.0
441 -0.0020112143572820133 0.0
442 -0.002019058510287803 0.0
443 -0.002026896512891216 0.0
444 -0.002034728341216337 0.0
445 -0.0020425539714060575 0.0
446 -0.0020503733796221535 0.0
447 -0.0020581865420453496 0.0
448 -0.002065993434875398 0.0
449 -0.0020737940343311502 0.0
450 -0.002081588316650627 0.0
451 -0.0020893762580910923 0.0
452 -0.0020971578349291264 0.0
453 -0.002104933023460696 0.0
454 -0.002112701800001229 0.0
455 -0.0021204641408856854 0.0
456 -0.002128220022468628 0.0
457 -0.0021359694211242966 0.0
458 -0.002143712313246678 0.0
459 -0.0021514486752495813 0.0
460 -0.0021591784835667057 0.0
461 -0.002166901714651714 0.0
462 -0.002174618344978306 0.0
463 -0.0021823283510402866 0.0
464 -0.0021900317093516406 0.0
465 -0.0021977283964466025 0.0
466 -0.0022054183888797286 0.0
467 -0.0022131016632259684 0.0
468 -0.0022207781960807355 0.0
469 -0.00222844796405998 0.0
470 -0.0022361109438002584 0.0
471 -0.0022437671119588053 0.0
472 -0.0022514164452136047 0.0
473 -0.0022590589202634605 0.0
474 -0.0022666945138280696 0.0
475 -0.0022743232026480884 0.0
476 -0.0022819449634852084 0.0
477 -0.0022895597731222243 0.0
478 -0.0022971676083631053 0.0
479 -0.002304768446033066 0.0
480 -0.002312362262978637 0.0
481 -0.0023199490360677334 0.0
482 -0.00232752874218973 0.0
483 -0.0023351013582555277 0.0
484 -0.0023426668611976234 0.0
485 -0.002350225227970184 0.0
486 -0.0023577764355491135 0.0
487 -0.0023653204609321242 0.0
488 -0.0023728572811388057 0.0
489 -0.0023803868732106973 0.0
490 -0.0023879092142113554 0.0
491 -0.0023954242812264243 0.0
492 -0.002402932051363707 0.0
493 -0.0024104325017532346 0.0
494 -0.0024179256095473328 0.0
495 -0.0024254113519206967 0.0
496 -0.0024328897060704575 0.0
497 -0.00244036064921625 0.0
498 -0.0024478241586002865 0.0
499 -0.0024552802114874224 0.0
500 -0.0024627287851652284 0.0
501 -0.0024701698569440573 0.0
502 -0.0024776034041571137 0.0
503 -0.0024850294041605238 0.0
504 -0.002492447834333403 0.0
505 -0.0024998586720779274 0.0
506 -0.0025072618948194 0.0
507 -0.0025146574800063194 0.0
508 -0.002522045405110452 0.0
509 -0.0025294256476268953 0.0
510 -0.0025367981850741516 0.0
511 -0.002544162994994193 0.0
512 -0.002551520054952531 0.0
513 -0.0025588693425382856 0.0
514 -0.0025662108353642515 0.0
515 -0.0025735445110669684 0.0
516 -0.0025808703473067895 0.0
517 -0.002588188321767946 0.0
518 -0.002595498412158619 0.0
519 -0.002602800596211005 0.0
520 -0.002610094851681385 0.0
521 -0.002617381156350193 0.0
522 -0.002624659488022079 0.0
523 -0.002631929824525986 0.0
524 -0.002639192143715205 0.0
525 -0.0026464464234674536 0.0
526 -0.002653692641684937 0.0
527 -0.0026609307762944187 0.0
528 -0.0026681608052472844 0.0
529 -0.0026753827065196132 0.0
530 -0.0026825964581122397 0.0
531 -0.0026898020380508275 0.0
532 -0.0026969994243859294 0.0
533 -0.002704188595193059 0.0
534 -0.0027113695285727545 0.0
535 -0.0027185422026506476 0.0
536 -0.0027257065955775296 0.0
537 -0.0027328626855294166 0.0
538 -0.0027400104507076172 0.0
539 -0.0027471498693388005 0.0
540 -0.0027542809196750588 0.0
541 -0.0027614035799939747 0.0
542 -0.0027685178285986917 0.0
543 -0.0027756236438179734 0.0
544 -0.0027827210040062746 0.0
545 -0.002789809887543805 0.0
546 -0.0027968902728365956 0.0
547 -0.0028039621383165667 0.0
548 -0.0028110254624415876 0.0
549 -0.0028180802236955496 0.0
550 -0.0028251264005884256 0.0
551 -0.002832163971656339 0.0
552 -0.002839192915461628 0.0
553 -0.002846213210592911 0.0
554 -0.00285322483566515 0.0
555 -0.0028602277693197207 0.0
556 -0.0028672219902244724 0.0
557 -0.0028742074770737942 0.0
558 -0.0028811842085886834 0.0
559 -0.002888152163516805 0.0
560 -0.0028951113206325597 0.0
561 -0.002902061658737148 0.0
562 -0.0029090031566586356 0.0
563 -0.0029159357932520146 0.0
564 -0.002922859547399273 0.0
565 -0.002929774398009453 0.0
566 -0.002936680324018723 0.0
567 -0.002943577304390433 0.0
568 -0.002950465318115185 0.0
569 -0.002957344344210894 0.0
570 -0.002964214361722856 0.0
571 -0.0029710753497238034 0.0
572 -0.002977927287313978 0.0
573 -0.00298477015362119 0.0
574 -0.002991603927800881 0.0
575 -0.0029984285890361905 0.0
576 -0.0030052441165380164 0.0
577 -0.00301205048954508 0.0
578 -0.0030188476873239884 0.0
579 -0.0030256356891692994 0.0
580 -0.0030324144744035817 0.0
581 -0.0030391840223774795 0.0
582 -0.003045944312469776 0.0
583 -0.0030526953240874546 0.0
584 -0.0030594370366657637 0.0
585 -0.003066169429668277 0.0
586 -0.0030728924825869585 0.0
587 -0.0030796061749422234 0.0
588 -0.0030863104862829996 0.0
589 -0.0030930053961867924 0.0
590 -0.003099690884259746 0.0
591 -0.0031063669301367026 0.0
592 -0.0031130335134812695 0.0
593 -0.0031196906139858782 0.0
594 -0.003126338211371845 0.0
595 -0.003132976285389437 0.0
596 -0.0031396048158179274 0.0
597 -0.003146223782465665 0.0
598 -0.003152833165170128 0.0
599 -0.0031594329437979914 0.0
600 -0.003166023098245184 0.0
601 -0.003172603608436954 0.0
602 -0.0031791744543279246 0.0
603 -0.0031857356159021607 0.0
604 -0.003192287073173225 0.0
605 -0.003198828806184244 0.0
606 -0.0032053607950079635 0.0
607 -0.003211883019746813 0.0
608 -0.0032183954605329644 0.0
609 -0.003224898097528395 0.0
610 -0.0032313909109249433 0.0
611 -0.0032378738809443744 0.0
612 -0.003244346987838437 0.0
613 -0.003250810211888925 0.0
614 -0.003257263533407737 0.0
615 -0.003263706932736937 0.0
616 -0.003270140390248812 0.0
617 -0.003276563886345937 0.0
618 -0.0032829774014612265 0.0
619 -0.0032893809160580018 0.0
620 -0.0032957744106300478 0.0
621 -0.0033021578657016705 0.0
622 -0.0033085312618277582 0.0
623 -0.003314894579593842 0.0
624 -0.003321247799616152 0.0
625 -0.0033275909025416786 0.0
626 -0.00333392386904823 0.0
627 -0.0033402466798444926 0.0
628 -0.0033465593156700862 0.0
629 -0.0033528617572956294 0.0
630 -0.0033591539855227903 0.0
631 -0.0033654359811843516 0.0
632 -0.003371707725144265 0.0
633 -0.0033779691982977105 0.0
634 -0.003384220381571155 0.0
635 -0.0033904612559224104 0.0
636 -0.0033966918023406903 0.0
637 -0.003402912001846672 0.0
638 -0.0034091218354925456 0.0
639 -0.003415321284362083 0.0
640 -0.0034215103295706876 0.0
641 -0.0034276889522654543 0.0
642 -0.0034338571336252266 0.0
643 -0.0034400148548606553 0.0
644 -0.0034461620972142527 0.0
645 -0.0034522988419604522 0.0
646 -0.0034584250704056655 0.0
647 -0.0034645407638883388 0.0
648 -0.0034706459037790083 0.0
649 -0.00347674047148036 0.0
650 -0.0034828244484272825 0.0
651 -0.0034888978160869284 0.0
652 -0.0034949605559587657 0.0
653 -0.0035010126495746367 0.0
654 -0.0035070540784988163 0.0
655 -0.003513084824328063 0.0
656 -0.0035191048686916792 0.0
657 -0.003525114193251566 0.0
658 -0.0035311127797022783 0.0
659 -0.0035371006097710826 0.0
660 -0.0035430776652180087 0.0
661 -0.00354904392783591 0.0
662 -0.003554999379450516 0.0
663 -0.0035609440019204876 0.0
664 -0.0035668777771374733 0.0
665 -0.003572800687026166 0.0
666 -0.0035787127135443546 0.0
667 -0.0035846138386829802 0.0
668 -0.003590504044466194 0.0
669 -0.003596383312951406 0.0
670 -0.0036022516262293456 0.0
671 -0.0036081089664241122 0.0
672 -0.003613955315693233 0.0
673 -0.003619790656227713 0.0
674 -0.0036256149702520936 0.0
675 -0.003631428240024504 0.0
676 -0.003637230447836716 0.0
677 -0.0036430215760141988 0.0
678 -0.003648801606916171 0.0
679 -0.0036545705229356577 0.0
680 -0.0036603283064995376 0.0
681 -0.0036660749400686064 0.0
682 -0.0036718104061376194 0.0
683 -0.003677534687235353 0.0
684 -0.003683247765924655 0.0
685 -0.003688949624802495 0.0
686 -0.0036946402465000243 0.0
687 -0.00370031961368262 0.0
688 -0.0037059877090499472 0.0
689 -0.0037116445153360027 0.0
690 -0.003717290015309174 0.0
691 -0.0037229241917722893 0.0
692 -0.0037285470275626696 0.0
693 -0.0037341585055521826 0.0
694 -0.003739758608647292 0.0
695 -0.0037453473197891145 0.0
696 -0.0037509246219534637 0.0
697 -0.003756490498150913 0.0
698 -0.003762044931426837 0.0
699 -0.0037675879048614685 0.0
700 -0.0037731194015699497 0.0
701 -0.0037786394047023817 0.0
702 -0.0037841478974438786 0.0
703 -0.003789644863014615 0.0
704 -0.003795130284669881 0.0
705 -0.0038006041457001307 0.0
706 -0.0038060664294310344 0.0
707 -0.0038115171192235286 0.0
708 -0.003816956198473867 0.0
709 -0.0038223836506136705 0.0
710 -0.003827799459109979 0.0
711 -0.0038332036074653006 0.0
712 -0.003838596079217662 0.0
713 -0.003843976857940659 0.0
714 -0.0038493459272435065 0.0
715 -0.003854703270771088 0.0
716 -0.0038600488722040074 0.0
717 -0.0038653827152586337 0.0
718 -0.003870704783687157 0.0
719 -0.0038760150612776336 0.0
720 -0.0038813135318540373 0.0
721 -0.0038866001792763087 0.0
722 -0.0038918749874404003 0.0
723 -0.003897137940278334 0.0
724 -0.0039023890217582424 0.0
725 -0.0039076282158844195 0.0
726 -0.003912855506697373 0.0
727 -0.003918070878273867 0.0
728 -0.003923274314726976 0.0
729 -0.00392846580020613 0.0
730 -0.003933645318897165 0.0
731 -0.003938812855022366 0.0
732 -0.003943968392840525 0.0
733 -0.003949111916646978 0.0
734 -0.0039542434107736595 0.0
735 -0.003959362859589148 0.0
736 -0.003964470247498716 0.0
737 -0.003969565558944374 0.0
738 -0.0039746487784049185 0.0
739 -0.003979719890395982 0.0
740 -0.003984778879470078 0.0
741 -0.003989825730216649 0.0
742 -0.003994860427262111 0.0
743 -0.0039998829552699055 0.0
744 -0.004004893298940539 0.0
745 -0.004009891443011637 0.0
746 -0.004014877372257986 0.0
747 -0.0040198510714915805 0.0
748 -0.004024812525561671 0.0
749 -0.004029761719354806 0.0
750 -0.004034698637794885 0.0
751 -0.004039623265843196 0.0
752 -0.004044535588498471 0.0
753 -0.004049435590796921 0.0
754 -0.004054323257812288 0.0
755 -0.004059198574655894 0.0
756 -0.0040640615264766755 0.0
757 -0.00406891209846124 0.0
758 -0.004073750275833903 0.0
759 -0.004078576043856737 0.0
760 -0.004083389387829616 0.0
761 -0.00408819029309026 0.0
762 -0.004092978745014278 0.0
763 -0.004097754729015215 0.0
764 -0.004102518230544597 0.0
765 -0.00410726923509197 0.0
766 -0.004112007728184952 0.0
767 -0.0041167336953892705 0.0
768 -0.004121447122308811 0.0
769 -0.004126147994585656 0.0
770 -0.004130836297900133 0.0
771 -0.004135512017970858 0.0
772 -0.004140175140554778 0.0
773 -0.004144825651447211 0.0
774 -0.004149463536481895 0.0
775 -0.004154088781531028 0.0
776 -0.004158701372505311 0.0
777 -0.004163301295353992 0.0
778 -0.004167888536064908 0.0
779 -0.00417246308066453 0.0
780 -0.004177024915218 0.0
781 -0.0041815740258291795 0.0
782 -0.004186110398640688 0.0
783 -0.004190634019833948 0.0
784 -0.004195144875629225 0.0
785 -0.004199642952285669 0.0
786 -0.004204128236101359 0.0
787 -0.004208600713413343 0.0
788 -0.004213060370597679 0.0
789 -0.004217507194069477 0.0
790 -0.004221941170282942 0.0
791 -0.004226362285731416 0.0
792 -0.004230770526947411 0.0
793 -0.00423516588050266 0.0
794 -0.004239548333008158 0.0
795 -0.004243917871114189 0.0
796 -0.004248274481510386 0.0
797 -0.004252618150925757 0.0
798 -0.004256948866128731 0.0
799 -0.0042612666139272 0.0
800 -0.004265571381168554 0.0
801 -0.004269863154739727 0.0
802 -0.00427414192156723 0.0
803 -0.004278407668617199 0.0
804 -0.004282660382895429 0.0
805 -0.004286900051447413 0.0
806 -0.004291126661358386 0.0
807 -0.004295340199753362 0.0
808 -0.004299540653797173 0.0
809 -0.004303728010694505 0.0
810 -0.004307902257689945 0.0
811 -0.0043120633820680114 0.0
812 -0.004316211371153199 0.0
813 -0.004320346212310011 0.0
814 -0.004324467892943007 0.0
815 -0.004328576400496832 0.0
816 -0.0043326717224562595 0.0
817 -0.004336753846346229 0.0
818 -0.004340822759731881 0.0
819 -0.004344878450218603 0.0
820 -0.004348920905452056 0.0
821 -0.004352950113118222 0.0
822 -0.004356966060943434 0.0
823 -0.00436096873669442 0.0
824 -0.004364958128178334 0.0
825 -0.004368934223242798 0.0
826 -0.0043728970097759385 0.0
827 -0.004376846475706419 0.0
828 -0.004380782609003482 0.0
829 -0.004384705397676982 0.0
830 -0.004388614829777424 0.0
831 -0.004392510893396002 0.0
832 -0.0043963935766646286 0.0
833 -0.0044002628677559785 0.0
834 -0.004404118754883519 0.0
835 -0.00440796122630155 0.0
836 -0.004411790270305236 0.0
837 -0.004415605875230645 0.0
838 -0.004419408029454785 0.0
839 -0.004423196721395632 0.0
840 -0.004426971939512176 0.0
841 -0.004430733672304445 0.0
842 -0.004434481908313551 0.0
843 -0.004438216636121715 0.0
844 -0.004441937844352309 0.0
845 -0.004445645521669889 0.0
846 -0.004449339656780226 0.0
847 -0.0044530202384303426 0.0
848 -0.00445668725540855 0.0
849 -0.0044603406965444785 0.0
850 -0.004463980550709111 0.0
851 -0.004467606806814824 0.0
852 -0.00447121945381541 0.0
853 -0.004474818480706119 0.0
854 -0.004478403876523693 0.0
855 -0.004481975630346394 0.0
856 -0.00448553373129404 0.0
857 -0.0044890781685280375 0.0
858 -0.004492608931251419 0.0
859 -0.004496126008708866 0.0
860 -0.004499629390186751 0.0
861 -0.0045031190650131675 0.0
862 -0.00450659502255796 0.0
863 -0.00451005725223276 0.0
864 -0.0045135057434910145 0.0
865 -0.004516940485828022 0.0
866 -0.004520361468780961 0.0
867 -0.004523768681928923 0.0
868 -0.004527162114892948 0.0
869 -0.004530541757336049 0.0
870 -0.004533907598963251 0.0
871 -0.004537259629521614 0.0
872 -0.004540597838800274 0.0
873 -0.004543922216630466 0.0
874 -0.004547232752885557 0.0
875 -0.004550529437481081 0.0
876 -0.004553812260374765 0.0
877 -0.004557081211566561 0.0
878 -0.004560336281098676 0.0
879 -0.004563577459055605 0.0
880 -0.004566804735564156 0.0
881 -0.0045700181007934885 0.0
882 -0.004573217544955131 0.0
883 -0.004576403058303023 0.0
884 -0.004579574631133537 0.0
885 -0.004582732253785516 0.0
886 -0.00458587591664029 0.0
887 -0.004589005610121719 0.0
888 -0.004592121324696214 0.0
889 -0.004595223050872765 0.0
890 -0.0045983107792029795 0.0
891 -0.0046013845002811 0.0
892 -0.0046044442047440395 0.0
893 -0.0046074898832714085 0.0
894 -0.004610521526585539 0.0
895 -0.004613539125451523 0.0
896 -0.004616542670677229 0.0
897 -0.004619532153113339 0.0
898 -0.004622507563653369 0.0
899 -0.004625468893233704 0.0
900 -0.00462841613283362 0.0
901 -0.004631349273475314 0.0
902 -0.004634268306223932 0.0
903 -0.004637173222187593 0.0
904 -0.004640064012517418 0.0
905 -0.004642940668407561 0.0
906 -0.004645803181095228 0.0
907 -0.004648651541860707 0.0
908 -0.0046514857420274 0.0
909 -0.004654305772961841 0.0
910 -0.004657111626073726 0.0
911 -0.004659903292815941 0.0
912 -0.004662680764684584 0.0
913 -0.004665444033218993 0.0
914 -0.004668193090001774 0.0
915 -0.004670927926658825 0.0
916 -0.004673648534859357 0.0
917 -0.004676354906315926 0.0
918 -0.004679047032784455 0.0
919 -0.004681724906064261 0.0
920 -0.004684388517998076 0.0
921 -0.004687037860472078 0.0
922 -0.004689672925415909 0.0
923 -0.004692293704802704 0.0
924 -0.0046949001906491155 0.0
925 -0.004697492375015335 0.0
926 -0.004700070250005119 0.0
927 -0.004702633807765814 0.0
928 -0.004705183040488377 0.0
929 -0.004707717940407407 0.0
930 -0.004710238499801154 0.0
931 -0.00471274471099156 0.0
932 -0.00471523656634427 0.0
933 -0.004717714058268662 0.0
934 -0.004720177179217864 0.0
935 -0.004722625921688784 0.0
936 -0.0047250602782221264 0.0
937 -0.004727480241402419 0.0
938 -0.004729885803858035 0.0
939 -0.004732276958261216 0.0
940 -0.004734653697328087 0.0
941 -0.004737016013818691 0.0
942 -0.004739363900537002 0.0
943 -0.00474169735033095 0.0
944 -0.0047440163560924405 0.0
945 -0.004746320910757382 0.0
946 -0.0047486110073057 0.0
947 -0.004750886638761364 0.0
948 -0.004753147798192406 0.0
949 -0.004755394478710943 0.0
950 -0.004757626673473194 0.0
951 -0.004759844375679508 0.0
952 -0.00476204757857438 0.0
953 -0.004764236275446472 0.0
954 -0.0047664104596286325 0.0
955 -0.00476857012449792 0.0
956 -0.0047707152634756216 0.0
957 -0.00477284587002727 0.0
958 -0.004774961937662671 0.0
959 -0.004777063459935913 0.0
960 -0.004779150430445397 0.0
961 -0.004781222842833846 0.0
962 -0.0047832806907883345 0.0
963 -0.0047853239680403 0.0
964 -0.004787352668365567 0.0
965 -0.00478936678558436 0.0
966 -0.0047913663135613314 0.0
967 -0.00479335124620557 0.0
968 -0.0047953215774706286 0.0
969 -0.004797277301354534 0.0
970 -0.0047992184118998155 0.0
971 -0.004801144903193511 0.0
972 -0.004803056769367194 0.0
973 -0.00480495400459699 0.0
974 -0.00480683660310359 0.0
975 -0.004808704559152274 0.0
976 -0.004810557867052923 0.0
977 -0.00481239652116004 0.0
978 -0.004814220515872765 0.0
979 -0.004816029845634895 0.0
980 -0.004817824504934897 0.0
981 -0.004819604488305928 0.0
982 -0.004821369790325849 0.0
983 -0.004823120405617244 0.0
984 -0.004824856328847437 0.0
985 -0.004826577554728503 0.0
986 -0.00482828407801729 0.0
987 -0.004829975893515432 0.0
988 -0.0048316529960693655 0.0
989 -0.0048333153805703456 0.0
990 -0.004834963041954461 0.0
991 -0.0048365959752026495 0.0
992 -0.004838214175340712 0.0
993 -0.004839817637439331 0.0
994 -0.004841406356614083 0.0
995 -0.004842980328025454 0.0
996 -0.004844539546878855 0.0
997 -0.004846084008424632 0.0
998 -0.0048476137079580895 0.0
999 -0.004849128640819498 0.0
1000 -0.004850628802394108 0.0
1001 -0.004852114188112168 0.0
1002 -0.0048535847934489335 0.0
1003 -0.004855040613924688 0.0
1004 -0.004856481645104748 0.0
1005 -0.0048579078825994855 0.0
1006 -0.004859319322064331 0.0
1007 -0.004860715959199796 0.0
1008 -0.004862097789751481 0.0
1009 -0.004863464809510092 0.0
1010 -0.004864817014311449 0.0
1011 -0.004866154400036501 0.0
1012 -0.004867476962611339 0.0
1013 -0.004868784698007209 0.0
1014 -0.004870077602240522 0.0
1015 -0.004871355671372867 0.0
1016 -0.004872618901511024 0.0
1017 -0.004873867288806975 0.0
1018 -0.004875100829457917 0.0
1019 -0.004876319519706268 0.0
1020 -0.00487752335583969 0.0
1021 -0.004878712334191087 0.0
1022 -0.004879886451138625 0.0
1023 -0.00488104570310574 0.0
1024 -0.00488219008656115 0.0
1025 -0.004883319598018866 0.0
1026 -0.004884434234038197 0.0
1027 -0.0048855339912237715 0.0
1028 -0.0048866188662255354 0.0
1029 -0.0048876888557387735 0.0
1030 -0.004888743956504112 0.0
1031 -0.00488978416530753 0.0
1032 -0.004890809478980372 0.0
1033 -0.0048918198943993536 0.0
1034 -0.004892815408486576 0.0
1035 -0.004893796018209528 0.0
1036 -0.004894761720581105 0.0
1037 -0.00489571251265961 0.0
1038 -0.004896648391548763 0.0
1039 -0.004897569354397716 0.0
1040 -0.004898475398401057 0.0
1041 -0.004899366520798819 0.0
1042 -0.004900242718876487 0.0
1043 -0.00490110398996501 0.0
1044 -0.004901950331440808 0.0
1045 -0.004902781740725779 0.0
1046 -0.004903598215287303 0.0
1047 -0.00490439975263826 0.0
1048 -0.0049051863503370265 0.0
1049 -0.004905958005987489 0.0
1050 -0.004906714717239052 0.0
1051 -0.004907456481786642 0.0
1052 -0.004908183297370715 0.0
1053 -0.004908895161777263 0.0
1054 -0.004909592072837825 0.0
1055 -0.004910274028429491 0.0
1056 -0.004910941026474902 0.0
1057 -0.004911593064942269 0.0
1058 -0.00491223014184537 0.0
1059 -0.004912852255243557 0.0
1060 -0.004913459403241764 0.0
1061 -0.004914051583990515 0.0
1062 -0.004914628795685923 0.0
1063 -0.004915191036569703 0.0
1064 -0.00491573830492917 0.0
1065 -0.00491627059909725 0.0
1066 -0.004916787917452483 0.0
1067 -0.004917290258419027 0.0
1068 -0.004917777620466666 0.0
1069 -0.004918250002110808 0.0
1070 -0.0049187074019124985 0.0
1071 -0.004919149818478418 0.0
1072 -0.004919577250460889 0.0
1073 -0.0049199896965578796 0.0
1074 -0.004920387155513007 0.0
1075 -0.0049207696261155415 0.0
1076 -0.004921137107200413 0.0
1077 -0.004921489597648211 0.0
1078 -0.004921827096385186 0.0
1079 -0.0049221496023832585 0.0
1080 -0.004922457114660022 0.0
1081 -0.004922749632278739 0.0
1082 -0.004923027154348349 0.0
1083 -0.004923289680023473 0.0
1084 -0.004923537208504413 0.0
1085 -0.004923769739037153 0.0
1086 -0.004923987270913365 0.0
1087 -0.00492418980347041 0.0
1088 -0.004924377336091337 0.0
1089 -0.00492454986820489 0.0
1090 -0.004924707399285507 0.0
1091 -0.00492484992885332 0.0
1092 -0.004924977456474159 0.0
1093 -0.004925089981759554 0.0
1094 -0.004925187504366733 0.0
1095 -0.004925270023998625 0.0
1096 -0.004925337540403861 0.0
1097 -0.0049253900533767735 0.0
1098 -0.0049254275627574 0.0
1099 -0.004925450068431481 0.0
1100 -0.004925457570330458 0.0
1101 -0.004925450068431481 0.0
1102 -0.0049254275627574 0.0
1103 -0.0049253900533767735 0.0
1104 -0.004925337540403861 0.0
1105 -0.004925270023998625 0.0
1106 -0.004925187504366733 0.0
1107 -0.004925089981759554 0.0
1108 -0.004924977456474159 0.0
1109 -0.00492484992885332 0.0
1110 -0.004924707399285507 0.0
1111 -0.00492454986820489 0.0
1112 -0.004924377336091337 0.0
1113 -0.00492418980347041 0.0
1114 -0.004923987270913365 0.0
1115 -0.004923769739037153 0.0
1116 -0.004923537208504413 0.0
1117 -0.004923289680023473 0.0
1118 -0.004923027154348349 0.0
1119 -0.004922749632278739 0.0
1120 -0.004922457114660022 0.0
1121 -0.0049221496023832585 0.0
1122 -0.004921827096385186 0.0
1123 -0.004921489597648211 0.0
1124 -0.004921137107200413 0.0
1125 -0.0049207696261155415 0.0
1126 -0.004920387155513007 0.0
1127 -0.0049199896965578796 0.0
1128 -0.0049195772504608895 0.0
1129 -0.004919149818478418 0.0
1130 -0.0049187074019124985 0.0
1131 -0.004918250002110808 0.0
1132 -0.004917777620466666 0.0
1133 -0.004917290258419027 0.0
1134 -0.0049167879174524835 0.0
1135 -0.00491627059909725 0.0
1136 -0.00491573830492917 0.0
1137 -0.004915191036569703 0.0
1138 -0.004914628795685923 0.0
1139 -0.004914051583990515 0.0
1140 -0.004913459403241764 0.0
1141 -0.004912852255243557 0.0
1142 -0.00491223014184537 0.0
1143 -0.004911593064942269 0.0
1144 -0.004910941026474902 0.0
1145 -0.004910274028429491 0.0
1146 -0.004909592072837825 0.0
1147 -0.004908895161777263 0.0
1148 -0.004908183297370715 0.0
1149 -0.004907456481786642 0.0
1150 -0.004906714717239052 0.0
1151 -0.004905958005987489 0.0
1152 -0.0049051863503370265 0.0
1153 -0.00490439975263826 0.0
1154 -0.004903598215287303 0.0
1155 -0.004902781740725779 0.0
1156 -0.004901950331440808 0.0
1157 -0.0049011039899650105 0.0
1158 -0.004900242718876487 0.0
1159 -0.004899366520798819 0.0
1160 -0.004898475398401057 0.0
1161 -0.004897569354397716 0.0
1162 -0.004896648391548763 0.0
1163 -0.00489571251265961 0.0
1164 -0.004894761720581105 0.0
1165 -0.004893796018209528 0.0
1166 -0.004892815408486576 0.0
1167 -0.004891819894399354 0.0
1168 -0.004890809478980372 0.0
1169 -0.00488978416530753 0.0
1170 -0.004888743956504112 0.0
1171 -0.004887688855738774 0.0
1172 -0.0048866188662255354 0.0
1173 -0.0048855339912237715 0.0
1174 -0.004884434234038197 0.0
1175 -0.004883319598018866 0.0
1176 -0.00488219008656115 0.0
1177 -0.00488104570310574 0.0
1178 -0.004879886451138625 0.0
1179 -0.004878712334191087 0.0
1180 -0.00487752335583969 0.0
1181 -0.004876319519706268 0.0
1182 -0.004875100829457917 0.0
1183 -0.004873867288806975 0.0
1184 -0.004872618901511024 0.0
1185 -0.004871355671372867 0.0
1186 -0.004870077602240522 0.0
1187 -0.004868784698007209 0.0
1188 -0.004867476962611339 0.0
1189 -0.004866154400036501 0.0
1190 -0.004864817014311448 0.0
1191 -0.004863464809510092 0.0
1192 -0.004862097789751481 0.0
1193 -0.004860715959199797 0.0
1194 -0.004859319322064332 0.0
1195 -0.0048579078825994855 0.0
1196 -0.004856481645104749 0.0
1197 -0.004855040613924688 0.0
1198 -0.0048535847934489335 0.0
1199 -0.004852114188112167 0.0
1200 -0.004850628802394108 0.0
1201 -0.0048491286408194985 0.0
1202 -0.00484761370795809 0.0
1203 -0.004846084008424632 0.0
1204 -0.004844539546878855 0.0
1205 -0.004842980328025454 0.0
1206 -0.004841406356614083 0.0
1207 -0.004839817637439331 0.0
1208 -0.004838214175340712 0.0
1209 -0.0048365959752026495 0.0
1210 -0.004834963041954461 0.0
1211 -0.004833315380570346 0.0
1212 -0.004831652996069366 0.0
1213 -0.004829975893515432 0.0
1214 -0.00482828407801729 0.0
1215 -0.004826577554728503 0.0
1216 -0.004824856328847437 0.0
1217 -0.004823120405617245 0.0
1218 -0.004821369790325849 0.0
1219 -0.004819604488305928 0.0
1220 -0.004817824504934897 0.0
1221 -0.004816029845634895 0.0
1222 -0.004814220515872765 0.0
1223 -0.00481239652116004 0.0
1224 -0.004810557867052923 0.0
1225 -0.004808704559152274 0.0
1226 -0.004806836603103591 0.0
1227 -0.00480495400459699 0.0
1228 -0.004803056769367194 0.0
1229 -0.004801144903193511 0.0
1230 -0.0047992184118998155 0.0
1231 -0.004797277301354534 0.0
1232 -0.0047953215774706286 0.0
1233 -0.00479335124620557 0.0
1234 -0.0047913663135613314 0.0
1235 -0.004789366785584361 0.0
1236 -0.004787352668365567 0.0
1237 -0.0047853239680403 0.0
1238 -0.0047832806907883345 0.0
1239 -0.004781222842833846 0.0
1240 -0.004779150430445397 0.0
1241 -0.004777063459935913 0.0
1242 -0.004774961937662671 0.0
1243 -0.00477284587002727 0.0
1244 -0.0047707152634756216 0.0
1245 -0.00476857012449792 0.0
1246 -0.0047664104596286325 0.0
1247 -0.004764236275446472 0.0
1248 -0.00476204757857438 0.0
1249 -0.004759844375679508 0.0
1250 -0.004757626673473194 0.0
1251 -0.004755394478710943 0.0
1252 -0.004753147798192407 0.0
1253 -0.004750886638761365 0.0
1254 -0.0047486110073057 0.0
1255 -0.004746320910757382 0.0
1256 -0.0047440163560924405 0.0
1257 -0.00474169735033095 0.0
1258 -0.004739363900537002 0.0
1259 -0.004737016013818691 0.0
1260 -0.004734653697328087 0.0
1261 -0.004732276958261216 0.0
1262 -0.004729885803858036 0.0
1263 -0.00472748024140242 0.0
1264 -0.0047250602782221264 0.0
1265 -0.004722625921688784 0.0
1266 -0.004720177179217864 0.0
1267 -0.004717714058268663 0.0
1268 -0.00471523656634427 0.0
1269 -0.00471274471099156 0.0
1270 -0.004710238499801154 0.0
1271 -0.004707717940407407 0.0
1272 -0.004705183040488378 0.0
1273 -0.004702633807765814 0.0
1274 -0.004700070250005119 0.0
1275 -0.004697492375015335 0.0
1276 -0.0046949001906491155 0.0
1277 -0.004692293704802704 0.0
1278 -0.004689672925415909 0.0
1279 -0.004687037860472078 0.0
1280 -0.004684388517998077 0.0
1281 -0.004681724906064261 0.0
1282 -0.004679047032784455 0.0
1283 -0.004676354906315926 0.0
1284 -0.004673648534859357 0.0
1285 -0.004670927926658825 0.0
1286 -0.004668193090001774 0.0
1287 -0.004665444033218993 0.0
1288 -0.004662680764684584 0.0
1289 -0.004659903292815941 0.0
1290 -0.004657111626073726 0.0
1291 -0.004654305772961841 0.0
1292 -0.004651485742027401 0.0
1293 -0.0046486515418607075 0.0
1294 -0.004645803181095228 0.0
1295 -0.004642940668407561 0.0
1296 -0.004640064012517418 0.0
1297 -0.004637173222187593 0.0
1298 -0.004634268306223932 0.0
1299 -0.004631349273475315 0.0
1300 -0.004628416132833621 0.0
1301 -0.004625468893233704 0.0
1302 -0.004622507563653369 0.0
1303 -0.004619532153113339 0.0
1304 -0.004616542670677229 0.0
1305 -0.004613539125451523 0.0
1306 -0.004610521526585539 0.0
1307 -0.0046074898832714085 0.0
1308 -0.00460444420474404 0.0
1309 -0.0046013845002811 0.0
1310 -0.0045983107792029795 0.0
1311 -0.004595223050872766 0.0
1312 -0.004592121324696214 0.0
1313 -0.00458900561012172 0.0
1314 -0.00458587591664029 0.0
1315 -0.004582732253785516 0.0
1316 -0.004579574631133537 0.0
1317 -0.004576403058303023 0.0
1318 -0.004573217544955131 0.0
1319 -0.004570018100793488 0.0
1320 -0.004566804735564157 0.0
1321 -0.004563577459055605 0.0
1322 -0.004560336281098677 0.0
1323 -0.004557081211566561 0.0
1324 -0.004553812260374765 0.0
1325 -0.004550529437481081 0.0
1326 -0.004547232752885558 0.0
1327 -0.004543922216630466 0.0
1328 -0.004540597838800274 0.0
1329 -0.004537259629521615 0.0
1330 -0.004533907598963251 0.0
1331 -0.0045305417573360506 0.0
1332 -0.004527162114892948 0.0
1333 -0.004523768681928923 0.0
1334 -0.004520361468780961 0.0
1335 -0.004516940485828022 0.0
1336 -0.004513505743491015 0.0
1337 -0.00451005725223276 0.0
1338 -0.00450659502255796 0.0
1339 -0.0045031190650131675 0.0
1340 -0.004499629390186752 0.0
1341 -0.004496126008708866 0.0
1342 -0.004492608931251418 0.0
1343 -0.004489078168528038 0.0
1344 -0.00448553373129404 0.0
1345 -0.004481975630346395 0.0
1346 -0.004478403876523694 0.0
1347 -0.004474818480706119 0.0
1348 -0.004471219453815409 0.0
1349 -0.004467606806814824 0.0
1350 -0.004463980550709112 0.0
1351 -0.004460340696544478 0.0
1352 -0.004456687255408549 0.0
1353 -0.0044530202384303426 0.0
1354 -0.004449339656780226 0.0
1355 -0.004445645521669889 0.0
1356 -0.004441937844352309 0.0
1357 -0.004438216636121715 0.0
1358 -0.004434481908313551 0.0
1359 -0.004430733672304446 0.0
1360 -0.0044269719395121756 0.0
1361 -0.004423196721395633 0.0
1362 -0.0044194080294547855 0.0
1363 -0.004415605875230646 0.0
1364 -0.004411790270305237 0.0
1365 -0.004407961226301549 0.0
1366 -0.004404118754883519 0.0
1367 -0.0044002628677559785 0.0
1368 -0.004396393576664629 0.0
1369 -0.004392510893396002 0.0
1370 -0.004388614829777425 0.0
1371 -0.0043847053976769825 0.0
1372 -0.004380782609003482 0.0
1373 -0.00437684647570642 0.0
1374 -0.0043728970097759385 0.0
1375 -0.004368934223242799 0.0
1376 -0.004364958128178335 0.0
1377 -0.0043609687366944205 0.0
1378 -0.004356966060943434 0.0
1379 -0.004352950113118222 0.0
1380 -0.004348920905452057 0.0
1381 -0.004344878450218603 0.0
1382 -0.004340822759731882 0.0
1383 -0.004336753846346229 0.0
1384 -0.0043326717224562595 0.0
1385 -0.004328576400496832 0.0
1386 -0.004324467892943007 0.0
1387 -0.00432034621231001 0.0
1388 -0.004316211371153197 0.0
1389 -0.0043120633820680114 0.0
1390 -0.0043079022576899455 0.0
1391 -0.004303728010694506 0.0
1392 -0.004299540653797172 0.0
1393 -0.004295340199753362 0.0
1394 -0.004291126661358387 0.0
1395 -0.004286900051447413 0.0
1396 -0.004282660382895429 0.0
1397 -0.004278407668617199 0.0
1398 -0.00427414192156723 0.0
1399 -0.004269863154739728 0.0
1400 -0.004265571381168555 0.0
1401 -0.0042612666139272 0.0
1402 -0.004256948866128731 0.0
1403 -0.004252618150925758 0.0
1404 -0.004248274481510387 0.0
1405 -0.00424391787111419 0.0
1406 -0.004239548333008158 0.0
1407 -0.004235165880502661 0.0
1408 -0.004230770526947411 0.0
1409 -0.004226362285731416 0.0
1410 -0.004221941170282943 0.0
1411 -0.004217507194069477 0.0
1412 -0.004213060370597679 0.0
1413 -0.004208600713413344 0.0
1414 -0.00420412823610136 0.0
1415 -0.0041996429522856695 0.0
1416 -0.004195144875629225 0.0
1417 -0.004190634019833949 0.0
1418 -0.004186110398640688 0.0
1419 -0.0041815740258291795 0.0
1420 -0.004177024915218001 0.0
1421 -0.004172463080664529 0.0
1422 -0.004167888536064908 0.0
1423 -0.0041633012953539925 0.0
1424 -0.00415870137250531 0.0
1425 -0.004154088781531028 0.0
1426 -0.0041494635364818944 0.0
1427 -0.004144825651447211 0.0
1428 -0.004140175140554778 0.0
1429 -0.004135512017970858 0.0
1430 -0.004130836297900133 0.0
1431 -0.004126147994585656 0.0
1432 -0.004121447122308811 0.0
1433 -0.0041167336953892705 0.0
1434 -0.004112007728184952 0.0
1435 -0.00410726923509197 0.0
1436 -0.004102518230544597 0.0
1437 -0.004097754729015216 0.0
1438 -0.004092978745014277 0.0
1439 -0.00408819029309026 0.0
1440 -0.004083389387829616 0.0
1441 -0.004078576043856737 0.0
1442 -0.004073750275833904 0.0
1443 -0.00406891209846124 0.0
1444 -0.0040640615264766755 0.0
1445 -0.004059198574655894 0.0
1446 -0.004054323257812289 0.0
1447 -0.004049435590796921 0.0
1448 -0.0040445355884984715 0.0
1449 -0.004039623265843197 0.0
1450 -0.004034698637794886 0.0
1451 -0.004029761719354808 0.0
1452 -0.0040248125255616714 0.0
1453 -0.004019851071491582 0.0
1454 -0.0040148773722579875 0.0
1455 -0.004009891443011638 0.0
1456 -0.004004893298940539 0.0
1457 -0.0039998829552699055 0.0
1458 -0.0039948604272621105 0.0
1459 -0.003989825730216648 0.0
1460 -0.003984778879470078 0.0
1461 -0.003979719890395981 0.0
1462 -0.003974648778404918 0.0
1463 -0.003969565558944374 0.0
1464 -0.003964470247498716 0.0
1465 -0.003959362859589149 0.0
1466 -0.003954243410773659 0.0
1467 -0.003949111916646978 0.0
1468 -0.003943968392840525 0.0
1469 -0.003938812855022368 0.0
1470 -0.003933645318897164 0.0
1471 -0.00392846580020613 0.0
1472 -0.003923274314726977 0.0
1473 -0.003918070878273868 0.0
1474 -0.003912855506697374 0.0
1475 -0.0039076282158844195 0.0
1476 -0.0039023890217582424 0.0
1477 -0.003897137940278335 0.0
1478 -0.003891874987440401 0.0
1479 -0.003886600179276308 0.0
1480 -0.0038813135318540378 0.0
1481 -0.003876015061277634 0.0
1482 -0.003870704783687158 0.0
1483 -0.0038653827152586345 0.0
1484 -0.0038600488722040074 0.0
1485 -0.003854703270771089 0.0
1486 -0.0038493459272435073 0.0
1487 -0.0038439768579406597 0.0
1488 -0.0038385960792176634 0.0
1489 -0.003833203607465301 0.0
1490 -0.00382779945910998 0.0
1491 -0.003822383650613672 0.0
1492 -0.0038169561984738674 0.0
1493 -0.003811517119223529 0.0
1494 -0.0038060664294310353 0.0
1495 -0.0038006041457001303 0.0
1496 -0.003795130284669881 0.0
1497 -0.0037896448630146155 0.0
1498 -0.0037841478974438778 0.0
1499 -0.0037786394047023817 0.0
1500 -0.0037731194015699497 0.0
1501 -0.0037675879048614694 0.0
1502 -0.0037620449314268367 0.0
1503 -0.003756490498150913 0.0
1504 -0.0037509246219534637 0.0
1505 -0.0037453473197891145 0.0
1506 -0.003739758608647293 0.0
1507 -0.003734158505552182 0.0
1508 -0.0037285470275626696 0.0
1509 -0.0037229241917722897 0.0
1510 -0.0037172900153091748 0.0
1511 -0.0037116445153360027 0.0
1512 -0.0037059877090499472 0.0
1513 -0.003700319613682621 0.0
1514 -0.0036946402465000247 0.0
1515 -0.0036889496248024957 0.0
1516 -0.003683247765924654 0.0
1517 -0.003677534687235353 0.0
1518 -0.00367181040613762 0.0
1519 -0.0036660749400686072 0.0
1520 -0.0036603283064995393 0.0
1521 -0.0036545705229356577 0.0
1522 -0.0036488016069161724 0.0
1523 -0.0036430215760142 0.0
1524 -0.0036372304478367173 0.0
1525 -0.003631428240024504 0.0
1526 -0.0036256149702520945 0.0
1527 -0.003619790656227714 0.0
1528 -0.0036139553156932344 0.0
1529 -0.003608108966424113 0.0
1530 -0.0036022516262293465 0.0
1531 -0.0035963833129514073 0.0
1532 -0.0035905040444661938 0.0
1533 -0.003584613838682981 0.0
1534 -0.0035787127135443546 0.0
1535 -0.0035728006870261657 0.0
1536 -0.0035668777771374733 0.0
1537 -0.0035609440019204876 0.0
1538 -0.0035549993794505162 0.0
1539 -0.0035490439278359097 0.0
1540 -0.0035430776652180087 0.0
1541 -0.0035371006097710826 0.0
1542 -0.003531112779702279 0.0
1543 -0.003525114193251567 0.0
1544 -0.0035191048686916784 0.0
1545 -0.003513084824328063 0.0
1546 -0.0035070540784988163 0.0
1547 -0.0035010126495746375 0.0
1548 -0.003494960555958765 0.0
1549 -0.0034888978160869284 0.0
1550 -0.003482824448427283 0.0
1551 -0.0034767404714803607 0.0
1552 -0.00347064590377901 0.0
1553 -0.0034645407638883388 0.0
1554 -0.0034584250704056663 0.0
1555 -0.0034522988419604527 0.0
1556 -0.0034461620972142536 0.0
1557 -0.0034400148548606553 0.0
1558 -0.003433857133625227 0.0
1559 -0.0034276889522654548 0.0
1560 -0.0034215103295706885 0.0
1561 -0.0034153212843620845 0.0
1562 -0.0034091218354925456 0.0
1563 -0.003402912001846672 0.0
1564 -0.003396691802340692 0.0
1565 -0.0033904612559224117 0.0
1566 -0.003384220381571156 0.0
1567 -0.0033779691982977113 0.0
1568 -0.003371707725144266 0.0
1569 -0.0033654359811843516 0.0
1570 -0.0033591539855227907 0.0
1571 -0.00335286175729563 0.0
1572 -0.003346559315670086 0.0
1573 -0.0033402466798444917 0.0
1574 -0.0033339238690482304 0.0
1575 -0.00332759090254168 0.0
1576 -0.003321247799616152 0.0
1577 -0.003314894579593842 0.0
1578 -0.0033085312618277582 0.0
1579 -0.0033021578657016705 0.0
1580 -0.0032957744106300465 0.0
1581 -0.0032893809160580018 0.0
1582 -0.0032829774014612265 0.0
1583 -0.0032765638863459373 0.0
1584 -0.0032701403902488132 0.0
1585 -0.0032637069327369366 0.0
1586 -0.003257263533407737 0.0
1587 -0.0032508102118889255 0.0
1588 -0.0032443469878384377 0.0
1589 -0.0032378738809443757 0.0
1590 -0.0032313909109249433 0.0
1591 -0.0032248980975283954 0.0
1592 -0.0032183954605329657 0.0
1593 -0.003211883019746814 0.0
1594 -0.0032053607950079635 0.0
1595 -0.0031988288061842447 0.0
1596 -0.003192287073173226 0.0
1597 -0.0031857356159021616 0.0
1598 -0.0031791744543279263 0.0
1599 -0.0031726036084369544 0.0
1600 -0.0031660230982451854 0.0
1601 -0.0031594329437979927 0.0
1602 -0.0031528331651701296 0.0
1603 -0.0031462237824656653 0.0
1604 -0.0031396048158179287 0.0
1605 -0.0031329762853894378 0.0
1606 -0.003126338211371845 0.0
1607 -0.0031196906139858782 0.0
1608 -0.0031130335134812704 0.0
1609 -0.003106366930136702 0.0
1610 -0.0030996908842597457 0.0
1611 -0.003093005396186793 0.0
1612 -0.003086310486282999 0.0
1613 -0.0030796061749422234 0.0
1614 -0.0030728924825869585 0.0
1615 -0.0030661694296682776 0.0
1616 -0.003059437036665764 0.0
1617 -0.0030526953240874537 0.0
1618 -0.0030459443124697754 0.0
1619 -0.0030391840223774795 0.0
1620 -0.0030324144744035826 0.0
1621 -0.0030256356891693007 0.0
1622 -0.0030188476873239884 0.0
1623 -0.00301205048954508 0.0
1624 -0.003005244116538017 0.0
1625 -0.002998428589036192 0.0
1626 -0.0029916039278008806 0.0
1627 -0.00298477015362119 0.0
1628 -0.0029779272873139786 0.0
1629 -0.0029710753497238043 0.0
1630 -0.0029642143617228576 0.0
1631 -0.0029573443442108944 0.0
1632 -0.0029504653181151854 0.0
1633 -0.0029435773043904336 0.0
1634 -0.0029366803240187243 0.0
1635 -0.002929774398009453 0.0
1636 -0.002922859547399273 0.0
1637 -0.0029159357932520154 0.0
1638 -0.0029090031566586364 0.0
1639 -0.00290206165873715 0.0
1640 -0.00289511132063256 0.0
1641 -0.0028881521635168057 0.0
1642 -0.002881184208588685 0.0
1643 -0.0028742074770737942 0.0
1644 -0.002867221990224473 0.0
1645 -0.002860227769319721 0.0
1646 -0.0028532248356651496 0.0
1647 -0.00284621321059291 0.0
1648 -0.0028391929154616283 0.0
1649 -0.0028321639716563382 0.0
1650 -0.002825126400588425 0.0
1651 -0.0028180802236955496 0.0
1652 -0.002811025462441588 0.0
1653 -0.002803962138316567 0.0
1654 -0.002796890272836595 0.0
1655 -0.002789809887543805 0.0
1656 -0.0027827210040062746 0.0
1657 -0.0027756236438179743 0.0
1658 -0.0027685178285986912 0.0
1659 -0.002761403579993975 0.0
1660 -0.002754280919675059 0.0
1661 -0.002747149869338802 0.0
1662 -0.002740010450707619 0.0
1663 -0.002732862685529416 0.0
1664 -0.0027257065955775296 0.0
1665 -0.002718542202650648 0.0
1666 -0.002711369528572756 0.0
1667 -0.0027041885951930604 0.0
1668 -0.00269699942438593 0.0
1669 -0.002689802038050829 0.0
1670 -0.0026825964581122415 0.0
1671 -0.0026753827065196145 0.0
1672 -0.0026681608052472844 0.0
1673 -0.002660930776294419 0.0
1674 -0.002653692641684938 0.0
1675 -0.002646446423467455 0.0
1676 -0.0026391921437152067 0.0
1677 -0.0026319298245259864 0.0
1678 -0.0026246594880220808 0.0
1679 -0.0026173811563501943 0.0
1680 -0.002610094851681385 0.0
1681 -0.0026028005962110056 0.0
1682 -0.0025954984121586196 0.0
1683 -0.0025881883217679456 0.0
1684 -0.0025808703473067895 0.0
1685 -0.0025735445110669692 0.0
1686 -0.00256621083536425 0.0
1687 -0.002558869342538285 0.0
1688 -0.002551520054952531 0.0
1689 -0.0025441629949941934 0.0
1690 -0.0025367981850741524 0.0
1691 -0.0025294256476268953 0.0
1692 -0.002522045405110452 0.0
1693 -0.00251465748000632 0.0
1694 -0.0025072618948194006 0.0
1695 -0.0024998586720779274 0.0
1696 -0.002492447834333403 0.0
1697 -0.002485029404160524 0.0
1698 -0.0024776034041571146 0.0
1699 -0.0024701698569440586 0.0
1700 -0.0024627287851652284 0.0
1701 -0.002455280211487423 0.0
1702 -0.002447824158600287 0.0
1703 -0.002440360649216251 0.0
1704 -0.002432889706070457 0.0
1705 -0.0024254113519206976 0.0
1706 -0.002417925609547334 0.0
1707 -0.002410432501753236 0.0
1708 -0.0024029320513637093 0.0
1709 -0.0023954242812264247 0.0
1710 -0.002387909214211356 0.0
1711 -0.002380386873210698 0.0
1712 -0.002372857281138807 0.0
1713 -0.002365320460932126 0.0
1714 -0.0023577764355491144 0.0
1715 -0.0023502252279701853 0.0
1716 -0.0023426668611976247 0.0
1717 -0.0023351013582555277 0.0
1718 -0.002327528742189731 0.0
1719 -0.0023199490360677343 0.0
1720 -0.002312362262978636 0.0
1721 -0.002304768446033066 0.0
1722 -0.002297167608363106 0.0
1723 -0.002289559773122224 0.0
1724 -0.002281944963485208 0.0
1725 -0.0022743232026480884 0.0
1726 -0.00226669451382807 0.0
1727 -0.00225905892026346 0.0
1728 -0.002251416445213604 0.0
1729 -0.0022437671119588053 0.0
1730 -0.002236110943800259 0.0
1731 -0.0022284479640599813 0.0
1732 -0.002220778196080735 0.0
1733 -0.0022131016632259684 0.0
1734 -0.002205418388879729 0.0
1735 -0.0021977283964466033 0.0
1736 -0.0021900317093516398 0.0
1737 -0.0021823283510402866 0.0
1738 -0.0021746183449783065 0.0
1739 -0.002166901714651715 0.0
1740 -0.002159178483566707 0.0
1741 -0.0021514486752495813 0.0
1742 -0.0021437123132466785 0.0
1743 -0.0021359694211242975 0.0
1744 -0.0021282200224686295 0.0
1745 -0.0021204641408856875 0.0
1746 -0.00211270180000123 0.0
1747 -0.002104933023460697 0.0
1748 -0.0020971578349291272 0.0
1749 -0.002089376258091094 0.0
1750 -0.0020815883166506273 0.0
1751 -0.002073794034331151 0.0
1752 -0.0020659934348753995 0.0
1753 -0.0020581865420453514 0.0
1754 -0.002050373379622154 0.0
1755 -0.002042553971406059 0.0
1756 -0.0020347283412163377 0.0
1757 -0.0020268965128912154 0.0
1758 -0.002019058510287803 0.0
1759 -0.0020112143572820138 0.0
1760 -0.0020033640777684966 0.0
1761 -0.0019955076956605674 0.0
1762 -0.0019876452348901274 0.0
1763 -0.0019797767194075955 0.0
1764 -0.001971902173181832 0.0
1765 -0.001964021620200075 0.0
1766 -0.0019561350844678528 0.0
1767 -0.0019482425900089217 0.0
1768 -0.0019403441608651878 0.0
1769 -0.0019324398210966351 0.0
1770 -0.0019245295947812563 0.0
1771 -0.0019166135060149708 0.0
1772 -0.0019086915789115584 0.0
1773 -0.0019007638376025806 0.0
1774 -0.0018928303062373162 0.0
1775 -0.0018848910089826756 0.0
1776 -0.001876945970023135 0.0
1777 -0.0018689952135606616 0.0
1778 -0.0018610387638146354 0.0
1779 -0.0018530766450217868 0.0
1780 -0.0018451088814361086 0.0
1781 -0.0018371354973287903 0.0
1782 -0.0018291565169881404 0.0
1783 -0.0018211719647195212 0.0
1784 -0.0018131818648452612 0.0
1785 -0.0018051862417045909 0.0
1786 -0.0017971851196535644 0.0
1787 -0.0017891785230649854 0.0
1788 -0.0017811664763283394 0.0
1789 -0.0017731490038497087 0.0
1790 -0.0017651261300517045 0.0
1791 -0.0017570978793733899 0.0
1792 -0.0017490642762702127 0.0
1793 -0.0017410253452139193 0.0
1794 -0.0017329811106924855 0.0
1795 -0.0017249315972100493 0.0
1796 -0.001716876829286822 0.0
1797 -0.0017088168314590224 0.0
1798 -0.001700751628278805 0.0
1799 -0.001692681244314176 0.0
1800 -0.0016846057041489239 0.0
1801 -0.001676525032382543 0.0
1802 -0.001668439253630165 0.0
1803 -0.0016603483925224718 0.0
1804 -0.0016522524737056297 0.0
1805 -0.0016441515218412095 0.0
1806 -0.0016360455616061195 0.0
1807 -0.0016279346176925184 0.0
1808 -0.001619818714807748 0.0
1809 -0.0016116978776742554 0.0
1810 -0.0016035721310295177 0.0
1811 -0.001595441499625972 0.0
1812 -0.0015873060082309293 0.0
1813 -0.001579165681626508 0.0
1814 -0.0015710205446095543 0.0
1815 -0.0015628706219915657 0.0
1816 -0.0015547159385986245 0.0
1817 -0.0015465565192713086 0.0
1818 -0.0015383923888646238 0.0
1819 -0.0015302235722479255 0.0
1820 -0.0015220500943048496 0.0
1821 -0.001513871979933226 0.0
1822 -0.0015056892540450083 0.0
1823 -0.0014975019415661994 0.0
1824 -0.001489310067436771 0.0
1825 -0.0014811136566105958 0.0
1826 -0.0014729127340553612 0.0
1827 -0.0014647073247524994 0.0
1828 -0.001456497453697108 0.0
1829 -0.0014482831458978824 0.0
1830 -0.0014400644263770264 0.0
1831 -0.0014318413201701828 0.0
1832 -0.0014236138523263636 0.0
1833 -0.0014153820479078606 0.0
1834 -0.0014071459319901756 0.0
1835 -0.00139890552966195 0.0
1836 -0.0013906608660248763 0.0
1837 -0.001382411966193628 0.0
1838 -0.0013741588552957885 0.0
1839 -0.0013659015584717629 0.0
1840 -0.0013576401008747088 0.0
1841 -0.0013493745076704597 0.0
1842 -0.0013411048040374433 0.0
1843 -0.0013328310151666152 0.0
1844 -0.0013245531662613695 0.0
1845 -0.0013162712825374688 0.0
1846 -0.001307985389222968 0.0
1847 -0.0012996955115581327 0.0
1848 -0.001291401674795372 0.0
1849 -0.0012831039041991492 0.0
1850 -0.0012748022250459123 0.0
1851 -0.0012664966626240136 0.0
1852 -0.0012581872422336412 0.0
1853 -0.0012498739891867283 0.0
1854 -0.0012415569288068853 0.0
1855 -0.001233236086429321 0.0
1856 -0.0012249114874007614 0.0
1857 -0.0012165831570793838 0.0
1858 -0.001208251120834724 0.0
1859 -0.00119991540404761 0.0
1860 -0.001191576032110078 0.0
1861 -0.0011832330304253058 0.0
1862 -0.0011748864244075213 0.0
1863 -0.0011665362394819338 0.0
1864 -0.001158182501084655 0.0
1865 -0.001149825234662618 0.0
1866 -0.0011414644656735106 0.0
1867 -0.0011331002195856827 0.0
1868 -0.0011247325218780764 0.0
1869 -0.0011163613980401542 0.0
1870 -0.0011079868735718091 0.0
1871 -0.0010996089739832926 0.0
1872 -0.0010912277247951446 0.0
1873 -0.0010828431515381009 0.0
1874 -0.001074455279753024 0.0
1875 -0.0010660641349908297 0.0
1876 -0.0010576697428123988 0.0
1877 -0.0010492721287885054 0.0
1878 -0.0010408713184997382 0.0
1879 -0.0010324673375364196 0.0
1880 -0.0010240602114985381 0.0
1881 -0.001015649965995655 0.0
1882 -0.0010072366266468367 0.0
1883 -0.0009988202190805721 0.0
1884 -0.0009904007689347022 0.0
1885 -0.0009819783018563304 0.0
1886 -0.0009735528435017518 0.0
1887 -0.0009651244195363739 0.0
1888 -0.0009566930556346357 0.0
1889 -0.0009482587774799381 0.0
1890 -0.0009398216107645527 0.0
1891 -0.0009313815811895529 0.0
1892 -0.0009229387144647323 0.0
1893 -0.0009144930363085248 0.0
1894 -0.0009060445724479355 0.0
1895 -0.000897593348618448 0.0
1896 -0.0008891393905639559 0.0
1897 -0.0008806827240366793 0.0
1898 -0.0008722233747970955 0.0
1899 -0.0008637613686138469 0.0
1900 -0.0008552967312636721 0.0
1901 -0.0008468294885313244 0.0
1902 -0.0008383596662094914 0.0
1903 -0.0008298872900987252 0.0
1904 -0.0008214123860073503 0.0
1905 -0.0008129349797513924 0.0
1906 -0.0008044550971545054 0.0
1907 -0.0007959727640478803 0.0
1908 -0.0007874880062701723 0.0
1909 -0.0007790008496674297 0.0
1910 -0.000770511320093001 0.0
1911 -0.0007620194434074636 0.0
1912 -0.0007535252454785507 0.0
1913 -0.0007450287521810604 0.0
1914 -0.0007365299893967846 0.0
1915 -0.0007280289830144287 0.0
1916 -0.00071952575892953 0.0
1917 -0.0007110203430443887 0.0
1918 -0.0007025127612679738 0.0
1919 -0.0006940030395158551 0.0
1920 -0.0006854912037101189 0.0
1921 -0.000676977279779297 0.0
1922 -0.0006684612936582765 0.0
1923 -0.0006599432712882279 0.0
1924 -0.0006514232386165246 0.0
1925 -0.0006429012215966615 0.0
1926 -0.0006343772461881846 0.0
1927 -0.0006258513383565992 0.0
1928 -0.0006173235240732992 0.0
1929 -0.0006087938293154836 0.0
1930 -0.0006002622800660862 0.0
1931 -0.0005917289023136835 0.0
1932 -0.000583193722052424 0.0
1933 -0.0005746567652819471 0.0
1934 -0.0005661180580073012 0.0
1935 -0.0005575776262388741 0.0
1936 -0.0005490354959922997 0.0
1937 -0.0005404916932883882 0.0
1938 -0.0005319462441530446 0.0
1939 -0.0005233991746171864 0.0
1940 -0.0005148505107166742 0.0
1941 -0.0005063002784922188 0.0
1942 -0.0004977485039893078 0.0
1943 -0.000489195213258134 0.0
1944 -0.00048064043235350224 0.0
1945 -0.0004720841873347564 0.0
1946 -0.0004635265042657072 0.0
1947 -0.00045496740921453896 0.0
1948 -0.0004464069282537376 0.0
1949 -0.000437845087460017 0.0
1950 -0.0004292819129142269 0.0
1951 -0.00042071743070128207 0.0
1952 -0.00041215166691007835 0.0
1953 -0.00040358464763342217 0.0
1954 -0.0003950163989679377 0.0
1955 -0.00038644694701399655 0.0
1956 -0.0003778763178756353 0.0
1957 -0.0003693045376604746 0.0
1958 -0.00036073163247964785 0.0
1959 -0.0003521576284477089 0.0
1960 -0.00034358255168256085 0.0
1961 -0.0003350064283053725 0.0
1962 -0.0003264292844405074 0.0
1963 -0.000317851146215431 0.0
1964 -0.00030927203976064 0.0
1965 -0.00030069199120958057 0.0
1966 -0.0002921110266985663 0.0
1967 -0.0002835291723667077 0.0
1968 -0.00027494645435581906 0.0
1969 -0.000266362898810348 0.0
1970 -0.00025777853187729336 0.0
1971 -0.0002491933797061232 0.0
1972 -0.0002406074684487044 0.0
1973 -0.00023202082425920946 0.0
1974 -0.0002234334732940457 0.0
1975 -0.00021484544171177127 0.0
1976 -0.00020625675567302406 0.0
1977 -0.0001976674413404291 0.0
1978 -0.00018907752487852737 0.0
1979 -0.000180487032453692 0.0
1980 -0.00017189599023405709 0.0
1981 -0.0001633044243894249 0.0
1982 -0.00015471236109119288 0.0
1983 -0.0001461198265122802 0.0
1984 -0.00013752684682703518 0.0
1985 -0.00012893344821116203 0.0
1986 -0.00012033965684164756 0.0
1987 -0.00011174549889666849 0.0
1988 -0.00010315100055552038 0.0
1989 -9.455618799853347e-05 0.0
1990 -8.596108740700172e-05 0.0
1991 -7.736572496308997e-05 0.0
1992 -6.877012684976285e-05 0.0
1993 -6.0174319250702924e-05 0.0
1994 -5.1578328350228666e-05 0.0
1995 -4.298218033322349e-05 0.0
1996 -3.438590138504284e-05 0.0
1997 -2.5789517691443224e-05 0.0
1998 -1.7193055438497993e-05 0.0
1999 -8.596540812526381e-06 0.0
2000 0.0 0.0
2001 0.0 0.0
2002 0.0 0.0
2003 0.0 0.0
2004 0.0 0.0
2005 0.0 0.0
2006 0.0 0.0
2007 0.0 0.0
2008 0.0 0.0
2009 0.0 0.0
2010 0.0 0.0
2011 0.0 0.0
2012 0.0 0.0
2013 0.0 0.0
2014 0.0 0.0
2015 0.0 0.0
2016 0.0 0.0
2017 0.0 0.0
2018 0.0 0.0
2019 0.0 0.0
2020 0.0 0.0
2021 0.0 0.0
2022 0.0 0.0
2023 0.0 0.0
2024 0.0 0.0
2025 0.0 0.0
2026 0.0 0.0
2027 0.0 0.0
2028 0.0 0.0
2029 0.0 0.0
2030 0.0 0.0
2031 0.0 0.0
2032 0.0 0.0
2033 0.0 0.0
2034 0.0 0.0
2035 0.0 0.0
2036 0.0 0.0
2037 0.0 0.0
2038 0.0 0.0
2039 0.0 0.0
2040 0.0 0.0
2041 0.0 0.0
2042 0.0 0.0
2043 0.0 0.0
2044 0.0 0.0
2045 0.0 0.0
2046 0.0 0.0
2047 0.0 0.0
2048 0.0 0.0
2049 0.0 0.0
2050 0.0 0.0
2051 0.0 0.0
2052 0.0 0.0
2053 0.0 0.0
2054 0.0 0.0
2055 0.0 0.0
2056 0.0 0.0
2057 0.0 0.0
2058 0.0 0.0
2059 0.0 0.0
2060 0.0 0.0
2061 0.0 0.0
2062 0.0 0.0
2063 0.0 0.0
2064 0.0 0.0
2065 0.0 0.0
2066 0.0 0.0
2067 0.0 0.0
2068 0.0 0.0
2069 0.0 0.0
2070 0.0 0.0
2071 0.0 0.0
2072 0.0 0.0
2073 0.0 0.0
2074 0.0 0.0
2075 0.0 0.0
2076 0.0 0.0
2077 0.0 0.0
2078 0.0 0.0
2079 0.0 0.0
2080 0.0 0.0
2081 0.0 0.0
2082 0.0 0.0
2083 0.0 0.0
2084 0.0 0.0
2085 0.0 0.0
2086 0.0 0.0
2087 0.0 0.0
2088 0.0 0.0
2089 0.0 0.0
2090 0.0 0.0
2091 0.0 0.0
2092 0.0 0.0
2093 0.0 0.0
2094 0.0 0.0
2095 0.0 0.0
2096 0.0 0.0
2097 0.0 0.0
2098 0.0 0.0
2099 0.0 0.0
2100 0.0 0.0
2101 0.0 0.0
2102 0.0 0.0
2103 0.0 0.0
2104 0.0 0.0
2105 0.0 0.0
2106 0.0 0.0
2107 0.0 0.0
2108 0.0 0.0
2109 0.0 0.0
2110 0.0 0.0
2111 0.0 0.0
2112 0.0 0.0
2113 0.0 0.0
2114 0.0 0.0
2115 0.0 0.0
2116 0.0 0.0
2117 0.0 0.0
2118 0.0 0.0
2119 0.0 0.0
2120 0.0 0.0
2121 0.0 0.0
2122 0.0 0.0
2123 0.0 0.0
2124 0.0 0.0
2125 0.0 0.0
2126 0.0 0.0
2127 0.0 0.0
2128 0.0 0.0
2129 0.0 0.0
2130 0.0 0.0
2131 0.0 0.0
2132 0.0 0.0
2133 0.0 0.0
2134 0.0 0.0
2135 0.0 0.0
2136 0.0 0.0
2137 0.0 0.0
2138 0.0 0.0
2139 0.0 0.0
2140 0.0 0.0
2141 0.0 0.0
2142 0.0 0.0
2143 0.0 0.0
2144 0.0 0.0
2145 0.0 0.0
2146 0.0 0.0
2147 0.0 0.0
2148 0.0 0.0
2149 0.0 0.0
2150 0.0 0.0
2151 0.0 0.0
2152 0.0 0.0
2153 0.0 0.0
2154 0.0 0.0
2155 0.0 0.0
2156 0.0 0.0
2157 0.0 0.0
2158 0.0 0.0
2159 0.0 0.0
2160 0.0 0.0
2161 0.0 0.0
2162 0.0 0.0
2163 0.0 0.0
2164 0.0 0.0
2165 0.0 0.0
2166 0.0 0.0
2167 0.0 0.0
2168 0.0 0.0
2169 0.0 0.0
2170 0.0 0.0
2171 0.0 0.0
2172 0.0 0.0
2173 0.0 0.0
2174 0.0 0.0
2175 0.0 0.0
2176 0.0 0.0
2177 0.0 0.0
2178 0.0 0.0
2179 0.0 0.0
2180 0.0 0.0
2181 0.0 0.0
2182 0.0 0.0
2183 0.0 0.0
2184 0.0 0.0
2185 0.0 0.0
2186 0.0 0.0
2187 0.0 0.0
2188 0.0 0.0
2189 0.0 0.0
2190 0.0 0.0
2191 0.0 0.0
2192 0.0 0.0
2193 0.0 0.0
2194 0.0 0.0
2195 0.0 0.0
2196 0.0 0.0
2197 0.0 0.0
2198 0.0 0.0
2199 0.0 0.0