2200 0.000002100546602 1.0
2
0 0.0 0.0
1 0.0 0.0
2 0.0 0.0
3 0.0 0.0
4 0.0 0.0
5 0.0 0.0
6 0.0 0.0
7 0.0 0.0
8 0.0 0.0
9 0.0 0.0
10 0.0 0.0
11 0.0 0.0
12 0.0 0.0
13 0.0 0.0
14 0.0 0.0
15 0.0 0.0
16 0.0 0.0
17 0.0 0.0
18 0.0 0.0
19 0.0 0.0
20 0.0 0.0
21 0.0 0.0
22 0.0 0.0
23 0.0 0.0
24 0.0 0.0
25 0.0 0.0
26 0.0 0.0
27 0.0 0.0
28 0.0 0.0
29 0.0 0.0
30 0.0 0.0
31 0.0 0.0
32 0.0 0.0
33 0.0 0.0
34 0.0 0.0
35 0.0 0.0
36 0.0 0.0
37 0.0 0.0
38 0.0 0.0
39 0.0 0.0
40 0.0 0.0
41 0.0 0.0
42 0.0 0.0
43 0.0 0.0
44 0.0 0.0
45 0.0 0.0
46 0.0 0.0
47 0.0 0.0
48 0.0 0.0
49 0.0 0.0
50 0.0 0.0
51 0.0 0.0
52 0.0 0.0
53 0.0 0.0
54 0.0 0.0
55 0.0 0.0
56 0.0 0.0
57 0.0 0.0
58 0.0 0.0
59 0.0 0.0
60 0.0 0.0
61 0.0 0.0
62 0.0 0.0
63 0.0 0.0
64 0.0 0.0
65 0.0 0.0
66 0.0 0.0
67 0.0 0.0
68 0.0 0.0
69 0.0 0.0
70 0.0 0.0
71 0.0 0.0
72 0.0 0.0
73 0.0 0.0
74 0.0 0.0
75 0.0 0.0
76 0.0 0.0
77 0.0 0.0
78 0.0 0.0
79 0.0 0.0
80 0.0 0.0
81 0.0 0.0
82 0.0 0.0
83 0.0 0.0
84 0.0 0.0
85 0.0 0.0
86 0.0 0.0
87 0.0 0.0
88 0.0 0.0
89 0.0 0.0
90 0.0 0.0
91 0.0 0.0
92 0.0 0.0
93 0.0 0.0
94 0.0 0.0
95 0.0 0.0
96 0.0 0.0
97 0.0 0.0
98 0.0 0.0
99 0.0 0.0
100 0.0 0.0
101 0.0 0.0
102 0.0 0.0
103 0.0 0.0
104 0.0 0.0
105 0.0 0.0
106 0.0 0.0
107 0.0 0.0
108 0.0 0.0
109 0.0 0.0
110 0.0 0.0
111 0.0 0.0
112 0.0 0.0
113 0.0 0.0
114 0.0 0.0
115 0.0 0.0
116 0.0 0.0
117 0.0 0.0
118 0.0 0.0
119 0.0 0.0
120 0.0 0.0
121 0.0 0.0
122 0.0 0.0
123 0.0 0.0
124 0.0 0.0
125 0.0 0.0
126 0.0 0.0
127 0.0 0.0
128 0.0 0.0
129 0.0 0.0
130 0.0 0.0
131 0.0 0.0
132 0.0 0.0
133 0.0 0.0
134 0.0 0.0
135 0.0 0.0
136 0.0 0.0
137 0.0 0.0
138 0.0 0.0
139 0.0 0.0
140 0.0 0.0
141 0.0 0.0
142 0.0 0.0
143 0.0 0.0
144 0.0 0.0
145 0.0 0.0
146 0.0 0.0
147 0.0 0.0
148 0.0 0.0
149 0.0 0.0
150 0.0 0.0
151 0.0 0.0
152 0.0 0.0
153 0.0 0.0
154 0.0 0.0
155 0.0 0.0
156 0.0 0.0
157 0.0 0.0
158 0.0 0.0
159 0.0 0.0
160 0.0 0.0
161 0.0 0.0
162 0.0 0.0
163 0.0 0.0
164 0.0 0.0
165 0.0 0.0
166 0.0 0.0
167 0.0 0.0
168 0.0 0.0
169 0.0 0.0
170 0.0 0.0
171 0.0 0.0
172 0.0 0.0
173 0.0 0.0
174 0.0 0.0
175 0.0 0.0
176 0.0 0.0
177 0.0 0.0
178 0.0 0.0
179 0.0 0.0
180 0.0 0.0
181 0.0 0.0
182 0.0 0.0
183 0.0 0.0
184 0.0 0.0
185 0.0 0.0
186 0.0 0.0
187 0.0 0.0
188 0.0 0.0
189 0.0 0.0
190 0.0 0.0
191 0.0 0.0
192 0.0 0.0
193 0.0 0.0
194 0.0 0.0
195 0.0 0.0
196 0.0 0.0
197 0.0 0.0
198 0.0 0.0
199 0.0 0.0
200 0.0 0.0
201 1.0928548848966024e-05 0.0
202 2.1857064407676974e-05 0.0
203 3.278551338597919e-05 0.0
204 4.371386249392181e-05 0.0
205 5.4642078441858216e-05 0.0
206 6.557012794054741e-05 0.0
207 7.649797770125541e-05 0.0
208 8.742559443585672e-05 0.0
209 9.835294485693562e-05 0.0
210 0.00010927999567788767 0.0
211 0.00012020671361302105 0.0
212 0.00013113306537765798 0.0
213 0.000142059017688236 0.0
214 0.0001529845372624097 0.0
215 0.00016390959081915153 0.0
216 0.00017483414507885384 0.0
217 0.00018575816676342968 0.0
218 0.0001966816225964145 0.0
219 0.00020760447930306744 0.0
220 0.00021852670361047276 0.0
221 0.00022944826224764096 0.0
222 0.00024036912194561036 0.0
223 0.00025128924943754844 0.0
224 0.00026220861145885295 0.0
225 0.0002731271747472535 0.0
226 0.00028404490604291285 0.0
227 0.000294961772088528 0.0
228 0.00030587773962943173 0.0
229 0.00031679277541369385 0.0
230 0.0003277068461922224 0.0
231 0.00033861991871886505 0.0
232 0.00034953195975051017 0.0
233 0.0003604429360471885 0.0
234 0.00037135281437217395 0.0
235 0.00038226156149208515 0.0
236 0.0003931691441769864 0.0
237 0.0004040755292004894 0.0
238 0.0004149806833398537 0.0
239 0.00042588457337608876 0.0
240 0.0004367871660940544 0.0
241 0.00044768842828256253 0.0
242 0.00045858832673447786 0.0
243 0.00046948682824681957 0.0
244 0.00048038389962086166 0.0
245 0.0004912795076622353 0.0
246 0.0005021736191810286 0.0
247 0.0005130662009918887 0.0
248 0.0005239572199141222 0.0
249 0.0005348466427717967 0.0
250 0.0005457344363938418 0.0
251 0.0005566205676141499 0.0
252 0.0005675050032716774 0.0
253 0.0005783877102105454 0.0
254 0.0005892686552801417 0.0
255 0.0006001478053352202 0.0
256 0.0006110251272360033 0.0
257 0.000621900587848282 0.0
258 0.0006327741540435172 0.0
259 0.0006436457926989406 0.0
260 0.0006545154706976555 0.0
261 0.0006653831549287376 0.0
262 0.0006762488122873359 0.0
263 0.000687112409674774 0.0
264 0.0006979739139986497 0.0
265 0.0007088332921729375 0.0
266 0.0007196905111180883 0.0
267 0.0007305455377611303 0.0
268 0.0007413983390357698 0.0
269 0.0007522488818824916 0.0
270 0.0007630971332486609 0.0
271 0.0007739430600886225 0.0
272 0.0007847866293638025 0.0
273 0.0007956278080428077 0.0
274 0.0008064665631015284 0.0
275 0.0008173028615232368 0.0
276 0.0008281366702986886 0.0
277 0.0008389679564262232 0.0
278 0.000849796686911865 0.0
279 0.0008606228287694227 0.0
280 0.000871446349020591 0.0
281 0.0008822672146950499 0.0
282 0.0008930853928305659 0.0
283 0.000903900850473092 0.0
284 0.0009147135546768696 0.0
285 0.0009255234725045253 0.0
286 0.0009363305710271757 0.0
287 0.0009471348173245236 0.0
288 0.0009579361784849616 0.0
289 0.0009687346216056702 0.0
290 0.000979530113792719 0.0
291 0.0009903226221611664 0.0
292 0.0010011121138351604 0.0
293 0.0010118985559480385 0.0
294 0.001022681915642427 0.0
295 0.0010334621600703421 0.0
296 0.00104423925639329 0.0
297 0.0010550131717823657 0.0
298 0.0010657838734183553 0.0
299 0.0010765513284918334 0.0
300 0.0010873155042032644 0.0
301 0.0010980763677631022 0.0
302 0.0011088338863918905 0.0
303 0.0011195880273203616 0.0
304 0.0011303387577895373 0.0
305 0.0011410860450508287 0.0
306 0.0011518298563661339 0.0
307 0.0011625701590079413 0.0
308 0.0011733069202594258 0.0
309 0.0011840401074145511 0.0
310 0.0011947696877781676 0.0
311 0.0012054956286661127 0.0
312 0.0012162178974053101 0.0
313 0.00122693646133387 0.0
314 0.0012376512878011878 0.0
315 0.0012483623441680435 0.0
316 0.0012590695978067026 0.0
317 0.0012697730161010127 0.0
318 0.001280472566446506 0.0
319 0.0012911682162504965 0.0
320 0.0013018599329321797 0.0
321 0.0013125476839227332 0.0
322 0.0013232314366654133 0.0
323 0.0013339111586156559 0.0
324 0.0013445868172411767 0.0
325 0.0013552583800220677 0.0
326 0.001365925814450898 0.0
327 0.0013765890880328123 0.0
328 0.0013872481682856302 0.0
329 0.0013979030227399445 0.0
330 0.0014085536189392205 0.0
331 0.0014191999244398956 0.0
332 0.0014298419068114767 0.0
333 0.00144047953363664 0.0
334 0.0014511127725113288 0.0
335 0.0014617415910448542 0.0
336 0.0014723659568599912 0.0
337 0.0014829858375930793 0.0
338 0.0014936012008941197 0.0
339 0.001504212014426875 0.0
340 0.0015148182458689674 0.0
341 0.0015254198629119755 0.0
342 0.001536016833261536 0.0
343 0.0015466091246374393 0.0
344 0.0015571967047737292 0.0
345 0.0015677795414188 0.0
346 0.0015783576023354956 0.0
347 0.0015889308553012089 0.0
348 0.0015994992681079775 0.0
349 0.0016100628085625826 0.0
350 0.001620621444486648 0.0
351 0.0016311751437167383 0.0
352 0.001641723874104455 0.0
353 0.0016522676035165358 0.0
354 0.0016628062998349522 0.0
355 0.0016733399309570077 0.0
356 0.0016838684647954355 0.0
357 0.0016943918692784953 0.0
358 0.001704910112350072 0.0
359 0.0017154231619697729 0.0
360 0.001725930986113026 0.0
361 0.0017364335527711764 0.0
362 0.0017469308299515854 0.0
363 0.001757422785677725 0.0
364 0.0017679093879892792 0.0
365 0.0017783906049422381 0.0
366 0.001788866404608998 0.0
367 0.0017993367550784567 0.0
368 0.0018098016244561096 0.0
369 0.00182026098086415 0.0
370 0.001830714792441565 0.0
371 0.0018411630273442313 0.0
372 0.0018516056537450133 0.0
373 0.0018620426398338599 0.0
374 0.0018724739538179015 0.0
375 0.001882899563921547 0.0
376 0.001893319438386579 0.0
377 0.0019037335454722543 0.0
378 0.0019141418534553956 0.0
379 0.001924544330630492 0.0
380 0.0019349409453097938 0.0
381 0.00194533166582341 0.0
382 0.001955716460519404 0.0
383 0.0019660952977638892 0.0
384 0.0019764681459411284 0.0
385 0.0019868349734536274 0.0
386 0.0019971957487222307 0.0
387 0.0020075504401862207 0.0
388 0.002017899016303411 0.0
389 0.0020282414455502443 0.0
390 0.002038577696421888 0.0
391 0.0020489077374323283 0.0
392 0.0020592315371144696 0.0
393 0.002069549064020227 0.0
394 0.0020798602867206253 0.0
395 0.0020901651738058913 0.0
396 0.0021004636938855513 0.0
397 0.002110755815588528 0.0
398 0.0021210415075632334 0.0
399 0.002131320738477666 0.0
400 0.0021415934770195057 0.0
401 0.0021518596918962095 0.0
402 0.0021621193518351063 0.0
403 0.0021723724255834926 0.0
404 0.002182618881908728 0.0
405 0.0021928586895983287 0.0
406 0.002203091817460066 0.0
407 0.0022133182343220567 0.0
408 0.0022235379090328614 0.0
409 0.00223375081046158 0.0
410 0.002243956907497942 0.0
411 0.002254156169052406 0.0
412 0.0022643485640562533 0.0
413 0.0022745340614616807 0.0
414 0.0022847126302418972 0.0
415 0.002294884239391216 0.0
416 0.0023050488579251524 0.0
417 0.0023152064548805154 0.0
418 0.002325356999315503 0.0
419 0.002335500460309797 0.0
420 0.002345636806964655 0.0
421 0.0023557660084030083 0.0
422 0.0023658880337695523 0.0
423 0.0023760028522308418 0.0
424 0.0023861104329753863 0.0
425 0.002396210745213742 0.0
426 0.0024063037581786052 0.0
427 0.0024163894411249093 0.0
428 0.0024264677633299143 0.0
429 0.0024365386940933026 0.0
430 0.002446602202737273 0.0
431 0.0024566582586066327 0.0
432 0.0024667068310688925 0.0
433 0.0024767478895143568 0.0
434 0.002486781403356221 0.0
435 0.0024968073420306605 0.0
436 0.0025068256749969293 0.0
437 0.0025168363717374457 0.0
438 0.0025268394017578934 0.0
439 0.002536834734587307 0.0
440 0.0025468223397781694 0.0
441 0.0025568021869065032 0.0
442 0.002566774245571964 0.0
443 0.0025767384853979305 0.0
444 0.0025866948760316006 0.0
445 0.0025966433871440807 0.0
446 0.002606583988430483 0.0
447 0.0026165166496100105 0.0
448 0.0026264413404260547 0.0
449 0.002636358030646287 0.0
450 0.002646266690062748 0.0
451 0.0026561672884919435 0.0
452 0.002666059795774934 0.0
453 0.0026759441817774247 0.0
454 0.002685820416389864 0.0
455 0.002695688469527528 0.0
456 0.002705548311130615 0.0
457 0.002715399911164338 0.0
458 0.002725243239619014 0.0
459 0.002735078266510158 0.0
460 0.002744904961878572 0.0
461 0.002754723295790438 0.0
462 0.002764533238337409 0.0
463 0.002774334759636697 0.0
464 0.00278412782983117 0.0
465 0.0027939124190894367 0.0
466 0.002803688497605942 0.0
467 0.002813456035601055 0.0
468 0.00282321500332116 0.0
469 0.0028329653710387516 0.0
470 0.002842707109052516 0.0
471 0.0028524401876874315 0.0
472 0.0028621645772948516 0.0
473 0.0028718802482525997 0.0
474 0.002881587170965057 0.0
475 0.002891285315863253 0.0
476 0.002900974653404957 0.0
477 0.0029106551540747667 0.0
478 0.0029203267883841978 0.0
479 0.0029299895268717754 0.0
480 0.002939643340103121 0.0
481 0.0029492881986710466 0.0
482 0.00295892407319564 0.0
483 0.002968550934324356 0.0
484 0.002978168752732106 0.0
485 0.002987777499121348 0.0
486 0.002997377144222173 0.0
487 0.0030069676587923984 0.0
488 0.003016549013617653 0.0
489 0.003026121179511468 0.0
490 0.003035684127315366 0.0
491 0.00304523782789895 0.0
492 0.003054782252159991 0.0
493 0.003064317371024518 0.0
494 0.003073843155446904 0.0
495 0.0030833595764099596 0.0
496 0.003092866604925015 0.0
497 0.0031023642120320124 0.0
498 0.0031118523687995933 0.0
499 0.0031213310463251865 0.0
500 0.0031308002157350977 0.0
501 0.003140259848184594 0.0
502 0.0031497099148579946 0.0
503 0.0031591503869687573 0.0
504 0.0031685812357595666 0.0
505 0.003178002432502422 0.0
506 0.0031874139484987245 0.0
507 0.003196815755079363 0.0
508 0.003206207823604806 0.0
509 0.0032155901254651825 0.0
510 0.003224962632080374 0.0
511 0.0032343253149001014 0.0
512 0.0032436781454040073 0.0
513 0.003253021095101749 0.0
514 0.003262354135533081 0.0
515 0.0032716772382679433 0.0
516 0.003280990374906549 0.0
517 0.0032902935170794683 0.0
518 0.0032995866364477168 0.0
519 0.0033088697047028407 0.0
520 0.0033181426935670047 0.0
521 0.003327405574793077 0.0
522 0.0033366583201647135 0.0
523 0.0033459009014964497 0.0
524 0.003355133290633778 0.0
525 0.00336435545945324 0.0
526 0.00337356737986251 0.0
527 0.003382769023800482 0.0
528 0.003391960363237352 0.0
529 0.003401141370174706 0.0
530 0.003410312016645604 0.0
531 0.0034194722747146688 0.0
532 0.0034286221164781636 0.0
533 0.0034377615140640853 0.0
534 0.0034468904396322414 0.0
535 0.003456008865374343 0.0
536 0.003465116763514084 0.0
537 0.0034742141063072267 0.0
538 0.0034833008660416862 0.0
539 0.0034923770150376192 0.0
540 0.0035014425256475 0.0
541 0.0035104973702562107 0.0
542 0.003519541521281126 0.0
543 0.0035285749511721927 0.0
544 0.0035375976324120155 0.0
545 0.0035466095375159437 0.0
546 0.003555610639032151 0.0
547 0.0035646009095417217 0.0
548 0.003573580321658732 0.0
549 0.003582548848030336 0.0
550 0.0035915064613368476 0.0
551 0.003600453134291822 0.0
552 0.0036093888396421417 0.0
553 0.0036183135501681 0.0
554 0.003627227238683479 0.0
555 0.0036361298780356387 0.0
556 0.0036450214411055957 0.0
557 0.0036539019008081063 0.0
558 0.0036627712300917508 0.0
559 0.003671629401939014 0.0
560 0.003680476389366368 0.0
561 0.003689312165424355 0.0
562 0.0036981367031976684 0.0
563 0.003706949975805236 0.0
564 0.0037157519564003007 0.0
565 0.003724542618170503 0.0
566 0.0037333219343379637 0.0
567 0.0037420898781593626 0.0
568 0.003750846422926022 0.0
569 0.003759591541963987 0.0
570 0.0037683252086341116 0.0
571 0.00377704739633213 0.0
572 0.003785758078488745 0.0
573 0.00379445722856971 0.0
574 0.003803144820075905 0.0
575 0.0038118208265434184 0.0
576 0.003820485221543631 0.0
577 0.0038291379786832926 0.0
578 0.0038377790716046037 0.0
579 0.0038464084739852984 0.0
580 0.0038550261595387196 0.0
581 0.0038636321020139018 0.0
582 0.003872226275195653 0.0
583 0.00388080865290463 0.0
584 0.003889379208997423 0.0
585 0.0038979379173666308 0.0
586 0.003906484751940944 0.0
587 0.003915019686685223 0.0
588 0.003923542695600575 0.0
589 0.003932053752724437 0.0
590 0.003940552832130655 0.0
591 0.003949039907929557 0.0
592 0.0039575149542680375 0.0
593 0.003965977945329637 0.0
594 0.003974428855334618 0.0
595 0.003982867658540041 0.0
596 0.003991294329239849 0.0
597 0.003999708841764942 0.0
598 0.004008111170483255 0.0
599 0.004016501289799837 0.0
600 0.0040248791741569305 0.0
601 0.004033244798034047 0.0
602 0.004041598135948044 0.0
603 0.004049939162453207 0.0
604 0.004058267852141321 0.0
605 0.004066584179641755 0.0
606 0.004074888119621532 0.0
607 0.00408317964678541 0.0
608 0.00409145873587596 0.0
609 0.004099725361673642 0.0
610 0.004107979498996878 0.0
611 0.004116221122702136 0.0
612 0.004124450207684 0.0
613 0.004132666728875251 0.0
614 0.004140870661246939 0.0
615 0.004149061979808464 0.0
616 0.004157240659607648 0.0
617 0.004165406675730818 0.0
618 0.004173560003302867 0.0
619 0.0041817006174873494 0.0
620 0.004189828493486541 0.0
621 0.004197943606541522 0.0
622 0.0042060459319322495 0.0
623 0.004214135444977638 0.0
624 0.0042222121210356255 0.0
625 0.004230275935503257 0.0
626 0.004238326863816755 0.0
627 0.004246364881451597 0.0
628 0.004254389963922585 0.0
629 0.004262402086783927 0.0
630 0.004270401225629307 0.0
631 0.004278387356091961 0.0
632 0.004286360453844751 0.0
633 0.004294320494600237 0.0
634 0.004302267454110758 0.0
635 0.004310201308168494 0.0
636 0.004318122032605549 0.0
637 0.004326029603294026 0.0
638 0.00433392399614609 0.0
639 0.004341805187114053 0.0
640 0.004349673152190441 0.0
641 0.004357527867408066 0.0
642 0.0043653693088401046 0.0
643 0.004373197452600166 0.0
644 0.004381012274842368 0.0
645 0.004388813751761404 0.0
646 0.0043966018595926245 0.0
647 0.004404376574612102 0.0
648 0.004412137873136705 0.0
649 0.004419885731524174 0.0
650 0.0044276201261731875 0.0
651 0.004435341033523438 0.0
652 0.004443048430055704 0.0
653 0.004450742292291918 0.0
654 0.004458422596795242 0.0
655 0.004466089320170135 0.0
656 0.004473742439062429 0.0
657 0.004481381930159397 0.0
658 0.004489007770189823 0.0
659 0.004496619935924078 0.0
660 0.004504218404174183 0.0
661 0.0045118031517938865 0.0
662 0.004519374155678732 0.0
663 0.004526931392766129 0.0
664 0.004534474840035422 0.0
665 0.004542004474507963 0.0
666 0.004549520273247179 0.0
667 0.004557022213358643 0.0
668 0.004564510271990147 0.0
669 0.004571984426331764 0.0
670 0.004579444653615923 0.0
671 0.004586890931117479 0.0
672 0.00459432323615378 0.0
673 0.004601741546084733 0.0
674 0.004609145838312883 0.0
675 0.00461653609028347 0.0
676 0.004623912279484505 0.0
677 0.004631274383446836 0.0
678 0.004638622379744218 0.0
679 0.004645956245993382 0.0
680 0.004653275959854095 0.0
681 0.004660581499029244 0.0
682 0.004667872841264886 0.0
683 0.00467514996435033 0.0
684 0.004682412846118197 0.0
685 0.0046896614644444876 0.0
686 0.004696895797248656 0.0
687 0.004704115822493668 0.0
688 0.004711321518186077 0.0
689 0.0047185128623760805 0.0
690 0.004725689833157599 0.0
691 0.004732852408668336 0.0
692 0.004740000567089843 0.0
693 0.00474713428664759 0.0
694 0.004754253545611029 0.0
695 0.004761358322293666 0.0
696 0.004768448595053113 0.0
697 0.004775524342291175 0.0
698 0.0047825855424538976 0.0
699 0.004789632174031639 0.0
700 0.004796664215559139 0.0
701 0.004803681645615578 0.0
702 0.0048106844428246484 0.0
703 0.004817672585854615 0.0
704 0.004824646053418382 0.0
705 0.004831604824273558 0.0
706 0.004838548877222519 0.0
707 0.004845478191112478 0.0
708 0.004852392744835541 0.0
709 0.00485929251732878 0.0
710 0.004866177487574289 0.0
711 0.004873047634599257 0.0
712 0.004879902937476023 0.0
713 0.0048867433753221464 0.0
714 0.004893568927300467 0.0
715 0.00490037957261917 0.0
716 0.004907175290531848 0.0
717 0.004913956060337566 0.0
718 0.004920721861380924 0.0
719 0.004927472673052118 0.0
720 0.004934208474787005 0.0
721 0.004940929246067164 0.0
722 0.004947634966419961 0.0
723 0.004954325615418609 0.0
724 0.00496100117268223 0.0
725 0.00496766161787592 0.0
726 0.0049743069307108066 0.0
727 0.0049809370909441155 0.0
728 0.004987552078379228 0.0
729 0.004994151872865745 0.0
730 0.005000736454299549 0.0
731 0.005007305802622862 0.0
732 0.005013859897824311 0.0
733 0.005020398719938984 0.0
734 0.005026922249048497 0.0
735 0.005033430465281046 0.0
736 0.005039923348811476 0.0
737 0.00504640087986134 0.0
738 0.005052863038698954 0.0
739 0.005059309805639462 0.0
740 0.005065741161044892 0.0
741 0.005072157085324222 0.0
742 0.005078557558933433 0.0
743 0.0050849425623755735 0.0
744 0.005091312076200814 0.0
745 0.00509766608100651 0.0
746 0.005104004557437265 0.0
747 0.005110327486184977 0.0
748 0.00511663484798891 0.0
749 0.005122926623635745 0.0
750 0.005129202793959645 0.0
751 0.005135463339842303 0.0
752 0.005141708242213011 0.0
753 0.005147937482048717 0.0
754 0.005154151040374071 0.0
755 0.005160348898261502 0.0
756 0.005166531036831255 0.0
757 0.005172697437251468 0.0
758 0.0051788480807382145 0.0
759 0.005184982948555566 0.0
760 0.005191102022015654 0.0
761 0.0051972052824787165 0.0
762 0.0052032927113531665 0.0
763 0.005209364290095638 0.0
764 0.005215420000211051 0.0
765 0.005221459823252659 0.0
766 0.005227483740822118 0.0
767 0.005233491734569527 0.0
768 0.005239483786193497 0.0
769 0.005245459877441199 0.0
770 0.005251419990108421 0.0
771 0.005257364106039629 0.0
772 0.005263292207128014 0.0
773 0.005269204275315551 0.0
774 0.005275100292593056 0.0
775 0.005280980241000238 0.0
776 0.005286844102625753 0.0
777 0.005292691859607263 0.0
778 0.005298523494131486 0.0
779 0.005304338988434252 0.0
780 0.005310138324800555 0.0
781 0.005315921485564613 0.0
782 0.005321688453109914 0.0
783 0.005327439209869275 0.0
784 0.005333173738324894 0.0
785 0.005338892021008403 0.0
786 0.00534459404050092 0.0
787 0.005350279779433106 0.0
788 0.005355949220485213 0.0
789 0.005361602346387142 0.0
790 0.005367239139918489 0.0
791 0.005372859583908606 0.0
792 0.0053784636612366436 0.0
793 0.005384051354831611 0.0
794 0.0053896226476724245 0.0
795 0.005395177522787961 0.0
796 0.0054007159632571055 0.0
797 0.005406237952208809 0.0
798 0.005411743472822136 0.0
799 0.005417232508326315 0.0
800 0.005422705042000792 0.0
801 0.005428161057175281 0.0
802 0.005433600537229813 0.0
803 0.005439023465594788 0.0
804 0.005444429825751027 0.0
805 0.005449819601229819 0.0
806 0.005455192775612972 0.0
807 0.005460549332532866 0.0
808 0.0054658892556725 0.0
809 0.005471212528765541 0.0
810 0.005476519135596377 0.0
811 0.0054818090600001635 0.0
812 0.005487082285862872 0.0
813 0.005492338797121342 0.0
814 0.00549757857776333 0.0
815 0.005502801611827555 0.0
816 0.005508007883403748 0.0
817 0.005513197376632705 0.0
818 0.005518370075706328 0.0
819 0.00552352596486768 0.0
820 0.005528665028411028 0.0
821 0.005533787250681892 0.0
822 0.005538892616077097 0.0
823 0.005543981109044811 0.0
824 0.005549052714084606 0.0
825 0.005554107415747491 0.0
826 0.005559145198635969 0.0
827 0.005564166047404079 0.0
828 0.0055691699467574456 0.0
829 0.005574156881453323 0.0
830 0.0055791268363006435 0.0
831 0.005584079796160064 0.0
832 0.005589015745944007 0.0
833 0.005593934670616716 0.0
834 0.005598836555194292 0.0
835 0.0056037213847447455 0.0
836 0.005608589144388037 0.0
837 0.005613439819296127 0.0
838 0.00561827339469302 0.0
839 0.005623089855854805 0.0
840 0.005627889188109708 0.0
841 0.005632671376838128 0.0
842 0.005637436407472692 0.0
843 0.005642184265498288 0.0
844 0.0056469149364521175 0.0
845 0.005651628405923736 0.0
846 0.0056563246595551005 0.0
847 0.0056610036830406045 0.0
848 0.005665665462127135 0.0
849 0.0056703099826141 0.0
850 0.005674937230353486 0.0
851 0.005679547191249896 0.0
852 0.005684139851260588 0.0
853 0.005688715196395523 0.0
854 0.005693273212717407 0.0
855 0.005697813886341731 0.0
856 0.005702337203436817 0.0
857 0.005706843150223855 0.0
858 0.005711331712976951 0.0
859 0.005715802878023163 0.0
860 0.005720256631742548 0.0
861 0.005724692960568199 0.0
862 0.00572911185098629 0.0
863 0.005733513289536114 0.0
864 0.005737897262810126 0.0
865 0.005742263757453983 0.0
866 0.005746612760166585 0.0
867 0.005750944257700115 0.0
868 0.005755258236860082 0.0
869 0.005759554684505354 0.0
870 0.005763833587548211 0.0
871 0.005768094932954367 0.0
872 0.00577233870774303 0.0
873 0.005776564898986923 0.0
874 0.005780773493812335 0.0
875 0.005784964479399157 0.0
876 0.005789137842980918 0.0
877 0.0057932935718448325 0.0
878 0.005797431653331826 0.0
879 0.005801552074836587 0.0
880 0.005805654823807595 0.0
881 0.005809739887747168 0.0
882 0.00581380725421149 0.0
883 0.005817856910810659 0.0
884 0.005821888845208717 0.0
885 0.005825903045123696 0.0
886 0.0058298994983276425 0.0
887 0.00583387819264667 0.0
888 0.005837839115960986 0.0
889 0.005841782256204927 0.0
890 0.005845707601367009 0.0
891 0.005849615139489946 0.0
892 0.005853504858670702 0.0
893 0.005857376747060517 0.0
894 0.005861230792864947 0.0
895 0.005865066984343899 0.0
896 0.005868885309811672 0.0
897 0.005872685757636981 0.0
898 0.005876468316243004 0.0
899 0.005880232974107412 0.0
900 0.0058839797197624034 0.0
901 0.005887708541794741 0.0
902 0.005891419428845788 0.0
903 0.005895112369611538 0.0
904 0.005898787352842651 0.0
905 0.005902444367344494 0.0
906 0.005906083401977165 0.0
907 0.005909704445655532 0.0
908 0.005913307487349269 0.0
909 0.005916892516082888 0.0
910 0.005920459520935767 0.0
911 0.005924008491042194 0.0
912 0.005927539415591387 0.0
913 0.005931052283827539 0.0
914 0.005934547085049844 0.0
915 0.005938023808612532 0.0
916 0.005941482443924898 0.0
917 0.005944922980451342 0.0
918 0.005948345407711391 0.0
919 0.00595174971527974 0.0
920 0.005955135892786275 0.0
921 0.005958503929916114 0.0
922 0.005961853816409631 0.0
923 0.005965185542062493 0.0
924 0.005968499096725682 0.0
925 0.0059717944703055375 0.0
926 0.005975071652763781 0.0
927 0.005978330634117546 0.0
928 0.00598157140443941 0.0
929 0.005984793953857424 0.0
930 0.005987998272555144 0.0
931 0.005991184350771659 0.0
932 0.005994352178801624 0.0
933 0.005997501746995284 0.0
934 0.006000633045758508 0.0
935 0.0060037460655528166 0.0
936 0.006006840796895413 0.0
937 0.0060099172303592074 0.0
938 0.006012975356572851 0.0
939 0.0060160151662207615 0.0
940 0.0060190366500431506 0.0
941 0.006022039798836054 0.0
942 0.00602502460345136 0.0
943 0.006027991054796836 0.0
944 0.006030939143836158 0.0
945 0.006033868861588934 0.0
946 0.006036780199130737 0.0
947 0.006039673147593128 0.0
948 0.006042547698163682 0.0
949 0.006045403842086021 0.0
950 0.006048241570659836 0.0
951 0.006051060875240912 0.0
952 0.00605386174724116 0.0
953 0.006056644178128637 0.0
954 0.006059408159427577 0.0
955 0.006062153682718412 0.0
956 0.006064880739637803 0.0
957 0.006067589321878662 0.0
958 0.006070279421190177 0.0
959 0.006072951029377839 0.0
960 0.006075604138303467 0.0
961 0.00607823873988523 0.0
962 0.006080854826097676 0.0
963 0.006083452388971751 0.0
964 0.006086031420594829 0.0
965 0.006088591913110732 0.0
966 0.006091133858719757 0.0
967 0.006093657249678695 0.0
968 0.006096162078300861 0.0
969 0.006098648336956111 0.0
970 0.006101116018070872 0.0
971 0.006103565114128158 0.0
972 0.006105995617667598 0.0
973 0.006108407521285457 0.0
974 0.0061108008176346575 0.0
975 0.006113175499424805 0.0
976 0.006115531559422205 0.0
977 0.0061178689904498925 0.0
978 0.006120187785387646 0.0
979 0.006122487937172013 0.0
980 0.006124769438796335 0.0
981 0.0061270322833107595 0.0
982 0.006129276463822271 0.0
983 0.006131501973494707 0.0
984 0.006133708805548778 0.0
985 0.006135896953262091 0.0
986 0.00613806640996917 0.0
987 0.006140217169061471 0.0
988 0.006142349223987411 0.0
989 0.006144462568252381 0.0
990 0.006146557195418767 0.0
991 0.00614863309910597 0.0
992 0.006150690272990429 0.0
993 0.006152728710805637 0.0
994 0.006154748406342157 0.0
995 0.006156749353447646 0.0
996 0.006158731546026873 0.0
997 0.006160694978041735 0.0
998 0.006162639643511277 0.0
999 0.006164565536511712 0.0
1000 0.006166472651176437 0.0
1001 0.006168360981696047 0.0
1002 0.006170230522318361 0.0
1003 0.0061720812673484345 0.0
1004 0.006173913211148577 0.0
1005 0.006175726348138371 0.0
1006 0.006177520672794683 0.0
1007 0.006179296179651694 0.0
1008 0.006181052863300899 0.0
1009 0.006182790718391136 0.0
1010 0.006184509739628597 0.0
1011 0.006186209921776844 0.0
1012 0.006187891259656829 0.0
1013 0.006189553748146904 0.0
1014 0.006191197382182842 0.0
1015 0.006192822156757847 0.0
1016 0.006194428066922575 0.0
1017 0.006196015107785145 0.0
1018 0.006197583274511156 0.0
1019 0.0061991325623236984 0.0
1020 0.006200662966503375 0.0
1021 0.006202174482388307 0.0
1022 0.006203667105374157 0.0
1023 0.006205140830914135 0.0
1024 0.006206595654519017 0.0
1025 0.00620803157175716 0.0
1026 0.00620944857825451 0.0
1027 0.00621084666969462 0.0
1028 0.00621222584181866 0.0
1029 0.006213586090425432 0.0
1030 0.006214927411371384 0.0
1031 0.006216249800570621 0.0
1032 0.006217553253994914 0.0
1033 0.006218837767673719 0.0
1034 0.0062201033376941845 0.0
1035 0.0062213499602011635 0.0
1036 0.00622257763139723 0.0
1037 0.0062237863475426815 0.0
1038 0.006224976104955562 0.0
1039 0.0062261469000116625 0.0
1040 0.006227298729144537 0.0
1041 0.006228431588845518 0.0
1042 0.006229545475663715 0.0
1043 0.006230640386206037 0.0
1044 0.006231716317137196 0.0
1045 0.00623277326517972 0.0
1046 0.006233811227113962 0.0
1047 0.00623483019977811 0.0
1048 0.006235830180068197 0.0
1049 0.006236811164938108 0.0
1050 0.006237773151399596 0.0
1051 0.00623871613652228 0.0
1052 0.006239640117433666 0.0
1053 0.006240545091319147 0.0
1054 0.0062414310554220155 0.0
1055 0.006242298007043472 0.0
1056 0.006243145943542631 0.0
1057 0.00624397486233653 0.0
1058 0.00624478476090014 0.0
1059 0.006245575636766369 0.0
1060 0.006246347487526072 0.0
1061 0.006247100310828058 0.0
1062 0.0062478341043790955 0.0
1063 0.006248548865943924 0.0
1064 0.006249244593345253 0.0
1065 0.006249921284463779 0.0
1066 0.006250578937238183 0.0
1067 0.00625121754966514 0.0
1068 0.006251837119799325 0.0
1069 0.006252437645753421 0.0
1070 0.006253019125698121 0.0
1071 0.006253581557862138 0.0
1072 0.006254124940532203 0.0
1073 0.006254649272053082 0.0
1074 0.006255154550827567 0.0
1075 0.006255640775316493 0.0
1076 0.0062561079440387355 0.0
1077 0.006256556055571217 0.0
1078 0.0062569851085489125 0.0
1079 0.0062573951016648525 0.0
1080 0.006257786033670126 0.0
1081 0.006258157903373888 0.0
1082 0.006258510709643357 0.0
1083 0.006258844451403824 0.0
1084 0.006259159127638655 0.0
1085 0.006259454737389291 0.0
1086 0.006259731279755255 0.0
1087 0.006259988753894148 0.0
1088 0.006260227159021661 0.0
1089 0.006260446494411569 0.0
1090 0.006260646759395741 0.0
1091 0.0062608279533641325 0.0
1092 0.006260990075764798 0.0
1093 0.006261133126103882 0.0
1094 0.006261257103945629 0.0
1095 0.0062613620089123825 0.0
1096 0.006261447840684582 0.0
1097 0.006261514599000769 0.0
1098 0.006261562283657588 0.0
1099 0.006261590894509781 0.0
1100 0.006261600431470196 0.0
1101 0.006261590894509781 0.0
1102 0.006261562283657588 0.0
1103 0.006261514599000769 0.0
1104 0.006261447840684582 0.0
1105 0.0062613620089123825 0.0
1106 0.006261257103945629 0.0
1107 0.006261133126103882 0.0
1108 0.006260990075764798 0.0
1109 0.0062608279533641325 0.0
1110 0.006260646759395741 0.0
1111 0.006260446494411569 0.0
1112 0.006260227159021661 0.0
1113 0.006259988753894148 0.0
1114 0.006259731279755255 0.0
1115 0.006259454737389291 0.0
1116 0.006259159127638655 0.0
1117 0.006258844451403824 0.0
1118 0.006258510709643357 0.0
1119 0.006258157903373888 0.0
1120 0.006257786033670126 0.0
1121 0.0062573951016648525 0.0
1122 0.0062569851085489125 0.0
1123 0.006256556055571217 0.0
1124 0.0062561079440387355 0.0
1125 0.006255640775316493 0.0
1126 0.006255154550827567 0.0
1127 0.006254649272053082 0.0
1128 0.006254124940532204 0.0
1129 0.006253581557862138 0.0
1130 0.006253019125698121 0.0
1131 0.006252437645753421 0.0
1132 0.006251837119799325 0.0
1133 0.00625121754966514 0.0
1134 0.0062505789372381835 0.0
1135 0.006249921284463779 0.0
1136 0.006249244593345253 0.0
1137 0.006248548865943924 0.0
1138 0.0062478341043790955 0.0
1139 0.006247100310828058 0.0
1140 0.006246347487526072 0.0
1141 0.006245575636766369 0.0
1142 0.00624478476090014 0.0
1143 0.00624397486233653 0.0
1144 0.006243145943542631 0.0
1145 0.006242298007043472 0.0
1146 0.0062414310554220155 0.0
1147 0.006240545091319147 0.0
1148 0.006239640117433666 0.0
1149 0.00623871613652228 0.0
1150 0.006237773151399596 0.0
1151 0.006236811164938108 0.0
1152 0.006235830180068197 0.0
1153 0.00623483019977811 0.0
1154 0.006233811227113962 0.0
1155 0.006232773265179721 0.0
1156 0.006231716317137196 0.0
1157 0.006230640386206037 0.0
1158 0.006229545475663715 0.0
1159 0.006228431588845518 0.0
1160 0.006227298729144538 0.0
1161 0.0062261469000116625 0.0
1162 0.006224976104955562 0.0
1163 0.0062237863475426815 0.0
1164 0.00622257763139723 0.0
1165 0.0062213499602011635 0.0
1166 0.0062201033376941845 0.0
1167 0.006218837767673719 0.0
1168 0.006217553253994914 0.0
1169 0.006216249800570621 0.0
1170 0.006214927411371385 0.0
1171 0.006213586090425433 0.0
1172 0.006212225841818659 0.0
1173 0.00621084666969462 0.0
1174 0.00620944857825451 0.0
1175 0.006208031571757161 0.0
1176 0.006206595654519017 0.0
1177 0.006205140830914135 0.0
1178 0.006203667105374157 0.0
1179 0.006202174482388308 0.0
1180 0.006200662966503375 0.0
1181 0.0061991325623236984 0.0
1182 0.006197583274511156 0.0
1183 0.006196015107785145 0.0
1184 0.006194428066922575 0.0
1185 0.006192822156757847 0.0
1186 0.0061911973821828425 0.0
1187 0.006189553748146904 0.0
1188 0.006187891259656829 0.0
1189 0.006186209921776844 0.0
1190 0.006184509739628597 0.0
1191 0.006182790718391136 0.0
1192 0.006181052863300899 0.0
1193 0.0061792961796516945 0.0
1194 0.006177520672794684 0.0
1195 0.006175726348138371 0.0
1196 0.006173913211148577 0.0
1197 0.0061720812673484345 0.0
1198 0.006170230522318362 0.0
1199 0.006168360981696047 0.0
1200 0.006166472651176437 0.0
1201 0.006164565536511713 0.0
1202 0.006162639643511278 0.0
1203 0.006160694978041735 0.0
1204 0.006158731546026873 0.0
1205 0.006156749353447647 0.0
1206 0.006154748406342157 0.0
1207 0.006152728710805637 0.0
1208 0.006150690272990429 0.0
1209 0.00614863309910597 0.0
1210 0.006146557195418767 0.0
1211 0.006144462568252382 0.0
1212 0.006142349223987412 0.0
1213 0.006140217169061471 0.0
1214 0.00613806640996917 0.0
1215 0.006135896953262091 0.0
1216 0.006133708805548778 0.0
1217 0.006131501973494708 0.0
1218 0.006129276463822271 0.0
1219 0.0061270322833107595 0.0
1220 0.006124769438796335 0.0
1221 0.006122487937172014 0.0
1222 0.006120187785387646 0.0
1223 0.0061178689904498925 0.0
1224 0.006115531559422205 0.0
1225 0.006113175499424805 0.0
1226 0.0061108008176346575 0.0
1227 0.006108407521285457 0.0
1228 0.006105995617667598 0.0
1229 0.006103565114128158 0.0
1230 0.006101116018070872 0.0
1231 0.006098648336956111 0.0
1232 0.006096162078300861 0.0
1233 0.006093657249678695 0.0
1234 0.006091133858719757 0.0
1235 0.006088591913110733 0.0
1236 0.0060860314205948285 0.0
1237 0.006083452388971751 0.0
1238 0.006080854826097676 0.0
1239 0.00607823873988523 0.0
1240 0.006075604138303467 0.0
1241 0.006072951029377839 0.0
1242 0.006070279421190177 0.0
1243 0.006067589321878662 0.0
1244 0.006064880739637804 0.0
1245 0.006062153682718412 0.0
1246 0.006059408159427577 0.0
1247 0.006056644178128638 0.0
1248 0.00605386174724116 0.0
1249 0.006051060875240913 0.0
1250 0.006048241570659836 0.0
1251 0.006045403842086021 0.0
1252 0.006042547698163682 0.0
1253 0.006039673147593128 0.0
1254 0.006036780199130737 0.0
1255 0.006033868861588934 0.0
1256 0.006030939143836158 0.0
1257 0.006027991054796836 0.0
1258 0.00602502460345136 0.0
1259 0.006022039798836054 0.0
1260 0.0060190366500431506 0.0
1261 0.0060160151662207615 0.0
1262 0.006012975356572852 0.0
1263 0.006009917230359208 0.0
1264 0.006006840796895413 0.0
1265 0.0060037460655528166 0.0
1266 0.006000633045758508 0.0
1267 0.005997501746995285 0.0
1268 0.005994352178801624 0.0
1269 0.005991184350771659 0.0
1270 0.005987998272555144 0.0
1271 0.005984793953857424 0.0
1272 0.00598157140443941 0.0
1273 0.005978330634117546 0.0
1274 0.005975071652763782 0.0
1275 0.0059717944703055375 0.0
1276 0.005968499096725682 0.0
1277 0.005965185542062493 0.0
1278 0.005961853816409631 0.0
1279 0.005958503929916114 0.0
1280 0.005955135892786276 0.0
1281 0.00595174971527974 0.0
1282 0.005948345407711391 0.0
1283 0.0059449229804513426 0.0
1284 0.005941482443924898 0.0
1285 0.005938023808612532 0.0
1286 0.005934547085049844 0.0
1287 0.005931052283827539 0.0
1288 0.005927539415591387 0.0
1289 0.005924008491042194 0.0
1290 0.005920459520935768 0.0
1291 0.005916892516082888 0.0
1292 0.00591330748734927 0.0
1293 0.005909704445655532 0.0
1294 0.005906083401977165 0.0
1295 0.005902444367344494 0.0
1296 0.005898787352842651 0.0
1297 0.005895112369611538 0.0
1298 0.005891419428845788 0.0
1299 0.005887708541794742 0.0
1300 0.0058839797197624034 0.0
1301 0.005880232974107412 0.0
1302 0.005876468316243004 0.0
1303 0.005872685757636982 0.0
1304 0.005868885309811672 0.0
1305 0.005865066984343899 0.0
1306 0.005861230792864947 0.0
1307 0.005857376747060517 0.0
1308 0.005853504858670703 0.0
1309 0.005849615139489946 0.0
1310 0.005845707601367009 0.0
1311 0.005841782256204928 0.0
1312 0.005837839115960986 0.0
1313 0.005833878192646671 0.0
1314 0.0058298994983276425 0.0
1315 0.005825903045123696 0.0
1316 0.005821888845208717 0.0
1317 0.005817856910810659 0.0
1318 0.005813807254211491 0.0
1319 0.005809739887747167 0.0
1320 0.005805654823807596 0.0
1321 0.005801552074836587 0.0
1322 0.005797431653331827 0.0
1323 0.005793293571844832 0.0
1324 0.005789137842980918 0.0
1325 0.005784964479399157 0.0
1326 0.005780773493812336 0.0
1327 0.005776564898986924 0.0
1328 0.00577233870774303 0.0
1329 0.005768094932954368 0.0
1330 0.005763833587548211 0.0
1331 0.005759554684505355 0.0
1332 0.005755258236860081 0.0
1333 0.005750944257700116 0.0
1334 0.005746612760166586 0.0
1335 0.005742263757453983 0.0
1336 0.005737897262810127 0.0
1337 0.005733513289536115 0.0
1338 0.00572911185098629 0.0
1339 0.0057246929605682 0.0
1340 0.005720256631742548 0.0
1341 0.005715802878023164 0.0
1342 0.00571133171297695 0.0
1343 0.005706843150223855 0.0
1344 0.005702337203436817 0.0
1345 0.005697813886341732 0.0
1346 0.0056932732127174075 0.0
1347 0.005688715196395523 0.0
1348 0.005684139851260588 0.0
1349 0.005679547191249896 0.0
1350 0.005674937230353487 0.0
1351 0.005670309982614099 0.0
1352 0.005665665462127134 0.0
1353 0.005661003683040605 0.0
1354 0.0056563246595551005 0.0
1355 0.005651628405923736 0.0
1356 0.0056469149364521175 0.0
1357 0.005642184265498288 0.0
1358 0.005637436407472692 0.0
1359 0.005632671376838129 0.0
1360 0.005627889188109707 0.0
1361 0.005623089855854806 0.0
1362 0.0056182733946930205 0.0
1363 0.005613439819296128 0.0
1364 0.005608589144388038 0.0
1365 0.005603721384744745 0.0
1366 0.005598836555194292 0.0
1367 0.005593934670616716 0.0
1368 0.005589015745944008 0.0
1369 0.005584079796160064 0.0
1370 0.005579126836300644 0.0
1371 0.005574156881453324 0.0
1372 0.005569169946757446 0.0
1373 0.00556416604740408 0.0
1374 0.005559145198635969 0.0
1375 0.005554107415747492 0.0
1376 0.005549052714084607 0.0
1377 0.005543981109044813 0.0
1378 0.005538892616077097 0.0
1379 0.005533787250681893 0.0
1380 0.005528665028411029 0.0
1381 0.00552352596486768 0.0
1382 0.005518370075706329 0.0
1383 0.005513197376632705 0.0
1384 0.005508007883403748 0.0
1385 0.005502801611827555 0.0
1386 0.00549757857776333 0.0
1387 0.005492338797121341 0.0
1388 0.005487082285862871 0.0
1389 0.0054818090600001635 0.0
1390 0.005476519135596378 0.0
1391 0.005471212528765542 0.0
1392 0.0054658892556724995 0.0
1393 0.005460549332532866 0.0
1394 0.0054551927756129725 0.0
1395 0.005449819601229819 0.0
1396 0.005444429825751028 0.0
1397 0.005439023465594788 0.0
1398 0.005433600537229813 0.0
1399 0.005428161057175282 0.0
1400 0.0054227050420007925 0.0
1401 0.005417232508326314 0.0
1402 0.005411743472822136 0.0
1403 0.0054062379522088096 0.0
1404 0.005400715963257106 0.0
1405 0.0053951775227879615 0.0
1406 0.0053896226476724245 0.0
1407 0.005384051354831612 0.0
1408 0.005378463661236644 0.0
1409 0.005372859583908607 0.0
1410 0.00536723913991849 0.0
1411 0.005361602346387142 0.0
1412 0.005355949220485214 0.0
1413 0.005350279779433107 0.0
1414 0.005344594040500922 0.0
1415 0.005338892021008404 0.0
1416 0.005333173738324895 0.0
1417 0.005327439209869276 0.0
1418 0.005321688453109914 0.0
1419 0.005315921485564613 0.0
1420 0.005310138324800556 0.0
1421 0.005304338988434251 0.0
1422 0.005298523494131486 0.0
1423 0.005292691859607264 0.0
1424 0.005286844102625753 0.0
1425 0.005280980241000237 0.0
1426 0.005275100292593056 0.0
1427 0.005269204275315551 0.0
1428 0.0052632922071280145 0.0
1429 0.005257364106039629 0.0
1430 0.005251419990108421 0.0
1431 0.005245459877441199 0.0
1432 0.005239483786193497 0.0
1433 0.005233491734569527 0.0
1434 0.005227483740822118 0.0
1435 0.00522145982325266 0.0
1436 0.005215420000211051 0.0
1437 0.005209364290095639 0.0
1438 0.005203292711353166 0.0
1439 0.0051972052824787165 0.0
1440 0.005191102022015654 0.0
1441 0.005184982948555567 0.0
1442 0.005178848080738215 0.0
1443 0.005172697437251468 0.0
1444 0.005166531036831256 0.0
1445 0.005160348898261503 0.0
1446 0.005154151040374073 0.0
1447 0.005147937482048717 0.0
1448 0.005141708242213013 0.0
1449 0.0051354633398423034 0.0
1450 0.005129202793959646 0.0
1451 0.005122926623635748 0.0
1452 0.005116634847988911 0.0
1453 0.005110327486184979 0.0
1454 0.005104004557437266 0.0
1455 0.005097666081006511 0.0
1456 0.005091312076200814 0.0
1457 0.0050849425623755735 0.0
1458 0.0050785575589334326 0.0
1459 0.0050721570853242215 0.0
1460 0.005065741161044892 0.0
1461 0.005059309805639461 0.0
1462 0.005052863038698954 0.0
1463 0.00504640087986134 0.0
1464 0.005039923348811477 0.0
1465 0.005033430465281046 0.0
1466 0.005026922249048496 0.0
1467 0.005020398719938985 0.0
1468 0.005013859897824311 0.0
1469 0.005007305802622864 0.0
1470 0.005000736454299548 0.0
1471 0.004994151872865745 0.0
1472 0.004987552078379228 0.0
1473 0.0049809370909441155 0.0
1474 0.004974306930710807 0.0
1475 0.00496766161787592 0.0
1476 0.00496100117268223 0.0
1477 0.004954325615418609 0.0
1478 0.0049476349664199625 0.0
1479 0.004940929246067164 0.0
1480 0.0049342084747870055 0.0
1481 0.004927472673052119 0.0
1482 0.004920721861380926 0.0
1483 0.004913956060337568 0.0
1484 0.004907175290531848 0.0
1485 0.004900379572619171 0.0
1486 0.004893568927300468 0.0
1487 0.004886743375322147 0.0
1488 0.004879902937476025 0.0
1489 0.004873047634599258 0.0
1490 0.00486617748757429 0.0
1491 0.004859292517328781 0.0
1492 0.004852392744835542 0.0
1493 0.0048454781911124786 0.0
1494 0.004838548877222521 0.0
1495 0.004831604824273557 0.0
1496 0.004824646053418382 0.0
1497 0.004817672585854616 0.0
1498 0.004810684442824648 0.0
1499 0.004803681645615578 0.0
1500 0.004796664215559139 0.0
1501 0.00478963217403164 0.0
1502 0.004782585542453897 0.0
1503 0.004775524342291175 0.0
1504 0.004768448595053113 0.0
1505 0.004761358322293666 0.0
1506 0.00475425354561103 0.0
1507 0.004747134286647589 0.0
1508 0.004740000567089843 0.0
1509 0.004732852408668337 0.0
1510 0.004725689833157601 0.0
1511 0.0047185128623760805 0.0
1512 0.004711321518186077 0.0
1513 0.004704115822493669 0.0
1514 0.004696895797248657 0.0
1515 0.004689661464444488 0.0
1516 0.004682412846118196 0.0
1517 0.00467514996435033 0.0
1518 0.004667872841264887 0.0
1519 0.004660581499029245 0.0
1520 0.004653275959854097 0.0
1521 0.004645956245993382 0.0
1522 0.00463862237974422 0.0
1523 0.004631274383446838 0.0
1524 0.004623912279484506 0.0
1525 0.00461653609028347 0.0
1526 0.004609145838312884 0.0
1527 0.004601741546084734 0.0
1528 0.0045943232361537805 0.0
1529 0.00458689093111748 0.0
1530 0.004579444653615924 0.0
1531 0.0045719844263317645 0.0
1532 0.0045645102719901465 0.0
1533 0.004557022213358644 0.0
1534 0.004549520273247179 0.0
1535 0.004542004474507962 0.0
1536 0.004534474840035422 0.0
1537 0.004526931392766129 0.0
1538 0.0045193741556787325 0.0
1539 0.004511803151793886 0.0
1540 0.004504218404174183 0.0
1541 0.004496619935924078 0.0
1542 0.004489007770189824 0.0
1543 0.004481381930159398 0.0
1544 0.004473742439062428 0.0
1545 0.004466089320170135 0.0
1546 0.004458422596795242 0.0
1547 0.004450742292291919 0.0
1548 0.0044430484300557035 0.0
1549 0.004435341033523438 0.0
1550 0.004427620126173188 0.0
1551 0.004419885731524175 0.0
1552 0.004412137873136707 0.0
1553 0.004404376574612102 0.0
1554 0.004396601859592625 0.0
1555 0.004388813751761405 0.0
1556 0.0043810122748423694 0.0
1557 0.004373197452600166 0.0
1558 0.004365369308840105 0.0
1559 0.004357527867408067 0.0
1560 0.004349673152190442 0.0
1561 0.004341805187114056 0.0
1562 0.00433392399614609 0.0
1563 0.004326029603294026 0.0
1564 0.004318122032605552 0.0
1565 0.0043102013081684955 0.0
1566 0.004302267454110759 0.0
1567 0.004294320494600239 0.0
1568 0.004286360453844752 0.0
1569 0.004278387356091961 0.0
1570 0.004270401225629308 0.0
1571 0.0042624020867839275 0.0
1572 0.004254389963922584 0.0
1573 0.0042463648814515965 0.0
1574 0.004238326863816756 0.0
1575 0.0042302759355032585 0.0
1576 0.0042222121210356255 0.0
1577 0.004214135444977638 0.0
1578 0.0042060459319322495 0.0
1579 0.004197943606541522 0.0
1580 0.0041898284934865394 0.0
1581 0.0041817006174873494 0.0
1582 0.004173560003302867 0.0
1583 0.0041654066757308185 0.0
1584 0.00415724065960765 0.0
1585 0.004149061979808463 0.0
1586 0.004140870661246939 0.0
1587 0.004132666728875251 0.0
1588 0.004124450207684002 0.0
1589 0.004116221122702138 0.0
1590 0.004107979498996878 0.0
1591 0.004099725361673643 0.0
1592 0.004091458735875962 0.0
1593 0.004083179646785412 0.0
1594 0.004074888119621532 0.0
1595 0.004066584179641755 0.0
1596 0.004058267852141322 0.0
1597 0.004049939162453208 0.0
1598 0.004041598135948046 0.0
1599 0.004033244798034047 0.0
1600 0.004024879174156931 0.0
1601 0.004016501289799839 0.0
1602 0.004008111170483257 0.0
1603 0.003999708841764943 0.0
1604 0.00399129432923985 0.0
1605 0.003982867658540043 0.0
1606 0.003974428855334618 0.0
1607 0.003965977945329637 0.0
1608 0.003957514954268038 0.0
1609 0.003949039907929556 0.0
1610 0.003940552832130654 0.0
1611 0.003932053752724438 0.0
1612 0.003923542695600574 0.0
1613 0.003915019686685223 0.0
1614 0.003906484751940944 0.0
1615 0.0038979379173666316 0.0
1616 0.003889379208997424 0.0
1617 0.0038808086529046296 0.0
1618 0.0038722262751956526 0.0
1619 0.0038636321020139018 0.0
1620 0.0038550261595387205 0.0
1621 0.0038464084739852997 0.0
1622 0.0038377790716046037 0.0
1623 0.0038291379786832926 0.0
1624 0.0038204852215436317 0.0
1625 0.00381182082654342 0.0
1626 0.003803144820075904 0.0
1627 0.00379445722856971 0.0
1628 0.0037857580784887456 0.0
1629 0.0037770473963321307 0.0
1630 0.0037683252086341138 0.0
1631 0.003759591541963988 0.0
1632 0.0037508464229260227 0.0
1633 0.0037420898781593635 0.0
1634 0.0037333219343379655 0.0
1635 0.003724542618170503 0.0
1636 0.0037157519564003007 0.0
1637 0.0037069499758052363 0.0
1638 0.0036981367031976697 0.0
1639 0.0036893121654243567 0.0
1640 0.003680476389366369 0.0
1641 0.003671629401939015 0.0
1642 0.003662771230091753 0.0
1643 0.0036539019008081063 0.0
1644 0.0036450214411055965 0.0
1645 0.0036361298780356395 0.0
1646 0.003627227238683478 0.0
1647 0.0036183135501680996 0.0
1648 0.003609388839642142 0.0
1649 0.0036004531342918207 0.0
1650 0.0035915064613368467 0.0
1651 0.003582548848030336 0.0
1652 0.003573580321658733 0.0
1653 0.0035646009095417226 0.0
1654 0.00355561063903215 0.0
1655 0.0035466095375159437 0.0
1656 0.0035375976324120155 0.0
1657 0.0035285749511721936 0.0
1658 0.0035195415212811256 0.0
1659 0.0035104973702562116 0.0
1660 0.003501442525647501 0.0
1661 0.0034923770150376205 0.0
1662 0.0034833008660416884 0.0
1663 0.003474214106307226 0.0
1664 0.003465116763514084 0.0
1665 0.0034560088653743434 0.0
1666 0.0034468904396322427 0.0
1667 0.0034377615140640866 0.0
1668 0.0034286221164781644 0.0
1669 0.00341947227471467 0.0
1670 0.0034103120166456063 0.0
1671 0.003401141370174708 0.0
1672 0.003391960363237352 0.0
1673 0.0033827690238004827 0.0
1674 0.0033735673798625113 0.0
1675 0.0033643554594532414 0.0
1676 0.00335513329063378 0.0
1677 0.0033459009014964506 0.0
1678 0.0033366583201647156 0.0
1679 0.003327405574793079 0.0
1680 0.0033181426935670047 0.0
1681 0.0033088697047028415 0.0
1682 0.0032995866364477176 0.0
1683 0.003290293517079468 0.0
1684 0.003280990374906549 0.0
1685 0.003271677238267944 0.0
1686 0.00326235413553308 0.0
1687 0.0032530210951017486 0.0
1688 0.0032436781454040073 0.0
1689 0.003234325314900102 0.0
1690 0.003224962632080376 0.0
1691 0.0032155901254651825 0.0
1692 0.003206207823604806 0.0
1693 0.0031968157550793636 0.0
1694 0.0031874139484987254 0.0
1695 0.003178002432502422 0.0
1696 0.0031685812357595666 0.0
1697 0.003159150386968758 0.0
1698 0.003149709914857996 0.0
1699 0.0031402598481845958 0.0
1700 0.0031308002157350977 0.0
1701 0.0031213310463251874 0.0
1702 0.0031118523687995937 0.0
1703 0.0031023642120320133 0.0
1704 0.0030928666049250147 0.0
1705 0.00308335957640996 0.0
1706 0.003073843155446906 0.0
1707 0.0030643173710245197 0.0
1708 0.0030547822521599937 0.0
1709 0.0030452378278989505 0.0
1710 0.003035684127315367 0.0
1711 0.003026121179511469 0.0
1712 0.0030165490136176546 0.0
1713 0.003006967658792401 0.0
1714 0.0029973771442221744 0.0
1715 0.0029877774991213493 0.0
1716 0.002978168752732108 0.0
1717 0.002968550934324356 0.0
1718 0.0029589240731956405 0.0
1719 0.002949288198671048 0.0
1720 0.0029396433401031206 0.0
1721 0.0029299895268717754 0.0
1722 0.0029203267883841986 0.0
1723 0.002910655154074766 0.0
1724 0.0029009746534049566 0.0
1725 0.002891285315863253 0.0
1726 0.0028815871709650578 0.0
1727 0.002871880248252599 0.0
1728 0.002862164577294851 0.0
1729 0.0028524401876874315 0.0
1730 0.002842707109052517 0.0
1731 0.002832965371038753 0.0
1732 0.0028232150033211598 0.0
1733 0.0028134560356010544 0.0
1734 0.0028036884976059425 0.0
1735 0.002793912419089438 0.0
1736 0.002784127829831169 0.0
1737 0.002774334759636697 0.0
1738 0.0027645332383374093 0.0
1739 0.002754723295790439 0.0
1740 0.0027449049618785736 0.0
1741 0.002735078266510158 0.0
1742 0.0027252432396190143 0.0
1743 0.002715399911164339 0.0
1744 0.002705548311130617 0.0
1745 0.002695688469527531 0.0
1746 0.0026858204163898646 0.0
1747 0.002675944181777426 0.0
1748 0.002666059795774935 0.0
1749 0.0026561672884919457 0.0
1750 0.0026462666900627482 0.0
1751 0.0026363580306462877 0.0
1752 0.0026264413404260565 0.0
1753 0.002616516649610013 0.0
1754 0.0026065839884304833 0.0
1755 0.002596643387144082 0.0
1756 0.0025866948760316015 0.0
1757 0.0025767384853979296 0.0
1758 0.002566774245571964 0.0
1759 0.0025568021869065045 0.0
1760 0.002546822339778169 0.0
1761 0.0025368347345873067 0.0
1762 0.002526839401757894 0.0
1763 0.002516836371737447 0.0
1764 0.002506825674996928 0.0
1765 0.0024968073420306605 0.0
1766 0.002486781403356221 0.0
1767 0.0024767478895143576 0.0
1768 0.0024667068310688938 0.0
1769 0.0024566582586066327 0.0
1770 0.0024466022027372736 0.0
1771 0.002436538694093303 0.0
1772 0.002426467763329915 0.0
1773 0.002416389441124909 0.0
1774 0.0024063037581786057 0.0
1775 0.0023962107452137425 0.0
1776 0.0023861104329753876 0.0
1777 0.002376002852230844 0.0
1778 0.0023658880337695523 0.0
1779 0.0023557660084030088 0.0
1780 0.0023456368069646565 0.0
1781 0.002335500460309799 0.0
1782 0.002325356999315503 0.0
1783 0.002315206454880516 0.0
1784 0.0023050488579251537 0.0
1785 0.002294884239391218 0.0
1786 0.0022847126302418994 0.0
1787 0.0022745340614616816 0.0
1788 0.0022643485640562546 0.0
1789 0.0022541561690524077 0.0
1790 0.002243956907497944 0.0
1791 0.00223375081046158 0.0
1792 0.0022235379090328627 0.0
1793 0.0022133182343220584 0.0
1794 0.0022030918174600657 0.0
1795 0.0021928586895983296 0.0
1796 0.0021826188819087287 0.0
1797 0.0021723724255834917 0.0
1798 0.002162119351835106 0.0
1799 0.00215185969189621 0.0
1800 0.0021415934770195066 0.0
1801 0.002131320738477665 0.0
1802 0.002121041507563233 0.0
1803 0.0021107558155885283 0.0
1804 0.002100463693885552 0.0
1805 0.00209016517380589 0.0
1806 0.002079860286720625 0.0
1807 0.0020695490640202274 0.0
1808 0.0020592315371144704 0.0
1809 0.0020489077374323296 0.0
1810 0.0020385776964218874 0.0
1811 0.0020282414455502448 0.0
1812 0.002017899016303412 0.0
1813 0.002007550440186222 0.0
1814 0.001997195748722233 0.0
1815 0.0019868349734536274 0.0
1816 0.0019764681459411293 0.0
1817 0.001966095297763891 0.0
1818 0.0019557164605194057 0.0
1819 0.00194533166582341 0.0
1820 0.0019349409453097946 0.0
1821 0.0019245443306304935 0.0
1822 0.0019141418534553978 0.0
1823 0.001903733545472257 0.0
1824 0.0018933194383865802 0.0
1825 0.0018828995639215483 0.0
1826 0.0018724739538179037 0.0
1827 0.0018620426398338623 0.0
1828 0.0018516056537450137 0.0
1829 0.0018411630273442326 0.0
1830 0.0018307147924415672 0.0
1831 0.00182026098086415 0.0
1832 0.00180980162445611 0.0
1833 0.0017993367550784576 0.0
1834 0.0017888664046089976 0.0
1835 0.0017783906049422381 0.0
1836 0.0017679093879892796 0.0
1837 0.0017574227856777232 0.0
1838 0.0017469308299515843 0.0
1839 0.0017364335527711764 0.0
1840 0.0017259309861130264 0.0
1841 0.001715423161969774 0.0
1842 0.0017049101123500709 0.0
1843 0.0016943918692784948 0.0
1844 0.001683868464795436 0.0
1845 0.0016733399309570088 0.0
1846 0.001662806299834954 0.0
1847 0.0016522676035165352 0.0
1848 0.0016417238741044551 0.0
1849 0.0016311751437167394 0.0
1850 0.0016206214444866498 0.0
1851 0.001610062808562582 0.0
1852 0.0015994992681079775 0.0
1853 0.00158893085530121 0.0
1854 0.0015783576023354973 0.0
1855 0.0015677795414188022 0.0
1856 0.0015571967047737295 0.0
1857 0.0015466091246374403 0.0
1858 0.0015360168332615375 0.0
1859 0.0015254198629119776 0.0
1860 0.0015148182458689674 0.0
1861 0.001504212014426876 0.0
1862 0.0014936012008941212 0.0
1863 0.0014829858375930813 0.0
1864 0.001472365956859994 0.0
1865 0.0014617415910448551 0.0
1866 0.0014511127725113304 0.0
1867 0.0014404795336366418 0.0
1868 0.0014298419068114769 0.0
1869 0.0014191999244398965 0.0
1870 0.0014085536189392218 0.0
1871 0.0013979030227399436 0.0
1872 0.0013872481682856302 0.0
1873 0.001376589088032813 0.0
1874 0.0013659258144508965 0.0
1875 0.0013552583800220668 0.0
1876 0.0013445868172411765 0.0
1877 0.0013339111586156565 0.0
1878 0.0013232314366654141 0.0
1879 0.0013125476839227323 0.0
1880 0.0013018599329321797 0.0
1881 0.001291168216250497 0.0
1882 0.001280472566446507 0.0
1883 0.0012697730161010117 0.0
1884 0.0012590695978067022 0.0
1885 0.0012483623441680441 0.0
1886 0.001237651287801189 0.0
1887 0.0012269364613338718 0.0
1888 0.00121621789740531 0.0
1889 0.001205495628666113 0.0
1890 0.0011947696877781687 0.0
1891 0.0011840401074145529 0.0
1892 0.0011733069202594284 0.0
1893 0.0011625701590079415 0.0
1894 0.0011518298563661347 0.0
1895 0.0011410860450508302 0.0
1896 0.0011303387577895397 0.0
1897 0.0011195880273203618 0.0
1898 0.0011088338863918914 0.0
1899 0.0010980763677631037 0.0
1900 0.0010873155042032665 0.0
1901 0.0010765513284918364 0.0
1902 0.0010657838734183564 0.0
1903 0.0010550131717823675 0.0
1904 0.001044239256393292 0.0
1905 0.0010334621600703421 0.0
1906 0.0010226819156424277 0.0
1907 0.00101189855594804 0.0
1908 0.00100111211383516 0.0
1909 0.0009903226221611666 0.0
1910 0.0009795301137927195 0.0
1911 0.0009687346216056688 0.0
1912 0.0009579361784849608 0.0
1913 0.0009471348173245236 0.0
1914 0.0009363305710271763 0.0
1915 0.0009255234725045268 0.0
1916 0.0009147135546768687 0.0
1917 0.0009039008504730922 0.0
1918 0.0008930853928305664 0.0
1919 0.0008822672146950511 0.0
1920 0.0008714463490205902 0.0
1921 0.0008606228287694227 0.0
1922 0.0008497966869118655 0.0
1923 0.0008389679564262244 0.0
1924 0.0008281366702986904 0.0
1925 0.0008173028615232368 0.0
1926 0.000806466563101529 0.0
1927 0.0007956278080428089 0.0
1928 0.0007847866293638042 0.0
1929 0.0007739430600886224 0.0
1930 0.0007630971332486614 0.0
1931 0.0007522488818824929 0.0
1932 0.0007413983390357716 0.0
1933 0.0007305455377611329 0.0
1934 0.0007196905111180888 0.0
1935 0.0007088332921729386 0.0
1936 0.0006979739139986513 0.0
1937 0.0006871124096747761 0.0
1938 0.000676248812287339 0.0
1939 0.0006653831549287385 0.0
1940 0.0006545154706976572 0.0
1941 0.000643645792698943 0.0
1942 0.0006327741540435174 0.0
1943 0.000621900587848283 0.0
1944 0.0006110251272360049 0.0
1945 0.0006001478053352197 0.0
1946 0.0005892686552801419 0.0
1947 0.0005783877102105464 0.0
1948 0.0005675050032716761 0.0
1949 0.0005566205676141493 0.0
1950 0.0005457344363938419 0.0
1951 0.0005348466427717975 0.0
1952 0.0005239572199141209 0.0
1953 0.0005130662009918881 0.0
1954 0.0005021736191810287 0.0
1955 0.0004912795076622361 0.0
1956 0.0004803838996208632 0.0
1957 0.00046948682824681886 0.0
1958 0.00045858832673447786 0.0
1959 0.0004476884282825632 0.0
1960 0.00043678716609405583 0.0
1961 0.00042588457337608795 0.0
1962 0.00041498068333985363 0.0
1963 0.00040407552920048996 0.0
1964 0.0003931691441769877 0.0
1965 0.00038226156149208715 0.0
1966 0.00037135281437217384 0.0
1967 0.0003604429360471891 0.0
1968 0.00034953195975051147 0.0
1969 0.00033861991871886695 0.0
1970 0.00032770684619222505 0.0
1971 0.0003167927754136944 0.0
1972 0.000305877739629433 0.0
1973 0.0002949617720885299 0.0
1974 0.0002840449060429154 0.0
1975 0.00027312717474725396 0.0
1976 0.0002622086114588541 0.0
1977 0.00025128924943755023 0.0
1978 0.00024036912194561283 0.0
1979 0.00022944826224764137 0.0
1980 0.00021852670361047384 0.0
1981 0.00020760447930306923 0.0
1982 0.00019668162259641416 0.0
1983 0.00018575816676343 0.0
1984 0.00017483414507885484 0.0
1985 0.00016390959081915047 0.0
1986 0.00015298453726240928 0.0
1987 0.00014205901768823628 0.0
1988 0.0001311330653776589 0.0
1989 0.0001202067136130199 0.0
1990 0.00010927999567788721 0.0
1991 9.835294485693584e-05 0.0
1992 8.74255944358576e-05 0.0
1993 7.649797770125699e-05 0.0
1994 6.557012794054688e-05 0.0
1995 5.4642078441858365e-05 0.0
1996 4.3713862493922636e-05 0.0
1997 3.278551338598069e-05 0.0
1998 2.185706440767638e-05 0.0
1999 1.092854884896611e-05 0.0
2000 0.0 0.0
2001 0.0 0.0
2002 0.0 0.0
2003 0.0 0.0
2004 0.0 0.0
2005 0.0 0.0
2006 0.0 0.0
2007 0.0 0.0
2008 0.0 0.0
2009 0.0 0.0
2010 0.0 0.0
2011 0.0 0.0
2012 0.0 0.0
2013 0.0 0.0
2014 0.0 0.0
2015 0.0 0.0
2016 0.0 0.0
2017 0.0 0.0
2018 0.0 0.0
2019 0.0 0.0
2020 0.0 0.0
2021 0.0 0.0
2022 0.0 0.0
2023 0.0 0.0
2024 0.0 0.0
2025 0.0 0.0
2026 0.0 0.0
2027 0.0 0.0
2028 0.0 0.0
2029 0.0 0.0
2030 0.0 0.0
2031 0.0 0.0
2032 0.0 0.0
2033 0.0 0.0
2034 0.0 0.0
2035 0.0 0.0
2036 0.0 0.0
2037 0.0 0.0
2038 0.0 0.0
2039 0.0 0.0
2040 0.0 0.0
2041 0.0 0.0
2042 0.0 0.0
2043 0.0 0.0
2044 0.0 0.0
2045 0.0 0.0
2046 0.0 0.0
2047 0.0 0.0
2048 0.0 0.0
2049 0.0 0.0
2050 0.0 0.0
2051 0.0 0.0
2052 0.0 0.0
2053 0.0 0.0
2054 0.0 0.0
2055 0.0 0.0
2056 0.0 0.0
2057 0.0 0.0
2058 0.0 0.0
2059 0.0 0.0
2060 0.0 0.0
2061 0.0 0.0
2062 0.0 0.0
2063 0.0 0.0
2064 0.0 0.0
2065 0.0 0.0
2066 0.0 0.0
2067 0.0 0.0
2068 0.0 0.0
2069 0.0 0.0
2070 0.0 0.0
2071 0.0 0.0
2072 0.0 0.0
2073 0.0 0.0
2074 0.0 0.0
2075 0.0 0.0
2076 0.0 0.0
2077 0.0 0.0
2078 0.0 0.0
2079 0.0 0.0
2080 0.0 0.0
2081 0.0 0.0
2082 0.0 0.0
2083 0.0 0.0
2084 0.0 0.0
2085 0.0 0.0
2086 0.0 0.0
2087 0.0 0.0
2088 0.0 0.0
2089 0.0 0.0
2090 0.0 0.0
2091 0.0 0.0
2092 0.0 0.0
2093 0.0 0.0
2094 0.0 0.0
2095 0.0 0.0
2096 0.0 0.0
2097 0.0 0.0
2098 0.0 0.0
2099 0.0 0.0
2100 0.0 0.0
2101 0.0 0.0
2102 0.0 0.0
2103 0.0 0.0
2104 0.0 0.0
2105 0.0 0.0
2106 0.0 0.0
2107 0.0 0.0
2108 0.0 0.0
2109 0.0 0.0
2110 0.0 0.0
2111 0.0 0.0
2112 0.0 0.0
2113 0.0 0.0
2114 0.0 0.0
2115 0.0 0.0
2116 0.0 0.0
2117 0.0 0.0
2118 0.0 0.0
2119 0.0 0.0
2120 0.0 0.0
2121 0.0 0.0
2122 0.0 0.0
2123 0.0 0.0
2124 0.0 0.0
2125 0.0 0.0
2126 0.0 0.0
2127 0.0 0.0
2128 0.0 0.0
2129 0.0 0.0
2130 0.0 0.0
2131 0.0 0.0
2132 0.0 0.0
2133 0.0 0.0
2134 0.0 0.0
2135 0.0 0.0
2136 0.0 0.0
2137 0.0 0.0
2138 0.0 0.0
2139 0.0 0.0
2140 0.0 0.0
2141 0.0 0.0
2142 0.0 0.0
2143 0.0 0.0
2144 0.0 0.0
2145 0.0 0.0
2146 0.0 0.0
2147 0.0 0.0
2148 0.0 0.0
2149 0.0 0.0
2150 0.0 0.0
2151 0.0 0.0
2152 0.0 0.0
2153 0.0 0.0
2154 0.0 0.0
2155 0.0 0.0
2156 0.0 0.0
2157 0.0 0.0
2158 0.0 0.0
2159 0.0 0.0
2160 0.0 0.0
2161 0.0 0.0
2162 0.0 0.0
2163 0.0 0.0
2164 0.0 0.0
2165 0.0 0.0
2166 0.0 0.0
2167 0.0 0.0
2168 0.0 0.0
2169 0.0 0.0
2170 0.0 0.0
2171 0.0 0.0
2172 0.0 0.0
2173 0.0 0.0
2174 0.0 0.0
2175 0.0 0.0
2176 0.0 0.0
2177 0.0 0.0
2178 0.0 0.0
2179 0.0 0.0
2180 0.0 0.0
2181 0.0 0.0
2182 0.0 0.0
2183 0.0 0.0
2184 0.0 0.0
2185 0.0 0.0
2186 0.0 0.0
2187 0.0 0.0
2188 0.0 0.0
2189 0.0 0.0
2190 0.0 0.0
2191 0.0 0.0
2192 0.0 0.0
2193 0.0 0.0
2194 0.0 0.0
2195 0.0 0.0
2196 0.0 0.0
2197 0.0 0.0
2198 0.0 0.0
2199 0.0 0.0