2200 0.000002100546602 1.0
2
0 -0.0019286480651999997 0.0
1 -0.0019286480651999997 0.0
2 -0.0019286480651999997 0.0
3 -0.0019286480651999997 0.0
4 -0.0019286480651999997 0.0
5 -0.0019286480651999997 0.0
6 -0.0019286480651999997 0.0
7 -0.0019286480651999997 0.0
8 -0.0019286480651999997 0.0
9 -0.0019286480651999997 0.0
10 -0.0019286480651999997 0.0
11 -0.0019286480651999997 0.0
12 -0.0019286480651999997 0.0
13 -0.0019286480651999997 0.0
14 -0.0019286480651999997 0.0
15 -0.0019286480651999997 0.0
16 -0.0019286480651999997 0.0
17 -0.0019286480651999997 0.0
18 -0.0019286480651999997 0.0
19 -0.0019286480651999997 0.0
20 -0.0019286480651999997 0.0
21 -0.0019286480651999997 0.0
22 -0.0019286480651999997 0.0
23 -0.0019286480651999997 0.0
24 -0.0019286480651999997 0.0
25 -0.0019286480651999997 0.0
26 -0.0019286480651999997 0.0
27 -0.0019286480651999997 0.0
28 -0.0019286480651999997 0.0
29 -0.0019286480651999997 0.0
30 -0.0019286480651999997 0.0
31 -0.0019286480651999997 0.0
32 -0.0019286480651999997 0.0
33 -0.0019286480651999997 0.0
34 -0.0019286480651999997 0.0
35 -0.0019286480651999997 0.0
36 -0.0019286480651999997 0.0
37 -0.0019286480651999997 0.0
38 -0.0019286480651999997 0.0
39 -0.0019286480651999997 0.0
40 -0.0019286480651999997 0.0
41 -0.0019286480651999997 0.0
42 -0.0019286480651999997 0.0
43 -0.0019286480651999997 0.0
44 -0.0019286480651999997 0.0
45 -0.0019286480651999997 0.0
46 -0.0019286480651999997 0.0
47 -0.0019286480651999997 0.0
48 -0.0019286480651999997 0.0
49 -0.0019286480651999997 0.0
50 -0.0019286480651999997 0.0
51 -0.0019286480651999997 0.0
52 -0.0019286480651999997 0.0
53 -0.0019286480651999997 0.0
54 -0.0019286480651999997 0.0
55 -0.0019286480651999997 0.0
56 -0.0019286480651999997 0.0
57 -0.0019286480651999997 0.0
58 -0.0019286480651999997 0.0
59 -0.0019286480651999997 0.0
60 -0.0019286480651999997 0.0
61 -0.0019286480651999997 0.0
62 -0.0019286480651999997 0.0
63 -0.0019286480651999997 0.0
64 -0.0019286480651999997 0.0
65 -0.0019286480651999997 0.0
66 -0.0019286480651999997 0.0
67 -0.0019286480651999997 0.0
68 -0.0019286480651999997 0.0
69 -0.0019286480651999997 0.0
70 -0.0019286480651999997 0.0
71 -0.0019286480651999997 0.0
72 -0.0019286480651999997 0.0
73 -0.0019286480651999997 0.0
74 -0.0019286480651999997 0.0
75 -0.0019286480651999997 0.0
76 -0.0019286480651999997 0.0
77 -0.0019286480651999997 0.0
78 -0.0019286480651999997 0.0
79 -0.0019286480651999997 0.0
80 -0.0019286480651999997 0.0
81 -0.0019286480651999997 0.0
82 -0.0019286480651999997 0.0
83 -0.0019286480651999997 0.0
84 -0.0019286480651999997 0.0
85 -0.0019286480651999997 0.0
86 -0.0019286480651999997 0.0
87 -0.0019286480651999997 0.0
88 -0.0019286480651999997 0.0
89 -0.0019286480651999997 0.0
90 -0.0019286480651999997 0.0
91 -0.0019286480651999997 0.0
92 -0.0019286480651999997 0.0
93 -0.0019286480651999997 0.0
94 -0.0019286480651999997 0.0
95 -0.0019286480651999997 0.0
96 -0.0019286480651999997 0.0
97 -0.0019286480651999997 0.0
98 -0.0019286480651999997 0.0
99 -0.0019286480651999997 0.0
100 -0.0019286480651999997 0.0
101 -0.0019286480651999997 0.0
102 -0.0019286480651999997 0.0
103 -0.0019286480651999997 0.0
104 -0.0019286480651999997 0.0
105 -0.0019286480651999997 0.0
106 -0.0019286480651999997 0.0
107 -0.0019286480651999997 0.0
108 -0.0019286480651999997 0.0
109 -0.0019286480651999997 0.0
110 -0.0019286480651999997 0.0
111 -0.0019286480651999997 0.0
112 -0.0019286480651999997 0.0
113 -0.0019286480651999997 0.0
114 -0.0019286480651999997 0.0
115 -0.0019286480651999997 0.0
116 -0.0019286480651999997 0.0
117 -0.0019286480651999997 0.0
118 -0.0019286480651999997 0.0
119 -0.0019286480651999997 0.0
120 -0.0019286480651999997 0.0
121 -0.0019286480651999997 0.0
122 -0.0019286480651999997 0.0
123 -0.0019286480651999997 0.0
124 -0.0019286480651999997 0.0
125 -0.0019286480651999997 0.0
126 -0.0019286480651999997 0.0
127 -0.0019286480651999997 0.0
128 -0.0019286480651999997 0.0
129 -0.0019286480651999997 0.0
130 -0.0019286480651999997 0.0
131 -0.0019286480651999997 0.0
132 -0.0019286480651999997 0.0
133 -0.0019286480651999997 0.0
134 -0.0019286480651999997 0.0
135 -0.0019286480651999997 0.0
136 -0.0019286480651999997 0.0
137 -0.0019286480651999997 0.0
138 -0.0019286480651999997 0.0
139 -0.0019286480651999997 0.0
140 -0.0019286480651999997 0.0
141 -0.0019286480651999997 0.0
142 -0.0019286480651999997 0.0
143 -0.0019286480651999997 0.0
144 -0.0019286480651999997 0.0
145 -0.0019286480651999997 0.0
146 -0.0019286480651999997 0.0
147 -0.0019286480651999997 0.0
148 -0.0019286480651999997 0.0
149 -0.0019286480651999997 0.0
150 -0.0019286480651999997 0.0
151 -0.0019286480651999997 0.0
152 -0.0019286480651999997 0.0
153 -0.0019286480651999997 0.0
154 -0.0019286480651999997 0.0
155 -0.0019286480651999997 0.0
156 -0.0019286480651999997 0.0
157 -0.0019286480651999997 0.0
158 -0.0019286480651999997 0.0
159 -0.0019286480651999997 0.0
160 -0.0019286480651999997 0.0
161 -0.0019286480651999997 0.0
162 -0.0019286480651999997 0.0
163 -0.0019286480651999997 0.0
164 -0.0019286480651999997 0.0
165 -0.0019286480651999997 0.0
166 -0.0019286480651999997 0.0
167 -0.0019286480651999997 0.0
168 -0.0019286480651999997 0.0
169 -0.0019286480651999997 0.0
170 -0.0019286480651999997 0.0
171 -0.0019286480651999997 0.0
172 -0.0019286480651999997 0.0
173 -0.0019286480651999997 0.0
174 -0.0019286480651999997 0.0
175 -0.0019286480651999997 0.0
176 -0.0019286480651999997 0.0
177 -0.0019286480651999997 0.0
178 -0.0019286480651999997 0.0
179 -0.0019286480651999997 0.0
180 -0.0019286480651999997 0.0
181 -0.0019286480651999997 0.0
182 -0.0019286480651999997 0.0
183 -0.0019286480651999997 0.0
184 -0.0019286480651999997 0.0
185 -0.0019286480651999997 0.0
186 -0.0019286480651999997 0.0
187 -0.0019286480651999997 0.0
188 -0.0019286480651999997 0.0
189 -0.0019286480651999997 0.0
190 -0.0019286480651999997 0.0
191 -0.0019286480651999997 0.0
192 -0.0019286480651999997 0.0
193 -0.0019286480651999997 0.0
194 -0.0019286480651999997 0.0
195 -0.0019286480651999997 0.0
196 -0.0019286480651999997 0.0
197 -0.0019286480651999997 0.0
198 -0.0019286480651999997 0.0
199 -0.0019286480651999997 0.0
200 -0.0019286480651999997 0.0
201 -0.0019335692744754543 0.0
202 -0.001938490483750909 0.0
203 -0.0019434116930263636 0.0
204 -0.0019483329023018184 0.0
205 -0.001953254111577273 0.0
206 -0.0019581753208527276 0.0
207 -0.0019630965301281823 0.0
208 -0.001968017739403637 0.0
209 -0.001972938948679092 0.0
210 -0.0019778601579545463 0.0
211 -0.001982781367230001 0.0
212 -0.001987702576505456 0.0
213 -0.00199262378578091 0.0
214 -0.001997544995056365 0.0
215 -0.0020024662043318197 0.0
216 -0.0020073874136072745 0.0
217 -0.002012308622882729 0.0
218 -0.0020172298321581837 0.0
219 -0.0020221510414336384 0.0
220 -0.002027072250709093 0.0
221 -0.0020319934599845476 0.0
222 -0.0020369146692600024 0.0
223 -0.002041835878535457 0.0
224 -0.0020467570878109115 0.0
225 -0.0020516782970863663 0.0
226 -0.002056599506361821 0.0
227 -0.002061520715637276 0.0
228 -0.00206644192491273 0.0
229 -0.002071363134188185 0.0
230 -0.0020762843434636398 0.0
231 -0.002081205552739094 0.0
232 -0.002086126762014549 0.0
233 -0.0020910479712900037 0.0
234 -0.0020959691805654585 0.0
235 -0.002100890389840913 0.0
236 -0.0021058115991163676 0.0
237 -0.0021107328083918224 0.0
238 -0.002115654017667277 0.0
239 -0.0021205752269427315 0.0
240 -0.0021254964362181863 0.0
241 -0.002130417645493641 0.0
242 -0.0021353388547690954 0.0
243 -0.00214026006404455 0.0
244 -0.002145181273320005 0.0
245 -0.0021501024825954598 0.0
246 -0.002155023691870914 0.0
247 -0.002159944901146369 0.0
248 -0.0021648661104218237 0.0
249 -0.0021697873196972785 0.0
250 -0.002174708528972733 0.0
251 -0.0021796297382481876 0.0
252 -0.0021845509475236424 0.0
253 -0.0021894721567990967 0.0
254 -0.0021943933660745515 0.0
255 -0.0021993145753500063 0.0
256 -0.0022042357846254607 0.0
257 -0.0022091569939009154 0.0
258 -0.0022140782031763702 0.0
259 -0.002218999412451825 0.0
260 -0.00222392062172728 0.0
261 -0.002228841831002734 0.0
262 -0.002233763040278189 0.0
263 -0.0022386842495536437 0.0
264 -0.002243605458829098 0.0
265 -0.002248526668104553 0.0
266 -0.0022534478773800076 0.0
267 -0.002258369086655462 0.0
268 -0.0022632902959309168 0.0
269 -0.0022682115052063715 0.0
270 -0.0022731327144818263 0.0
271 -0.0022780539237572807 0.0
272 -0.0022829751330327355 0.0
273 -0.0022878963423081902 0.0
274 -0.002292817551583645 0.0
275 -0.0022977387608590994 0.0
276 -0.002302659970134554 0.0
277 -0.002307581179410009 0.0
278 -0.0023125023886854633 0.0
279 -0.002317423597960918 0.0
280 -0.002322344807236373 0.0
281 -0.0023272660165118276 0.0
282 -0.002332187225787282 0.0
283 -0.0023371084350627368 0.0
284 -0.0023420296443381916 0.0
285 -0.0023469508536136463 0.0
286 -0.0023518720628891007 0.0
287 -0.0023567932721645555 0.0
288 -0.0023617144814400103 0.0
289 -0.0023666356907154646 0.0
290 -0.0023715568999909194 0.0
291 -0.002376478109266374 0.0
292 -0.0023813993185418285 0.0
293 -0.0023863205278172833 0.0
294 -0.002391241737092738 0.0
295 -0.002396162946368193 0.0
296 -0.0024010841556436477 0.0
297 -0.002406005364919102 0.0
298 -0.002410926574194557 0.0
299 -0.0024158477834700116 0.0
300 -0.002420768992745466 0.0
301 -0.0024256902020209207 0.0
302 -0.0024306114112963755 0.0
303 -0.00243553262057183 0.0
304 -0.0024404538298472846 0.0
305 -0.0024453750391227394 0.0
306 -0.002450296248398194 0.0
307 -0.002455217457673649 0.0
308 -0.0024601386669491033 0.0
309 -0.002465059876224558 0.0
310 -0.002469981085500013 0.0
311 -0.0024749022947754672 0.0
312 -0.002479823504050922 0.0
313 -0.002484744713326377 0.0
314 -0.002489665922601831 0.0
315 -0.002494587131877286 0.0
316 -0.0024995083411527407 0.0
317 -0.0025044295504281955 0.0
318 -0.00250935075970365 0.0
319 -0.0025142719689791046 0.0
320 -0.0025191931782545594 0.0
321 -0.002524114387530014 0.0
322 -0.0025290355968054685 0.0
323 -0.0025339568060809233 0.0
324 -0.002538878015356378 0.0
325 -0.0025437992246318325 0.0
326 -0.0025487204339072872 0.0
327 -0.002553641643182742 0.0
328 -0.002558562852458197 0.0
329 -0.002563484061733651 0.0
330 -0.002568405271009106 0.0
331 -0.0025733264802845607 0.0
332 -0.0025782476895600155 0.0
333 -0.00258316889883547 0.0
334 -0.0025880901081109246 0.0
335 -0.0025930113173863794 0.0
336 -0.0025979325266618338 0.0
337 -0.0026028537359372886 0.0
338 -0.0026077749452127433 0.0
339 -0.0026126961544881977 0.0
340 -0.0026176173637636525 0.0
341 -0.0026225385730391073 0.0
342 -0.002627459782314562 0.0
343 -0.002632380991590017 0.0
344 -0.002637302200865471 0.0
345 -0.002642223410140926 0.0
346 -0.0026471446194163807 0.0
347 -0.002652065828691835 0.0
348 -0.00265698703796729 0.0
349 -0.0026619082472427447 0.0
350 -0.002666829456518199 0.0
351 -0.002671750665793654 0.0
352 -0.0026766718750691086 0.0
353 -0.0026815930843445634 0.0
354 -0.002686514293620018 0.0
355 -0.0026914355028954725 0.0
356 -0.0026963567121709273 0.0
357 -0.002701277921446382 0.0
358 -0.0027061991307218364 0.0
359 -0.002711120339997291 0.0
360 -0.002716041549272746 0.0
361 -0.0027209627585482008 0.0
362 -0.002725883967823655 0.0
363 -0.00273080517709911 0.0
364 -0.0027357263863745642 0.0
365 -0.0027406475956500195 0.0
366 -0.002745568804925474 0.0
367 -0.0027504900142009286 0.0
368 -0.0027554112234763834 0.0
369 -0.0027603324327518377 0.0
370 -0.0027652536420272925 0.0
371 -0.0027701748513027473 0.0
372 -0.0027750960605782016 0.0
373 -0.0027800172698536564 0.0
374 -0.002784938479129111 0.0
375 -0.002789859688404566 0.0
376 -0.0027947808976800208 0.0
377 -0.002799702106955475 0.0
378 -0.00280462331623093 0.0
379 -0.0028095445255063847 0.0
380 -0.002814465734781839 0.0
381 -0.002819386944057294 0.0
382 -0.0028243081533327486 0.0
383 -0.002829229362608203 0.0
384 -0.0028341505718836577 0.0
385 -0.0028390717811591125 0.0
386 -0.0028439929904345673 0.0
387 -0.0028489141997100217 0.0
388 -0.0028538354089854764 0.0
389 -0.0028587566182609312 0.0
390 -0.002863677827536386 0.0
391 -0.0028685990368118404 0.0
392 -0.002873520246087295 0.0
393 -0.00287844145536275 0.0
394 -0.0028833626646382043 0.0
395 -0.002888283873913659 0.0
396 -0.002893205083189114 0.0
397 -0.002898126292464568 0.0
398 -0.002903047501740023 0.0
399 -0.0029079687110154778 0.0
400 -0.0029128899202909325 0.0
401 -0.0029178111295663873 0.0
402 -0.0029227323388418417 0.0
403 -0.002927653548117296 0.0
404 -0.0029325747573927512 0.0
405 -0.0029374959666682056 0.0
406 -0.0029424171759436604 0.0
407 -0.002947338385219115 0.0
408 -0.0029522595944945695 0.0
409 -0.0029571808037700243 0.0
410 -0.002962102013045479 0.0
411 -0.0029670232223209334 0.0
412 -0.0029719444315963886 0.0
413 -0.002976865640871843 0.0
414 -0.0029817868501472978 0.0
415 -0.0029867080594227526 0.0
416 -0.002991629268698207 0.0
417 -0.0029965504779736617 0.0
418 -0.0030014716872491165 0.0
419 -0.003006392896524571 0.0
420 -0.003011314105800026 0.0
421 -0.0030162353150754804 0.0
422 -0.0030211565243509347 0.0
423 -0.00302607773362639 0.0
424 -0.0030309989429018443 0.0
425 -0.003035920152177299 0.0
426 -0.003040841361452754 0.0
427 -0.0030457625707282082 0.0
428 -0.003050683780003663 0.0
429 -0.003055604989279118 0.0
430 -0.003060526198554572 0.0
431 -0.003065447407830027 0.0
432 -0.0030703686171054817 0.0
433 -0.0030752898263809365 0.0
434 -0.0030802110356563913 0.0
435 -0.0030851322449318456 0.0
436 -0.0030900534542073 0.0
437 -0.003094974663482755 0.0
438 -0.0030998958727582095 0.0
439 -0.0031048170820336643 0.0
440 -0.003109738291309119 0.0
441 -0.0031146595005845734 0.0
442 -0.0031195807098600282 0.0
443 -0.003124501919135483 0.0
444 -0.0031294231284109374 0.0
445 -0.003134344337686392 0.0
446 -0.003139265546961847 0.0
447 -0.0031441867562373017 0.0
448 -0.0031491079655127565 0.0
449 -0.003154029174788211 0.0
450 -0.0031589503840636656 0.0
451 -0.0031638715933391204 0.0
452 -0.0031687928026145748 0.0
453 -0.00317371401189003 0.0
454 -0.0031786352211654843 0.0
455 -0.0031835564304409387 0.0
456 -0.003188477639716394 0.0
457 -0.0031933988489918482 0.0
458 -0.0031983200582673026 0.0
459 -0.0032032412675427574 0.0
460 -0.003208162476818212 0.0
461 -0.003213083686093667 0.0
462 -0.0032180048953691217 0.0
463 -0.003222926104644576 0.0
464 -0.003227847313920031 0.0
465 -0.0032327685231954856 0.0
466 -0.00323768973247094 0.0
467 -0.003242610941746395 0.0
468 -0.0032475321510218496 0.0
469 -0.003252453360297304 0.0
470 -0.003257374569572759 0.0
471 -0.0032622957788482135 0.0
472 -0.003267216988123668 0.0
473 -0.003272138197399123 0.0
474 -0.0032770594066745774 0.0
475 -0.003281980615950032 0.0
476 -0.003286901825225487 0.0
477 -0.0032918230345009413 0.0
478 -0.003296744243776396 0.0
479 -0.003301665453051851 0.0
480 -0.0033065866623273052 0.0
481 -0.0033115078716027604 0.0
482 -0.003316429080878215 0.0
483 -0.0033213502901536696 0.0
484 -0.0033262714994291244 0.0
485 -0.0033311927087045787 0.0
486 -0.0033361139179800335 0.0
487 -0.0033410351272554883 0.0
488 -0.0033459563365309426 0.0
489 -0.003350877545806398 0.0
490 -0.003355798755081852 0.0
491 -0.0033607199643573065 0.0
492 -0.0033656411736327613 0.0
493 -0.003370562382908216 0.0
494 -0.0033754835921836705 0.0
495 -0.0033804048014591257 0.0
496 -0.00338532601073458 0.0
497 -0.003390247220010035 0.0
498 -0.0033951684292854896 0.0
499 -0.003400089638560944 0.0
500 -0.0034050108478363987 0.0
501 -0.0034099320571118535 0.0
502 -0.003414853266387308 0.0
503 -0.003419774475662763 0.0
504 -0.0034246956849382174 0.0
505 -0.0034296168942136718 0.0
506 -0.003434538103489127 0.0
507 -0.0034394593127645813 0.0
508 -0.003444380522040036 0.0
509 -0.003449301731315491 0.0
510 -0.0034542229405909453 0.0
511 -0.0034591441498664 0.0
512 -0.003464065359141855 0.0
513 -0.003468986568417309 0.0
514 -0.003473907777692764 0.0
515 -0.0034788289869682187 0.0
516 -0.0034837501962436735 0.0
517 -0.0034886714055191283 0.0
518 -0.0034935926147945827 0.0
519 -0.0034985138240700374 0.0
520 -0.0035034350333454922 0.0
521 -0.0035083562426209466 0.0
522 -0.003513277451896402 0.0
523 -0.003518198661171856 0.0
524 -0.0035231198704473105 0.0
525 -0.0035280410797227653 0.0
526 -0.00353296228899822 0.0
527 -0.0035378834982736744 0.0
528 -0.003542804707549129 0.0
529 -0.003547725916824584 0.0
530 -0.0035526471261000388 0.0
531 -0.0035575683353754935 0.0
532 -0.003562489544650948 0.0
533 -0.0035674107539264027 0.0
534 -0.0035723319632018575 0.0
535 -0.003577253172477312 0.0
536 -0.003582174381752767 0.0
537 -0.0035870955910282214 0.0
538 -0.0035920168003036757 0.0
539 -0.003596938009579131 0.0
540 -0.0036018592188545853 0.0
541 -0.0036067804281300396 0.0
542 -0.003611701637405495 0.0
543 -0.003616622846680949 0.0
544 -0.003621544055956404 0.0
545 -0.0036264652652318588 0.0
546 -0.003631386474507313 0.0
547 -0.003636307683782768 0.0
548 -0.0036412288930582227 0.0
549 -0.003646150102333677 0.0
550 -0.0036510713116091323 0.0
551 -0.0036559925208845866 0.0
552 -0.0036609137301600414 0.0
553 -0.003665834939435496 0.0
554 -0.0036707561487109505 0.0
555 -0.0036756773579864053 0.0
556 -0.00368059856726186 0.0
557 -0.0036855197765373144 0.0
558 -0.003690440985812769 0.0
559 -0.003695362195088224 0.0
560 -0.0037002834043636783 0.0
561 -0.003705204613639133 0.0
562 -0.003710125822914588 0.0
563 -0.0037150470321900423 0.0
564 -0.0037199682414654975 0.0
565 -0.003724889450740952 0.0
566 -0.0037298106600164066 0.0
567 -0.0037347318692918614 0.0
568 -0.0037396530785673157 0.0
569 -0.0037445742878427705 0.0
570 -0.0037494954971182253 0.0
571 -0.0037544167063936797 0.0
572 -0.003759337915669135 0.0
573 -0.0037642591249445892 0.0
574 -0.0037691803342200436 0.0
575 -0.003774101543495499 0.0
576 -0.003779022752770953 0.0
577 -0.0037839439620464075 0.0
578 -0.0037888651713218627 0.0
579 -0.003793786380597317 0.0
580 -0.003798707589872772 0.0
581 -0.0038036287991482266 0.0
582 -0.003808550008423681 0.0
583 -0.0038134712176991358 0.0
584 -0.0038183924269745905 0.0
585 -0.0038233136362500453 0.0
586 -0.0038282348455255 0.0
587 -0.0038331560548009545 0.0
588 -0.0038380772640764092 0.0
589 -0.003842998473351864 0.0
590 -0.0038479196826273184 0.0
591 -0.003852840891902773 0.0
592 -0.003857762101178228 0.0
593 -0.0038626833104536823 0.0
594 -0.003867604519729137 0.0
595 -0.003872525729004592 0.0
596 -0.003877446938280046 0.0
597 -0.003882368147555501 0.0
598 -0.0038872893568309558 0.0
599 -0.0038922105661064106 0.0
600 -0.0038971317753818653 0.0
601 -0.0039020529846573197 0.0
602 -0.003906974193932775 0.0
603 -0.003911895403208229 0.0
604 -0.003916816612483684 0.0
605 -0.003921737821759138 0.0
606 -0.003926659031034592 0.0
607 -0.003931580240310048 0.0
608 -0.003936501449585503 0.0
609 -0.003941422658860957 0.0
610 -0.0039463438681364114 0.0
611 -0.003951265077411866 0.0
612 -0.003956186286687321 0.0
613 -0.003961107495962776 0.0
614 -0.003966028705238231 0.0
615 -0.003970949914513685 0.0
616 -0.003975871123789139 0.0
617 -0.0039807923330645945 0.0
618 -0.003985713542340049 0.0
619 -0.003990634751615504 0.0
620 -0.003995555960890958 0.0
621 -0.004000477170166413 0.0
622 -0.004005398379441867 0.0
623 -0.004010319588717322 0.0
624 -0.0040152407979927775 0.0
625 -0.004020162007268232 0.0
626 -0.004025083216543686 0.0
627 -0.004030004425819141 0.0
628 -0.004034925635094596 0.0
629 -0.004039846844370051 0.0
630 -0.004044768053645505 0.0
631 -0.00404968926292096 0.0
632 -0.004054610472196414 0.0
633 -0.004059531681471869 0.0
634 -0.004064452890747324 0.0
635 -0.004069374100022779 0.0
636 -0.004074295309298233 0.0
637 -0.0040792165185736876 0.0
638 -0.004084137727849142 0.0
639 -0.004089058937124596 0.0
640 -0.004093980146400052 0.0
641 -0.004098901355675507 0.0
642 -0.004103822564950961 0.0
643 -0.004108743774226415 0.0
644 -0.00411366498350187 0.0
645 -0.004118586192777325 0.0
646 -0.00412350740205278 0.0
647 -0.0041284286113282345 0.0
648 -0.004133349820603689 0.0
649 -0.004138271029879143 0.0
650 -0.0041431922391545984 0.0
651 -0.004148113448430053 0.0
652 -0.004153034657705508 0.0
653 -0.004157955866980962 0.0
654 -0.004162877076256417 0.0
655 -0.004167798285531871 0.0
656 -0.004172719494807326 0.0
657 -0.0041776407040827815 0.0
658 -0.004182561913358236 0.0
659 -0.00418748312263369 0.0
660 -0.0041924043319091445 0.0
661 -0.0041973255411846 0.0
662 -0.004202246750460054 0.0
663 -0.004207167959735509 0.0
664 -0.004212089169010964 0.0
665 -0.004217010378286418 0.0
666 -0.004221931587561873 0.0
667 -0.004226852796837328 0.0
668 -0.004231774006112783 0.0
669 -0.004236695215388237 0.0
670 -0.0042416164246636915 0.0
671 -0.004246537633939146 0.0
672 -0.0042514588432146 0.0
673 -0.004256380052490056 0.0
674 -0.004261301261765511 0.0
675 -0.004266222471040965 0.0
676 -0.004271143680316419 0.0
677 -0.004276064889591874 0.0
678 -0.004280986098867329 0.0
679 -0.004285907308142784 0.0
680 -0.0042908285174182385 0.0
681 -0.004295749726693693 0.0
682 -0.004300670935969147 0.0
683 -0.0043055921452446015 0.0
684 -0.004310513354520057 0.0
685 -0.004315434563795512 0.0
686 -0.004320355773070966 0.0
687 -0.004325276982346421 0.0
688 -0.004330198191621875 0.0
689 -0.00433511940089733 0.0
690 -0.0043400406101727846 0.0
691 -0.00434496181944824 0.0
692 -0.004349883028723694 0.0
693 -0.0043548042379991485 0.0
694 -0.004359725447274604 0.0
695 -0.004364646656550058 0.0
696 -0.004369567865825513 0.0
697 -0.004374489075100968 0.0
698 -0.004379410284376422 0.0
699 -0.004384331493651877 0.0
700 -0.0043892527029273315 0.0
701 -0.004394173912202787 0.0
702 -0.004399095121478241 0.0
703 -0.0044040163307536954 0.0
704 -0.00440893754002915 0.0
705 -0.004413858749304604 0.0
706 -0.00441877995858006 0.0
707 -0.004423701167855515 0.0
708 -0.004428622377130969 0.0
709 -0.004433543586406423 0.0
710 -0.004438464795681878 0.0
711 -0.004443386004957332 0.0
712 -0.004448307214232788 0.0
713 -0.004453228423508242 0.0
714 -0.004458149632783697 0.0
715 -0.004463070842059151 0.0
716 -0.0044679920513346055 0.0
717 -0.004472913260610061 0.0
718 -0.004477834469885515 0.0
719 -0.00448275567916097 0.0
720 -0.004487676888436425 0.0
721 -0.004492598097711879 0.0
722 -0.004497519306987334 0.0
723 -0.0045024405162627885 0.0
724 -0.004507361725538244 0.0
725 -0.004512282934813698 0.0
726 -0.004517204144089152 0.0
727 -0.004522125353364608 0.0
728 -0.004527046562640062 0.0
729 -0.004531967771915517 0.0
730 -0.0045368889811909716 0.0
731 -0.004541810190466426 0.0
732 -0.00454673139974188 0.0
733 -0.0045516526090173355 0.0
734 -0.004556573818292791 0.0
735 -0.004561495027568245 0.0
736 -0.004566416236843699 0.0
737 -0.004571337446119154 0.0
738 -0.004576258655394608 0.0
739 -0.004581179864670063 0.0
740 -0.0045861010739455185 0.0
741 -0.004591022283220973 0.0
742 -0.004595943492496427 0.0
743 -0.004600864701771882 0.0
744 -0.004605785911047336 0.0
745 -0.004610707120322792 0.0
746 -0.004615628329598246 0.0
747 -0.004620549538873701 0.0
748 -0.004625470748149155 0.0
749 -0.004630391957424609 0.0
750 -0.004635313166700065 0.0
751 -0.004640234375975519 0.0
752 -0.004645155585250974 0.0
753 -0.0046500767945264285 0.0
754 -0.004654998003801883 0.0
755 -0.004659919213077338 0.0
756 -0.0046648404223527925 0.0
757 -0.004669761631628248 0.0
758 -0.004674682840903702 0.0
759 -0.004679604050179156 0.0
760 -0.004684525259454611 0.0
761 -0.004689446468730066 0.0
762 -0.004694367678005521 0.0
763 -0.0046992888872809755 0.0
764 -0.00470421009655643 0.0
765 -0.004709131305831884 0.0
766 -0.004714052515107339 0.0
767 -0.004718973724382794 0.0
768 -0.004723894933658249 0.0
769 -0.004728816142933703 0.0
770 -0.004733737352209158 0.0
771 -0.004738658561484612 0.0
772 -0.004743579770760067 0.0
773 -0.0047485009800355225 0.0
774 -0.004753422189310977 0.0
775 -0.004758343398586431 0.0
776 -0.0047632646078618855 0.0
777 -0.00476818581713734 0.0
778 -0.004773107026412796 0.0
779 -0.00477802823568825 0.0
780 -0.004782949444963705 0.0
781 -0.004787870654239159 0.0
782 -0.004792791863514613 0.0
783 -0.004797713072790069 0.0
784 -0.004802634282065523 0.0
785 -0.004807555491340978 0.0
786 -0.0048124767006164325 0.0
787 -0.004817397909891887 0.0
788 -0.004822319119167341 0.0
789 -0.004827240328442796 0.0
790 -0.004832161537718252 0.0
791 -0.004837082746993706 0.0
792 -0.00484200395626916 0.0
793 -0.004846925165544615 0.0
794 -0.00485184637482007 0.0
795 -0.004856767584095524 0.0
796 -0.0048616887933709795 0.0
797 -0.004866610002646434 0.0
798 -0.004871531211921888 0.0
799 -0.004876452421197343 0.0
800 -0.004881373630472798 0.0
801 -0.004886294839748253 0.0
802 -0.004891216049023707 0.0
803 -0.004896137258299162 0.0
804 -0.004901058467574616 0.0
805 -0.004905979676850071 0.0
806 -0.004910900886125526 0.0
807 -0.004915822095400981 0.0
808 -0.004920743304676435 0.0
809 -0.0049256645139518895 0.0
810 -0.004930585723227344 0.0
811 -0.0049355069325028 0.0
812 -0.004940428141778254 0.0
813 -0.004945349351053709 0.0
814 -0.004950270560329163 0.0
815 -0.004955191769604617 0.0
816 -0.0049601129788800725 0.0
817 -0.004965034188155527 0.0
818 -0.004969955397430982 0.0
819 -0.004974876606706436 0.0
820 -0.004979797815981891 0.0
821 -0.004984719025257345 0.0
822 -0.0049896402345328 0.0
823 -0.0049945614438082556 0.0
824 -0.00499948265308371 0.0
825 -0.005004403862359164 0.0
826 -0.005009325071634619 0.0
827 -0.005014246280910074 0.0
828 -0.005019167490185528 0.0
829 -0.005024088699460983 0.0
830 -0.005029009908736438 0.0
831 -0.005033931118011892 0.0
832 -0.005038852327287347 0.0
833 -0.005043773536562802 0.0
834 -0.005048694745838257 0.0
835 -0.005053615955113711 0.0
836 -0.005058537164389166 0.0
837 -0.00506345837366462 0.0
838 -0.005068379582940075 0.0
839 -0.00507330079221553 0.0
840 -0.005078222001490985 0.0
841 -0.005083143210766439 0.0
842 -0.005088064420041893 0.0
843 -0.005092985629317348 0.0
844 -0.005097906838592804 0.0
845 -0.005102828047868258 0.0
846 -0.0051077492571437125 0.0
847 -0.005112670466419167 0.0
848 -0.005117591675694621 0.0
849 -0.005122512884970076 0.0
850 -0.005127434094245531 0.0
851 -0.005132355303520986 0.0
852 -0.00513727651279644 0.0
853 -0.005142197722071895 0.0
854 -0.005147118931347349 0.0
855 -0.005152040140622804 0.0
856 -0.005156961349898259 0.0
857 -0.005161882559173714 0.0
858 -0.005166803768449168 0.0
859 -0.0051717249777246226 0.0
860 -0.005176646187000078 0.0
861 -0.005181567396275532 0.0
862 -0.005186488605550987 0.0
863 -0.005191409814826442 0.0
864 -0.005196331024101896 0.0
865 -0.005201252233377351 0.0
866 -0.005206173442652806 0.0
867 -0.005211094651928261 0.0
868 -0.005216015861203715 0.0
869 -0.0052209370704791695 0.0
870 -0.005225858279754624 0.0
871 -0.005230779489030079 0.0
872 -0.005235700698305534 0.0
873 -0.005240621907580989 0.0
874 -0.005245543116856443 0.0
875 -0.005250464326131897 0.0
876 -0.005255385535407352 0.0
877 -0.005260306744682807 0.0
878 -0.005265227953958262 0.0
879 -0.0052701491632337165 0.0
880 -0.005275070372509171 0.0
881 -0.005279991581784625 0.0
882 -0.0052849127910600795 0.0
883 -0.005289834000335535 0.0
884 -0.00529475520961099 0.0
885 -0.005299676418886444 0.0
886 -0.005304597628161899 0.0
887 -0.005309518837437353 0.0
888 -0.005314440046712808 0.0
889 -0.005319361255988263 0.0
890 -0.005324282465263718 0.0
891 -0.005329203674539172 0.0
892 -0.0053341248838146265 0.0
893 -0.005339046093090082 0.0
894 -0.005343967302365536 0.0
895 -0.005348888511640991 0.0
896 -0.005353809720916446 0.0
897 -0.0053587309301919 0.0
898 -0.005363652139467354 0.0
899 -0.0053685733487428096 0.0
900 -0.005373494558018265 0.0
901 -0.005378415767293719 0.0
902 -0.0053833369765691735 0.0
903 -0.005388258185844628 0.0
904 -0.005393179395120083 0.0
905 -0.005398100604395537 0.0
906 -0.005403021813670993 0.0
907 -0.005407943022946447 0.0
908 -0.005412864232221901 0.0
909 -0.005417785441497356 0.0
910 -0.005422706650772811 0.0
911 -0.005427627860048266 0.0
912 -0.0054325490693237204 0.0
913 -0.005437470278599175 0.0
914 -0.005442391487874629 0.0
915 -0.0054473126971500835 0.0
916 -0.005452233906425539 0.0
917 -0.005457155115700994 0.0
918 -0.005462076324976448 0.0
919 -0.005466997534251903 0.0
920 -0.005471918743527357 0.0
921 -0.005476839952802812 0.0
922 -0.0054817611620782665 0.0
923 -0.005486682371353722 0.0
924 -0.005491603580629176 0.0
925 -0.0054965247899046304 0.0
926 -0.005501445999180085 0.0
927 -0.00550636720845554 0.0
928 -0.005511288417730995 0.0
929 -0.00551620962700645 0.0
930 -0.005521130836281904 0.0
931 -0.005526052045557358 0.0
932 -0.0055309732548328135 0.0
933 -0.005535894464108268 0.0
934 -0.005540815673383723 0.0
935 -0.005545736882659177 0.0
936 -0.005550658091934632 0.0
937 -0.005555579301210087 0.0
938 -0.005560500510485541 0.0
939 -0.0055654217197609965 0.0
940 -0.005570342929036451 0.0
941 -0.005575264138311905 0.0
942 -0.00558018534758736 0.0
943 -0.005585106556862815 0.0
944 -0.00559002776613827 0.0
945 -0.005594948975413724 0.0
946 -0.005599870184689179 0.0
947 -0.005604791393964633 0.0
948 -0.005609712603240087 0.0
949 -0.005614633812515543 0.0
950 -0.005619555021790998 0.0
951 -0.005624476231066452 0.0
952 -0.0056293974403419066 0.0
953 -0.005634318649617361 0.0
954 -0.005639239858892815 0.0
955 -0.0056441610681682705 0.0
956 -0.005649082277443726 0.0
957 -0.00565400348671918 0.0
958 -0.005658924695994634 0.0
959 -0.005663845905270089 0.0
960 -0.005668767114545544 0.0
961 -0.005673688323820998 0.0
962 -0.0056786095330964535 0.0
963 -0.005683530742371908 0.0
964 -0.005688451951647362 0.0
965 -0.0056933731609228174 0.0
966 -0.005698294370198272 0.0
967 -0.005703215579473727 0.0
968 -0.005708136788749181 0.0
969 -0.005713057998024636 0.0
970 -0.005717979207300091 0.0
971 -0.005722900416575545 0.0
972 -0.0057278216258510005 0.0
973 -0.005732742835126455 0.0
974 -0.005737664044401909 0.0
975 -0.0057425852536773635 0.0
976 -0.005747506462952819 0.0
977 -0.005752427672228274 0.0
978 -0.005757348881503728 0.0
979 -0.005762270090779183 0.0
980 -0.005767191300054637 0.0
981 -0.005772112509330091 0.0
982 -0.005777033718605547 0.0
983 -0.005781954927881002 0.0
984 -0.005786876137156456 0.0
985 -0.0057917973464319105 0.0
986 -0.005796718555707365 0.0
987 -0.005801639764982819 0.0
988 -0.005806560974258274 0.0
989 -0.00581148218353373 0.0
990 -0.005816403392809184 0.0
991 -0.005821324602084638 0.0
992 -0.005826245811360093 0.0
993 -0.005831167020635548 0.0
994 -0.005836088229911002 0.0
995 -0.0058410094391864575 0.0
996 -0.005845930648461912 0.0
997 -0.005850851857737366 0.0
998 -0.005855773067012821 0.0
999 -0.005860694276288276 0.0
1000 -0.005860694276288276 0.0
1001 -0.005860694276288276 0.0
1002 -0.005860694276288276 0.0
1003 -0.005860694276288276 0.0
1004 -0.005860694276288276 0.0
1005 -0.005860694276288276 0.0
1006 -0.005860694276288276 0.0
1007 -0.005860694276288276 0.0
1008 -0.005860694276288276 0.0
1009 -0.005860694276288276 0.0
1010 -0.005860694276288276 0.0
1011 -0.005860694276288276 0.0
1012 -0.005860694276288276 0.0
1013 -0.005860694276288276 0.0
1014 -0.005860694276288276 0.0
1015 -0.005860694276288276 0.0
1016 -0.005860694276288276 0.0
1017 -0.005860694276288276 0.0
1018 -0.005860694276288276 0.0
1019 -0.005860694276288276 0.0
1020 -0.005860694276288276 0.0
1021 -0.005860694276288276 0.0
1022 -0.005860694276288276 0.0
1023 -0.005860694276288276 0.0
1024 -0.005860694276288276 0.0
1025 -0.005860694276288276 0.0
1026 -0.005860694276288276 0.0
1027 -0.005860694276288276 0.0
1028 -0.005860694276288276 0.0
1029 -0.005860694276288276 0.0
1030 -0.005860694276288276 0.0
1031 -0.005860694276288276 0.0
1032 -0.005860694276288276 0.0
1033 -0.005860694276288276 0.0
1034 -0.005860694276288276 0.0
1035 -0.005860694276288276 0.0
1036 -0.005860694276288276 0.0
1037 -0.005860694276288276 0.0
1038 -0.005860694276288276 0.0
1039 -0.005860694276288276 0.0
1040 -0.005860694276288276 0.0
1041 -0.005860694276288276 0.0
1042 -0.005860694276288276 0.0
1043 -0.005860694276288276 0.0
1044 -0.005860694276288276 0.0
1045 -0.005860694276288276 0.0
1046 -0.005860694276288276 0.0
1047 -0.005860694276288276 0.0
1048 -0.005860694276288276 0.0
1049 -0.005860694276288276 0.0
1050 -0.005860694276288276 0.0
1051 -0.005860694276288276 0.0
1052 -0.005860694276288276 0.0
1053 -0.005860694276288276 0.0
1054 -0.005860694276288276 0.0
1055 -0.005860694276288276 0.0
1056 -0.005860694276288276 0.0
1057 -0.005860694276288276 0.0
1058 -0.005860694276288276 0.0
1059 -0.005860694276288276 0.0
1060 -0.005860694276288276 0.0
1061 -0.005860694276288276 0.0
1062 -0.005860694276288276 0.0
1063 -0.005860694276288276 0.0
1064 -0.005860694276288276 0.0
1065 -0.005860694276288276 0.0
1066 -0.005860694276288276 0.0
1067 -0.005860694276288276 0.0
1068 -0.005860694276288276 0.0
1069 -0.005860694276288276 0.0
1070 -0.005860694276288276 0.0
1071 -0.005860694276288276 0.0
1072 -0.005860694276288276 0.0
1073 -0.005860694276288276 0.0
1074 -0.005860694276288276 0.0
1075 -0.005860694276288276 0.0
1076 -0.005860694276288276 0.0
1077 -0.005860694276288276 0.0
1078 -0.005860694276288276 0.0
1079 -0.005860694276288276 0.0
1080 -0.005860694276288276 0.0
1081 -0.005860694276288276 0.0
1082 -0.005860694276288276 0.0
1083 -0.005860694276288276 0.0
1084 -0.005860694276288276 0.0
1085 -0.005860694276288276 0.0
1086 -0.005860694276288276 0.0
1087 -0.005860694276288276 0.0
1088 -0.005860694276288276 0.0
1089 -0.005860694276288276 0.0
1090 -0.005860694276288276 0.0
1091 -0.005860694276288276 0.0
1092 -0.005860694276288276 0.0
1093 -0.005860694276288276 0.0
1094 -0.005860694276288276 0.0
1095 -0.005860694276288276 0.0
1096 -0.005860694276288276 0.0
1097 -0.005860694276288276 0.0
1098 -0.005860694276288276 0.0
1099 -0.005860694276288276 0.0
1100 -0.005860694276288276 0.0
1101 -0.005860694276288276 0.0
1102 -0.005860694276288276 0.0
1103 -0.005860694276288276 0.0
1104 -0.005860694276288276 0.0
1105 -0.005860694276288276 0.0
1106 -0.005860694276288276 0.0
1107 -0.005860694276288276 0.0
1108 -0.005860694276288276 0.0
1109 -0.005860694276288276 0.0
1110 -0.005860694276288276 0.0
1111 -0.005860694276288276 0.0
1112 -0.005860694276288276 0.0
1113 -0.005860694276288276 0.0
1114 -0.005860694276288276 0.0
1115 -0.005860694276288276 0.0
1116 -0.005860694276288276 0.0
1117 -0.005860694276288276 0.0
1118 -0.005860694276288276 0.0
1119 -0.005860694276288276 0.0
1120 -0.005860694276288276 0.0
1121 -0.005860694276288276 0.0
1122 -0.005860694276288276 0.0
1123 -0.005860694276288276 0.0
1124 -0.005860694276288276 0.0
1125 -0.005860694276288276 0.0
1126 -0.005860694276288276 0.0
1127 -0.005860694276288276 0.0
1128 -0.005860694276288276 0.0
1129 -0.005860694276288276 0.0
1130 -0.005860694276288276 0.0
1131 -0.005860694276288276 0.0
1132 -0.005860694276288276 0.0
1133 -0.005860694276288276 0.0
1134 -0.005860694276288276 0.0
1135 -0.005860694276288276 0.0
1136 -0.005860694276288276 0.0
1137 -0.005860694276288276 0.0
1138 -0.005860694276288276 0.0
1139 -0.005860694276288276 0.0
1140 -0.005860694276288276 0.0
1141 -0.005860694276288276 0.0
1142 -0.005860694276288276 0.0
1143 -0.005860694276288276 0.0
1144 -0.005860694276288276 0.0
1145 -0.005860694276288276 0.0
1146 -0.005860694276288276 0.0
1147 -0.005860694276288276 0.0
1148 -0.005860694276288276 0.0
1149 -0.005860694276288276 0.0
1150 -0.005860694276288276 0.0
1151 -0.005860694276288276 0.0
1152 -0.005860694276288276 0.0
1153 -0.005860694276288276 0.0
1154 -0.005860694276288276 0.0
1155 -0.005860694276288276 0.0
1156 -0.005860694276288276 0.0
1157 -0.005860694276288276 0.0
1158 -0.005860694276288276 0.0
1159 -0.005860694276288276 0.0
1160 -0.005860694276288276 0.0
1161 -0.005860694276288276 0.0
1162 -0.005860694276288276 0.0
1163 -0.005860694276288276 0.0
1164 -0.005860694276288276 0.0
1165 -0.005860694276288276 0.0
1166 -0.005860694276288276 0.0
1167 -0.005860694276288276 0.0
1168 -0.005860694276288276 0.0
1169 -0.005860694276288276 0.0
1170 -0.005860694276288276 0.0
1171 -0.005860694276288276 0.0
1172 -0.005860694276288276 0.0
1173 -0.005860694276288276 0.0
1174 -0.005860694276288276 0.0
1175 -0.005860694276288276 0.0
1176 -0.005860694276288276 0.0
1177 -0.005860694276288276 0.0
1178 -0.005860694276288276 0.0
1179 -0.005860694276288276 0.0
1180 -0.005860694276288276 0.0
1181 -0.005860694276288276 0.0
1182 -0.005860694276288276 0.0
1183 -0.005860694276288276 0.0
1184 -0.005860694276288276 0.0
1185 -0.005860694276288276 0.0
1186 -0.005860694276288276 0.0
1187 -0.005860694276288276 0.0
1188 -0.005860694276288276 0.0
1189 -0.005860694276288276 0.0
1190 -0.005860694276288276 0.0
1191 -0.005860694276288276 0.0
1192 -0.005860694276288276 0.0
1193 -0.005860694276288276 0.0
1194 -0.005860694276288276 0.0
1195 -0.005860694276288276 0.0
1196 -0.005860694276288276 0.0
1197 -0.005860694276288276 0.0
1198 -0.005860694276288276 0.0
1199 -0.005860694276288276 0.0
1200 -0.005860694276288276 0.0
1201 -0.0058557730670128205 0.0
1202 -0.005850851857737366 0.0
1203 -0.005845930648461912 0.0
1204 -0.0058410094391864575 0.0
1205 -0.005836088229911002 0.0
1206 -0.005831167020635548 0.0
1207 -0.005826245811360093 0.0
1208 -0.005821324602084638 0.0
1209 -0.005816403392809184 0.0
1210 -0.005811482183533729 0.0
1211 -0.005806560974258274 0.0
1212 -0.005801639764982819 0.0
1213 -0.005796718555707365 0.0
1214 -0.0057917973464319105 0.0
1215 -0.005786876137156456 0.0
1216 -0.005781954927881002 0.0
1217 -0.005777033718605546 0.0
1218 -0.005772112509330091 0.0
1219 -0.005767191300054637 0.0
1220 -0.005762270090779183 0.0
1221 -0.005757348881503728 0.0
1222 -0.005752427672228273 0.0
1223 -0.005747506462952819 0.0
1224 -0.0057425852536773635 0.0
1225 -0.005737664044401909 0.0
1226 -0.005732742835126455 0.0
1227 -0.0057278216258510005 0.0
1228 -0.005722900416575545 0.0
1229 -0.00571797920730009 0.0
1230 -0.005713057998024636 0.0
1231 -0.005708136788749181 0.0
1232 -0.005703215579473727 0.0
1233 -0.005698294370198272 0.0
1234 -0.0056933731609228174 0.0
1235 -0.005688451951647362 0.0
1236 -0.005683530742371908 0.0
1237 -0.0056786095330964535 0.0
1238 -0.005673688323820998 0.0
1239 -0.005668767114545544 0.0
1240 -0.005663845905270089 0.0
1241 -0.005658924695994634 0.0
1242 -0.00565400348671918 0.0
1243 -0.005649082277443725 0.0
1244 -0.0056441610681682705 0.0
1245 -0.005639239858892815 0.0
1246 -0.005634318649617361 0.0
1247 -0.0056293974403419066 0.0
1248 -0.005624476231066452 0.0
1249 -0.005619555021790998 0.0
1250 -0.005614633812515542 0.0
1251 -0.005609712603240087 0.0
1252 -0.005604791393964633 0.0
1253 -0.005599870184689179 0.0
1254 -0.005594948975413724 0.0
1255 -0.00559002776613827 0.0
1256 -0.005585106556862815 0.0
1257 -0.00558018534758736 0.0
1258 -0.005575264138311905 0.0
1259 -0.005570342929036451 0.0
1260 -0.0055654217197609965 0.0
1261 -0.005560500510485541 0.0
1262 -0.005555579301210086 0.0
1263 -0.005550658091934632 0.0
1264 -0.005545736882659177 0.0
1265 -0.005540815673383723 0.0
1266 -0.005535894464108268 0.0
1267 -0.0055309732548328135 0.0
1268 -0.005526052045557358 0.0
1269 -0.005521130836281904 0.0
1270 -0.00551620962700645 0.0
1271 -0.005511288417730994 0.0
1272 -0.00550636720845554 0.0
1273 -0.005501445999180085 0.0
1274 -0.0054965247899046304 0.0
1275 -0.005491603580629176 0.0
1276 -0.005486682371353721 0.0
1277 -0.0054817611620782665 0.0
1278 -0.005476839952802811 0.0
1279 -0.005471918743527357 0.0
1280 -0.005466997534251903 0.0
1281 -0.005462076324976448 0.0
1282 -0.005457155115700994 0.0
1283 -0.005452233906425539 0.0
1284 -0.0054473126971500835 0.0
1285 -0.005442391487874629 0.0
1286 -0.005437470278599175 0.0
1287 -0.0054325490693237204 0.0
1288 -0.005427627860048266 0.0
1289 -0.005422706650772811 0.0
1290 -0.005417785441497356 0.0
1291 -0.005412864232221901 0.0
1292 -0.005407943022946447 0.0
1293 -0.005403021813670993 0.0
1294 -0.005398100604395537 0.0
1295 -0.005393179395120083 0.0
1296 -0.005388258185844628 0.0
1297 -0.0053833369765691735 0.0
1298 -0.005378415767293719 0.0
1299 -0.005373494558018264 0.0
1300 -0.0053685733487428096 0.0
1301 -0.005363652139467354 0.0
1302 -0.0053587309301919 0.0
1303 -0.005353809720916446 0.0
1304 -0.00534888851164099 0.0
1305 -0.005343967302365536 0.0
1306 -0.005339046093090081 0.0
1307 -0.0053341248838146265 0.0
1308 -0.005329203674539172 0.0
1309 -0.005324282465263717 0.0
1310 -0.005319361255988263 0.0
1311 -0.005314440046712808 0.0
1312 -0.005309518837437353 0.0
1313 -0.005304597628161899 0.0
1314 -0.005299676418886444 0.0
1315 -0.00529475520961099 0.0
1316 -0.005289834000335535 0.0
1317 -0.0052849127910600795 0.0
1318 -0.005279991581784625 0.0
1319 -0.005275070372509171 0.0
1320 -0.0052701491632337165 0.0
1321 -0.005265227953958262 0.0
1322 -0.005260306744682807 0.0
1323 -0.005255385535407352 0.0
1324 -0.005250464326131897 0.0
1325 -0.005245543116856443 0.0
1326 -0.005240621907580989 0.0
1327 -0.0052357006983055334 0.0
1328 -0.005230779489030079 0.0
1329 -0.005225858279754624 0.0
1330 -0.0052209370704791695 0.0
1331 -0.005216015861203715 0.0
1332 -0.00521109465192826 0.0
1333 -0.005206173442652806 0.0
1334 -0.00520125223337735 0.0
1335 -0.005196331024101896 0.0
1336 -0.005191409814826442 0.0
1337 -0.0051864886055509865 0.0
1338 -0.005181567396275532 0.0
1339 -0.005176646187000078 0.0
1340 -0.0051717249777246226 0.0
1341 -0.005166803768449168 0.0
1342 -0.005161882559173714 0.0
1343 -0.005156961349898259 0.0
1344 -0.005152040140622804 0.0
1345 -0.005147118931347349 0.0
1346 -0.005142197722071895 0.0
1347 -0.00513727651279644 0.0
1348 -0.005132355303520986 0.0
1349 -0.005127434094245531 0.0
1350 -0.005122512884970076 0.0
1351 -0.005117591675694621 0.0
1352 -0.005112670466419167 0.0
1353 -0.0051077492571437125 0.0
1354 -0.005102828047868258 0.0
1355 -0.005097906838592803 0.0
1356 -0.005092985629317348 0.0
1357 -0.005088064420041893 0.0
1358 -0.005083143210766439 0.0
1359 -0.005078222001490985 0.0
1360 -0.0050733007922155295 0.0
1361 -0.005068379582940075 0.0
1362 -0.00506345837366462 0.0
1363 -0.005058537164389166 0.0
1364 -0.005053615955113711 0.0
1365 -0.005048694745838256 0.0
1366 -0.005043773536562802 0.0
1367 -0.005038852327287347 0.0
1368 -0.005033931118011892 0.0
1369 -0.005029009908736438 0.0
1370 -0.005024088699460983 0.0
1371 -0.005019167490185528 0.0
1372 -0.005014246280910074 0.0
1373 -0.005009325071634619 0.0
1374 -0.005004403862359164 0.0
1375 -0.00499948265308371 0.0
1376 -0.004994561443808255 0.0
1377 -0.0049896402345328 0.0
1378 -0.004984719025257345 0.0
1379 -0.004979797815981891 0.0
1380 -0.004974876606706436 0.0
1381 -0.004969955397430982 0.0
1382 -0.004965034188155527 0.0
1383 -0.004960112978880072 0.0
1384 -0.004955191769604617 0.0
1385 -0.004950270560329163 0.0
1386 -0.004945349351053709 0.0
1387 -0.004940428141778254 0.0
1388 -0.004935506932502799 0.0
1389 -0.004930585723227344 0.0
1390 -0.0049256645139518895 0.0
1391 -0.004920743304676435 0.0
1392 -0.004915822095400981 0.0
1393 -0.0049109008861255255 0.0
1394 -0.004905979676850071 0.0
1395 -0.004901058467574616 0.0
1396 -0.004896137258299162 0.0
1397 -0.004891216049023707 0.0
1398 -0.004886294839748253 0.0
1399 -0.004881373630472798 0.0
1400 -0.004876452421197343 0.0
1401 -0.004871531211921888 0.0
1402 -0.004866610002646434 0.0
1403 -0.0048616887933709795 0.0
1404 -0.004856767584095525 0.0
1405 -0.00485184637482007 0.0
1406 -0.004846925165544615 0.0
1407 -0.00484200395626916 0.0
1408 -0.004837082746993706 0.0
1409 -0.004832161537718252 0.0
1410 -0.004827240328442796 0.0
1411 -0.004822319119167341 0.0
1412 -0.004817397909891887 0.0
1413 -0.0048124767006164325 0.0
1414 -0.004807555491340978 0.0
1415 -0.004802634282065523 0.0
1416 -0.004797713072790068 0.0
1417 -0.004792791863514613 0.0
1418 -0.004787870654239159 0.0
1419 -0.004782949444963705 0.0
1420 -0.00477802823568825 0.0
1421 -0.004773107026412795 0.0
1422 -0.00476818581713734 0.0
1423 -0.0047632646078618855 0.0
1424 -0.004758343398586431 0.0
1425 -0.004753422189310977 0.0
1426 -0.004748500980035522 0.0
1427 -0.004743579770760067 0.0
1428 -0.004738658561484612 0.0
1429 -0.004733737352209158 0.0
1430 -0.004728816142933703 0.0
1431 -0.004723894933658249 0.0
1432 -0.004718973724382794 0.0
1433 -0.004714052515107339 0.0
1434 -0.004709131305831884 0.0
1435 -0.00470421009655643 0.0
1436 -0.0046992888872809755 0.0
1437 -0.004694367678005521 0.0
1438 -0.004689446468730066 0.0
1439 -0.004684525259454611 0.0
1440 -0.004679604050179156 0.0
1441 -0.004674682840903702 0.0
1442 -0.004669761631628248 0.0
1443 -0.0046648404223527925 0.0
1444 -0.004659919213077337 0.0
1445 -0.004654998003801883 0.0
1446 -0.0046500767945264285 0.0
1447 -0.004645155585250974 0.0
1448 -0.004640234375975519 0.0
1449 -0.004635313166700064 0.0
1450 -0.004630391957424609 0.0
1451 -0.004625470748149155 0.0
1452 -0.004620549538873701 0.0
1453 -0.004615628329598246 0.0
1454 -0.004610707120322791 0.0
1455 -0.004605785911047336 0.0
1456 -0.004600864701771882 0.0
1457 -0.004595943492496427 0.0
1458 -0.004591022283220973 0.0
1459 -0.0045861010739455185 0.0
1460 -0.004581179864670063 0.0
1461 -0.004576258655394608 0.0
1462 -0.004571337446119154 0.0
1463 -0.004566416236843699 0.0
1464 -0.004561495027568245 0.0
1465 -0.004556573818292791 0.0
1466 -0.0045516526090173355 0.0
1467 -0.00454673139974188 0.0
1468 -0.004541810190466426 0.0
1469 -0.0045368889811909716 0.0
1470 -0.004531967771915517 0.0
1471 -0.004527046562640062 0.0
1472 -0.004522125353364607 0.0
1473 -0.004517204144089152 0.0
1474 -0.004512282934813698 0.0
1475 -0.004507361725538244 0.0
1476 -0.0045024405162627885 0.0
1477 -0.004497519306987333 0.0
1478 -0.004492598097711879 0.0
1479 -0.004487676888436425 0.0
1480 -0.00448275567916097 0.0
1481 -0.004477834469885515 0.0
1482 -0.00447291326061006 0.0
1483 -0.0044679920513346055 0.0
1484 -0.004463070842059151 0.0
1485 -0.004458149632783697 0.0
1486 -0.004453228423508242 0.0
1487 -0.004448307214232788 0.0
1488 -0.004443386004957332 0.0
1489 -0.004438464795681878 0.0
1490 -0.004433543586406423 0.0
1491 -0.004428622377130969 0.0
1492 -0.004423701167855515 0.0
1493 -0.00441877995858006 0.0
1494 -0.004413858749304604 0.0
1495 -0.00440893754002915 0.0
1496 -0.0044040163307536954 0.0
1497 -0.004399095121478241 0.0
1498 -0.004394173912202787 0.0
1499 -0.0043892527029273315 0.0
1500 -0.004384331493651876 0.0
1501 -0.004379410284376422 0.0
1502 -0.004374489075100968 0.0
1503 -0.004369567865825513 0.0
1504 -0.004364646656550058 0.0
1505 -0.004359725447274603 0.0
1506 -0.0043548042379991485 0.0
1507 -0.004349883028723694 0.0
1508 -0.00434496181944824 0.0
1509 -0.0043400406101727846 0.0
1510 -0.004335119400897329 0.0
1511 -0.004330198191621875 0.0
1512 -0.004325276982346421 0.0
1513 -0.004320355773070966 0.0
1514 -0.004315434563795511 0.0
1515 -0.004310513354520056 0.0
1516 -0.0043055921452446015 0.0
1517 -0.004300670935969147 0.0
1518 -0.004295749726693693 0.0
1519 -0.0042908285174182385 0.0
1520 -0.004285907308142784 0.0
1521 -0.004280986098867329 0.0
1522 -0.004276064889591874 0.0
1523 -0.004271143680316419 0.0
1524 -0.004266222471040965 0.0
1525 -0.004261301261765511 0.0
1526 -0.004256380052490056 0.0
1527 -0.0042514588432146 0.0
1528 -0.004246537633939146 0.0
1529 -0.0042416164246636915 0.0
1530 -0.004236695215388237 0.0
1531 -0.004231774006112783 0.0
1532 -0.004226852796837328 0.0
1533 -0.004221931587561872 0.0
1534 -0.004217010378286418 0.0
1535 -0.004212089169010964 0.0
1536 -0.004207167959735509 0.0
1537 -0.004202246750460054 0.0
1538 -0.004197325541184599 0.0
1539 -0.0041924043319091445 0.0
1540 -0.00418748312263369 0.0
1541 -0.004182561913358236 0.0
1542 -0.004177640704082781 0.0
1543 -0.004172719494807325 0.0
1544 -0.004167798285531871 0.0
1545 -0.004162877076256417 0.0
1546 -0.004157955866980962 0.0
1547 -0.004153034657705507 0.0
1548 -0.004148113448430053 0.0
1549 -0.0041431922391545984 0.0
1550 -0.004138271029879143 0.0
1551 -0.004133349820603689 0.0
1552 -0.0041284286113282345 0.0
1553 -0.00412350740205278 0.0
1554 -0.004118586192777325 0.0
1555 -0.00411366498350187 0.0
1556 -0.004108743774226415 0.0
1557 -0.004103822564950961 0.0
1558 -0.004098901355675507 0.0
1559 -0.004093980146400052 0.0
1560 -0.004089058937124596 0.0
1561 -0.004084137727849142 0.0
1562 -0.0040792165185736876 0.0
1563 -0.004074295309298233 0.0
1564 -0.004069374100022779 0.0
1565 -0.004064452890747324 0.0
1566 -0.004059531681471868 0.0
1567 -0.004054610472196414 0.0
1568 -0.00404968926292096 0.0
1569 -0.004044768053645505 0.0
1570 -0.00403984684437005 0.0
1571 -0.004034925635094595 0.0
1572 -0.004030004425819141 0.0
1573 -0.004025083216543686 0.0
1574 -0.004020162007268232 0.0
1575 -0.004015240797992777 0.0
1576 -0.004010319588717322 0.0
1577 -0.004005398379441868 0.0
1578 -0.004000477170166413 0.0
1579 -0.003995555960890958 0.0
1580 -0.003990634751615503 0.0
1581 -0.003985713542340049 0.0
1582 -0.0039807923330645945 0.0
1583 -0.003975871123789139 0.0
1584 -0.003970949914513685 0.0
1585 -0.003966028705238231 0.0
1586 -0.003961107495962776 0.0
1587 -0.003956186286687321 0.0
1588 -0.003951265077411866 0.0
1589 -0.0039463438681364114 0.0
1590 -0.003941422658860957 0.0
1591 -0.003936501449585503 0.0
1592 -0.003931580240310048 0.0
1593 -0.003926659031034592 0.0
1594 -0.003921737821759138 0.0
1595 -0.003916816612483684 0.0
1596 -0.003911895403208229 0.0
1597 -0.003906974193932775 0.0
1598 -0.0039020529846573197 0.0
1599 -0.003897131775381865 0.0
1600 -0.00389221056610641 0.0
1601 -0.0038872893568309558 0.0
1602 -0.003882368147555501 0.0
1603 -0.003877446938280046 0.0
1604 -0.003872525729004592 0.0
1605 -0.0038676045197291366 0.0
1606 -0.0038626833104536823 0.0
1607 -0.003857762101178228 0.0
1608 -0.003852840891902773 0.0
1609 -0.0038479196826273184 0.0
1610 -0.0038429984733518636 0.0
1611 -0.0038380772640764092 0.0
1612 -0.0038331560548009545 0.0
1613 -0.0038282348455255 0.0
1614 -0.003823313636250045 0.0
1615 -0.0038183924269745905 0.0
1616 -0.0038134712176991358 0.0
1617 -0.003808550008423681 0.0
1618 -0.0038036287991482266 0.0
1619 -0.0037987075898727714 0.0
1620 -0.003793786380597317 0.0
1621 -0.0037888651713218623 0.0
1622 -0.003783943962046408 0.0
1623 -0.003779022752770953 0.0
1624 -0.0037741015434954984 0.0
1625 -0.0037691803342200436 0.0
1626 -0.0037642591249445892 0.0
1627 -0.003759337915669135 0.0
1628 -0.0037544167063936797 0.0
1629 -0.003749495497118225 0.0
1630 -0.0037445742878427705 0.0
1631 -0.0037396530785673157 0.0
1632 -0.0037347318692918614 0.0
1633 -0.003729810660016406 0.0
1634 -0.003724889450740952 0.0
1635 -0.003719968241465497 0.0
1636 -0.0037150470321900423 0.0
1637 -0.003710125822914588 0.0
1638 -0.0037052046136391327 0.0
1639 -0.0037002834043636783 0.0
1640 -0.003695362195088224 0.0
1641 -0.003690440985812769 0.0
1642 -0.0036855197765373144 0.0
1643 -0.0036805985672618597 0.0
1644 -0.0036756773579864053 0.0
1645 -0.0036707561487109505 0.0
1646 -0.003665834939435496 0.0
1647 -0.003660913730160041 0.0
1648 -0.0036559925208845866 0.0
1649 -0.003651071311609132 0.0
1650 -0.003646150102333677 0.0
1651 -0.0036412288930582227 0.0
1652 -0.0036363076837827675 0.0
1653 -0.003631386474507313 0.0
1654 -0.0036264652652318583 0.0
1655 -0.003621544055956404 0.0
1656 -0.003616622846680949 0.0
1657 -0.0036117016374054944 0.0
1658 -0.0036067804281300396 0.0
1659 -0.0036018592188545853 0.0
1660 -0.003596938009579131 0.0
1661 -0.0035920168003036757 0.0
1662 -0.0035870955910282214 0.0
1663 -0.0035821743817527666 0.0
1664 -0.003577253172477312 0.0
1665 -0.0035723319632018575 0.0
1666 -0.0035674107539264022 0.0
1667 -0.003562489544650948 0.0
1668 -0.003557568335375493 0.0
1669 -0.0035526471261000388 0.0
1670 -0.003547725916824584 0.0
1671 -0.0035428047075491288 0.0
1672 -0.0035378834982736744 0.0
1673 -0.00353296228899822 0.0
1674 -0.0035280410797227653 0.0
1675 -0.0035231198704473105 0.0
1676 -0.003518198661171856 0.0
1677 -0.0035132774518964014 0.0
1678 -0.0035083562426209466 0.0
1679 -0.0035034350333454922 0.0
1680 -0.003498513824070037 0.0
1681 -0.0034935926147945827 0.0
1682 -0.003488671405519128 0.0
1683 -0.0034837501962436735 0.0
1684 -0.0034788289869682187 0.0
1685 -0.0034739077776927635 0.0
1686 -0.003468986568417309 0.0
1687 -0.0034640653591418544 0.0
1688 -0.0034591441498664 0.0
1689 -0.0034542229405909453 0.0
1690 -0.003449301731315491 0.0
1691 -0.0034443805220400357 0.0
1692 -0.0034394593127645813 0.0
1693 -0.003434538103489127 0.0
1694 -0.0034296168942136718 0.0
1695 -0.0034246956849382174 0.0
1696 -0.0034197744756627626 0.0
1697 -0.003414853266387308 0.0
1698 -0.0034099320571118535 0.0
1699 -0.0034050108478363983 0.0
1700 -0.003400089638560944 0.0
1701 -0.003395168429285489 0.0
1702 -0.003390247220010035 0.0
1703 -0.00338532601073458 0.0
1704 -0.0033804048014591257 0.0
1705 -0.0033754835921836705 0.0
1706 -0.003370562382908216 0.0
1707 -0.0033656411736327613 0.0
1708 -0.0033607199643573065 0.0
1709 -0.003355798755081852 0.0
1710 -0.0033508775458063974 0.0
1711 -0.0033459563365309426 0.0
1712 -0.0033410351272554883 0.0
1713 -0.003336113917980033 0.0
1714 -0.0033311927087045787 0.0
1715 -0.003326271499429124 0.0
1716 -0.0033213502901536696 0.0
1717 -0.003316429080878215 0.0
1718 -0.0033115078716027604 0.0
1719 -0.0033065866623273052 0.0
1720 -0.0033016654530518504 0.0
1721 -0.003296744243776396 0.0
1722 -0.0032918230345009413 0.0
1723 -0.003286901825225487 0.0
1724 -0.0032819806159500317 0.0
1725 -0.0032770594066745774 0.0
1726 -0.003272138197399123 0.0
1727 -0.003267216988123668 0.0
1728 -0.0032622957788482135 0.0
1729 -0.0032573745695727587 0.0
1730 -0.003252453360297304 0.0
1731 -0.0032475321510218496 0.0
1732 -0.003242610941746395 0.0
1733 -0.00323768973247094 0.0
1734 -0.003232768523195485 0.0
1735 -0.003227847313920031 0.0
1736 -0.003222926104644576 0.0
1737 -0.0032180048953691217 0.0
1738 -0.0032130836860936665 0.0
1739 -0.003208162476818212 0.0
1740 -0.0032032412675427574 0.0
1741 -0.0031983200582673026 0.0
1742 -0.0031933988489918482 0.0
1743 -0.0031884776397163935 0.0
1744 -0.0031835564304409387 0.0
1745 -0.0031786352211654843 0.0
1746 -0.00317371401189003 0.0
1747 -0.0031687928026145748 0.0
1748 -0.00316387159333912 0.0
1749 -0.0031589503840636656 0.0
1750 -0.003154029174788211 0.0
1751 -0.0031491079655127565 0.0
1752 -0.0031441867562373013 0.0
1753 -0.003139265546961847 0.0
1754 -0.003134344337686392 0.0
1755 -0.0031294231284109374 0.0
1756 -0.003124501919135483 0.0
1757 -0.003119580709860028 0.0
1758 -0.0031146595005845734 0.0
1759 -0.003109738291309119 0.0
1760 -0.0031048170820336643 0.0
1761 -0.0030998958727582095 0.0
1762 -0.0030949746634827548 0.0
1763 -0.0030900534542073 0.0
1764 -0.0030851322449318456 0.0
1765 -0.0030802110356563913 0.0
1766 -0.003075289826380936 0.0
1767 -0.0030703686171054817 0.0
1768 -0.003065447407830027 0.0
1769 -0.003060526198554572 0.0
1770 -0.003055604989279118 0.0
1771 -0.0030506837800036626 0.0
1772 -0.0030457625707282082 0.0
1773 -0.0030408413614527534 0.0
1774 -0.003035920152177299 0.0
1775 -0.0030309989429018443 0.0
1776 -0.0030260777336263895 0.0
1777 -0.0030211565243509347 0.0
1778 -0.0030162353150754804 0.0
1779 -0.003011314105800026 0.0
1780 -0.003006392896524571 0.0
1781 -0.0030014716872491165 0.0
1782 -0.0029965504779736617 0.0
1783 -0.002991629268698207 0.0
1784 -0.0029867080594227526 0.0
1785 -0.0029817868501472973 0.0
1786 -0.002976865640871843 0.0
1787 -0.002971944431596388 0.0
1788 -0.002967023222320934 0.0
1789 -0.002962102013045479 0.0
1790 -0.002957180803770024 0.0
1791 -0.0029522595944945695 0.0
1792 -0.002947338385219115 0.0
1793 -0.0029424171759436604 0.0
1794 -0.0029374959666682056 0.0
1795 -0.0029325747573927512 0.0
1796 -0.002927653548117296 0.0
1797 -0.0029227323388418417 0.0
1798 -0.0029178111295663873 0.0
1799 -0.002912889920290932 0.0
1800 -0.0029079687110154778 0.0
1801 -0.002903047501740023 0.0
1802 -0.002898126292464568 0.0
1803 -0.002893205083189114 0.0
1804 -0.0028882838739136586 0.0
1805 -0.0028833626646382043 0.0
1806 -0.0028784414553627495 0.0
1807 -0.002873520246087295 0.0
1808 -0.0028685990368118404 0.0
1809 -0.0028636778275363856 0.0
1810 -0.002858756618260931 0.0
1811 -0.0028538354089854764 0.0
1812 -0.0028489141997100217 0.0
1813 -0.002843992990434567 0.0
1814 -0.0028390717811591125 0.0
1815 -0.0028341505718836577 0.0
1816 -0.002829229362608203 0.0
1817 -0.0028243081533327486 0.0
1818 -0.0028193869440572934 0.0
1819 -0.002814465734781839 0.0
1820 -0.0028095445255063843 0.0
1821 -0.00280462331623093 0.0
1822 -0.002799702106955475 0.0
1823 -0.0027947808976800203 0.0
1824 -0.0027898596884045656 0.0
1825 -0.0027849384791291108 0.0
1826 -0.0027800172698536564 0.0
1827 -0.0027750960605782016 0.0
1828 -0.0027701748513027473 0.0
1829 -0.0027652536420272925 0.0
1830 -0.0027603324327518377 0.0
1831 -0.0027554112234763834 0.0
1832 -0.002750490014200928 0.0
1833 -0.002745568804925474 0.0
1834 -0.002740647595650019 0.0
1835 -0.0027357263863745647 0.0
1836 -0.00273080517709911 0.0
1837 -0.0027258839678236547 0.0
1838 -0.0027209627585482003 0.0
1839 -0.0027160415492727455 0.0
1840 -0.002711120339997291 0.0
1841 -0.0027061991307218364 0.0
1842 -0.002701277921446382 0.0
1843 -0.002696356712170927 0.0
1844 -0.0026914355028954725 0.0
1845 -0.0026865142936200177 0.0
1846 -0.002681593084344563 0.0
1847 -0.0026766718750691086 0.0
1848 -0.002671750665793654 0.0
1849 -0.0026668294565181994 0.0
1850 -0.0026619082472427447 0.0
1851 -0.0026569870379672894 0.0
1852 -0.002652065828691835 0.0
1853 -0.0026471446194163803 0.0
1854 -0.002642223410140926 0.0
1855 -0.002637302200865471 0.0
1856 -0.002632380991590017 0.0
1857 -0.0026274597823145616 0.0
1858 -0.002622538573039107 0.0
1859 -0.0026176173637636525 0.0
1860 -0.0026126961544881977 0.0
1861 -0.0026077749452127433 0.0
1862 -0.0026028537359372886 0.0
1863 -0.0025979325266618338 0.0
1864 -0.0025930113173863794 0.0
1865 -0.002588090108110924 0.0
1866 -0.00258316889883547 0.0
1867 -0.002578247689560015 0.0
1868 -0.0025733264802845607 0.0
1869 -0.002568405271009106 0.0
1870 -0.0025634840617336516 0.0
1871 -0.0025585628524581964 0.0
1872 -0.0025536416431827416 0.0
1873 -0.0025487204339072872 0.0
1874 -0.0025437992246318325 0.0
1875 -0.002538878015356378 0.0
1876 -0.002533956806080923 0.0
1877 -0.0025290355968054685 0.0
1878 -0.0025241143875300138 0.0
1879 -0.002519193178254559 0.0
1880 -0.0025142719689791046 0.0
1881 -0.00250935075970365 0.0
1882 -0.0025044295504281955 0.0
1883 -0.0024995083411527407 0.0
1884 -0.0024945871318772864 0.0
1885 -0.002489665922601831 0.0
1886 -0.0024847447133263764 0.0
1887 -0.002479823504050922 0.0
1888 -0.0024749022947754672 0.0
1889 -0.002469981085500013 0.0
1890 -0.0024650598762245577 0.0
1891 -0.0024601386669491033 0.0
1892 -0.0024552174576736485 0.0
1893 -0.0024502962483981938 0.0
1894 -0.0024453750391227394 0.0
1895 -0.0024404538298472846 0.0
1896 -0.00243553262057183 0.0
1897 -0.0024306114112963755 0.0
1898 -0.0024256902020209207 0.0
1899 -0.002420768992745466 0.0
1900 -0.002415847783470011 0.0
1901 -0.002410926574194557 0.0
1902 -0.002406005364919102 0.0
1903 -0.0024010841556436477 0.0
1904 -0.0023961629463681924 0.0
1905 -0.002391241737092738 0.0
1906 -0.0023863205278172833 0.0
1907 -0.0023813993185418285 0.0
1908 -0.002376478109266374 0.0
1909 -0.0023715568999909194 0.0
1910 -0.0023666356907154646 0.0
1911 -0.00236171448144001 0.0
1912 -0.0023567932721645555 0.0
1913 -0.0023518720628891007 0.0
1914 -0.002346950853613646 0.0
1915 -0.0023420296443381916 0.0
1916 -0.0023371084350627368 0.0
1917 -0.002332187225787282 0.0
1918 -0.002327266016511827 0.0
1919 -0.002322344807236373 0.0
1920 -0.002317423597960918 0.0
1921 -0.0023125023886854633 0.0
1922 -0.002307581179410009 0.0
1923 -0.0023026599701345537 0.0
1924 -0.0022977387608590994 0.0
1925 -0.0022928175515836446 0.0
1926 -0.0022878963423081902 0.0
1927 -0.0022829751330327355 0.0
1928 -0.0022780539237572807 0.0
1929 -0.0022731327144818263 0.0
1930 -0.0022682115052063715 0.0
1931 -0.0022632902959309168 0.0
1932 -0.002258369086655462 0.0
1933 -0.0022534478773800076 0.0
1934 -0.002248526668104553 0.0
1935 -0.002243605458829098 0.0
1936 -0.0022386842495536437 0.0
1937 -0.0022337630402781885 0.0
1938 -0.002228841831002734 0.0
1939 -0.0022239206217272794 0.0
1940 -0.002218999412451825 0.0
1941 -0.0022140782031763702 0.0
1942 -0.0022091569939009154 0.0
1943 -0.0022042357846254607 0.0
1944 -0.002199314575350006 0.0
1945 -0.0021943933660745515 0.0
1946 -0.0021894721567990967 0.0
1947 -0.0021845509475236424 0.0
1948 -0.0021796297382481876 0.0
1949 -0.002174708528972733 0.0
1950 -0.002169787319697278 0.0
1951 -0.0021648661104218233 0.0
1952 -0.002159944901146369 0.0
1953 -0.002155023691870914 0.0
1954 -0.0021501024825954598 0.0
1955 -0.002145181273320005 0.0
1956 -0.0021402600640445498 0.0
1957 -0.0021353388547690954 0.0
1958 -0.0021304176454936406 0.0
1959 -0.0021254964362181863 0.0
1960 -0.0021205752269427315 0.0
1961 -0.002115654017667277 0.0
1962 -0.0021107328083918224 0.0
1963 -0.002105811599116367 0.0
1964 -0.002100890389840913 0.0
1965 -0.002095969180565458 0.0
1966 -0.0020910479712900037 0.0
1967 -0.002086126762014549 0.0
1968 -0.002081205552739094 0.0
1969 -0.0020762843434636398 0.0
1970 -0.0020713631341881845 0.0
1971 -0.00206644192491273 0.0
1972 -0.0020615207156372754 0.0
1973 -0.002056599506361821 0.0
1974 -0.0020516782970863663 0.0
1975 -0.0020467570878109115 0.0
1976 -0.0020418358785354567 0.0
1977 -0.002036914669260002 0.0
1978 -0.0020319934599845476 0.0
1979 -0.002027072250709093 0.0
1980 -0.0020221510414336384 0.0
1981 -0.0020172298321581837 0.0
1982 -0.002012308622882729 0.0
1983 -0.002007387413607274 0.0
1984 -0.0020024662043318193 0.0
1985 -0.001997544995056365 0.0
1986 -0.00199262378578091 0.0
1987 -0.001987702576505456 0.0
1988 -0.001982781367230001 0.0
1989 -0.0019778601579545463 0.0
1990 -0.0019729389486790915 0.0
1991 -0.0019680177394036367 0.0
1992 -0.0019630965301281823 0.0
1993 -0.0019581753208527276 0.0
1994 -0.001953254111577273 0.0
1995 -0.0019483329023018182 0.0
1996 -0.0019434116930263634 0.0
1997 -0.001938490483750909 0.0
1998 -0.001933569274475454 0.0
1999 -0.0019286480651999997 0.0
2000 -0.0019286480651999997 0.0
2001 -0.0019286480651999997 0.0
2002 -0.0019286480651999997 0.0
2003 -0.0019286480651999997 0.0
2004 -0.0019286480651999997 0.0
2005 -0.0019286480651999997 0.0
2006 -0.0019286480651999997 0.0
2007 -0.0019286480651999997 0.0
2008 -0.0019286480651999997 0.0
2009 -0.0019286480651999997 0.0
2010 -0.0019286480651999997 0.0
2011 -0.0019286480651999997 0.0
2012 -0.0019286480651999997 0.0
2013 -0.0019286480651999997 0.0
2014 -0.0019286480651999997 0.0
2015 -0.0019286480651999997 0.0
2016 -0.0019286480651999997 0.0
2017 -0.0019286480651999997 0.0
2018 -0.0019286480651999997 0.0
2019 -0.0019286480651999997 0.0
2020 -0.0019286480651999997 0.0
2021 -0.0019286480651999997 0.0
2022 -0.0019286480651999997 0.0
2023 -0.0019286480651999997 0.0
2024 -0.0019286480651999997 0.0
2025 -0.0019286480651999997 0.0
2026 -0.0019286480651999997 0.0
2027 -0.0019286480651999997 0.0
2028 -0.0019286480651999997 0.0
2029 -0.0019286480651999997 0.0
2030 -0.0019286480651999997 0.0
2031 -0.0019286480651999997 0.0
2032 -0.0019286480651999997 0.0
2033 -0.0019286480651999997 0.0
2034 -0.0019286480651999997 0.0
2035 -0.0019286480651999997 0.0
2036 -0.0019286480651999997 0.0
2037 -0.0019286480651999997 0.0
2038 -0.0019286480651999997 0.0
2039 -0.0019286480651999997 0.0
2040 -0.0019286480651999997 0.0
2041 -0.0019286480651999997 0.0
2042 -0.0019286480651999997 0.0
2043 -0.0019286480651999997 0.0
2044 -0.0019286480651999997 0.0
2045 -0.0019286480651999997 0.0
2046 -0.0019286480651999997 0.0
2047 -0.0019286480651999997 0.0
2048 -0.0019286480651999997 0.0
2049 -0.0019286480651999997 0.0
2050 -0.0019286480651999997 0.0
2051 -0.0019286480651999997 0.0
2052 -0.0019286480651999997 0.0
2053 -0.0019286480651999997 0.0
2054 -0.0019286480651999997 0.0
2055 -0.0019286480651999997 0.0
2056 -0.0019286480651999997 0.0
2057 -0.0019286480651999997 0.0
2058 -0.0019286480651999997 0.0
2059 -0.0019286480651999997 0.0
2060 -0.0019286480651999997 0.0
2061 -0.0019286480651999997 0.0
2062 -0.0019286480651999997 0.0
2063 -0.0019286480651999997 0.0
2064 -0.0019286480651999997 0.0
2065 -0.0019286480651999997 0.0
2066 -0.0019286480651999997 0.0
2067 -0.0019286480651999997 0.0
2068 -0.0019286480651999997 0.0
2069 -0.0019286480651999997 0.0
2070 -0.0019286480651999997 0.0
2071 -0.0019286480651999997 0.0
2072 -0.0019286480651999997 0.0
2073 -0.0019286480651999997 0.0
2074 -0.0019286480651999997 0.0
2075 -0.0019286480651999997 0.0
2076 -0.0019286480651999997 0.0
2077 -0.0019286480651999997 0.0
2078 -0.0019286480651999997 0.0
2079 -0.0019286480651999997 0.0
2080 -0.0019286480651999997 0.0
2081 -0.0019286480651999997 0.0
2082 -0.0019286480651999997 0.0
2083 -0.0019286480651999997 0.0
2084 -0.0019286480651999997 0.0
2085 -0.0019286480651999997 0.0
2086 -0.0019286480651999997 0.0
2087 -0.0019286480651999997 0.0
2088 -0.0019286480651999997 0.0
2089 -0.0019286480651999997 0.0
2090 -0.0019286480651999997 0.0
2091 -0.0019286480651999997 0.0
2092 -0.0019286480651999997 0.0
2093 -0.0019286480651999997 0.0
2094 -0.0019286480651999997 0.0
2095 -0.0019286480651999997 0.0
2096 -0.0019286480651999997 0.0
2097 -0.0019286480651999997 0.0
2098 -0.0019286480651999997 0.0
2099 -0.0019286480651999997 0.0
2100 -0.0019286480651999997 0.0
2101 -0.0019286480651999997 0.0
2102 -0.0019286480651999997 0.0
2103 -0.0019286480651999997 0.0
2104 -0.0019286480651999997 0.0
2105 -0.0019286480651999997 0.0
2106 -0.0019286480651999997 0.0
2107 -0.0019286480651999997 0.0
2108 -0.0019286480651999997 0.0
2109 -0.0019286480651999997 0.0
2110 -0.0019286480651999997 0.0
2111 -0.0019286480651999997 0.0
2112 -0.0019286480651999997 0.0
2113 -0.0019286480651999997 0.0
2114 -0.0019286480651999997 0.0
2115 -0.0019286480651999997 0.0
2116 -0.0019286480651999997 0.0
2117 -0.0019286480651999997 0.0
2118 -0.0019286480651999997 0.0
2119 -0.0019286480651999997 0.0
2120 -0.0019286480651999997 0.0
2121 -0.0019286480651999997 0.0
2122 -0.0019286480651999997 0.0
2123 -0.0019286480651999997 0.0
2124 -0.0019286480651999997 0.0
2125 -0.0019286480651999997 0.0
2126 -0.0019286480651999997 0.0
2127 -0.0019286480651999997 0.0
2128 -0.0019286480651999997 0.0
2129 -0.0019286480651999997 0.0
2130 -0.0019286480651999997 0.0
2131 -0.0019286480651999997 0.0
2132 -0.0019286480651999997 0.0
2133 -0.0019286480651999997 0.0
2134 -0.0019286480651999997 0.0
2135 -0.0019286480651999997 0.0
2136 -0.0019286480651999997 0.0
2137 -0.0019286480651999997 0.0
2138 -0.0019286480651999997 0.0
2139 -0.0019286480651999997 0.0
2140 -0.0019286480651999997 0.0
2141 -0.0019286480651999997 0.0
2142 -0.0019286480651999997 0.0
2143 -0.0019286480651999997 0.0
2144 -0.0019286480651999997 0.0
2145 -0.0019286480651999997 0.0
2146 -0.0019286480651999997 0.0
2147 -0.0019286480651999997 0.0
2148 -0.0019286480651999997 0.0
2149 -0.0019286480651999997 0.0
2150 -0.0019286480651999997 0.0
2151 -0.0019286480651999997 0.0
2152 -0.0019286480651999997 0.0
2153 -0.0019286480651999997 0.0
2154 -0.0019286480651999997 0.0
2155 -0.0019286480651999997 0.0
2156 -0.0019286480651999997 0.0
2157 -0.0019286480651999997 0.0
2158 -0.0019286480651999997 0.0
2159 -0.0019286480651999997 0.0
2160 -0.0019286480651999997 0.0
2161 -0.0019286480651999997 0.0
2162 -0.0019286480651999997 0.0
2163 -0.0019286480651999997 0.0
2164 -0.0019286480651999997 0.0
2165 -0.0019286480651999997 0.0
2166 -0.0019286480651999997 0.0
2167 -0.0019286480651999997 0.0
2168 -0.0019286480651999997 0.0
2169 -0.0019286480651999997 0.0
2170 -0.0019286480651999997 0.0
2171 -0.0019286480651999997 0.0
2172 -0.0019286480651999997 0.0
2173 -0.0019286480651999997 0.0
2174 -0.0019286480651999997 0.0
2175 -0.0019286480651999997 0.0
2176 -0.0019286480651999997 0.0
2177 -0.0019286480651999997 0.0
2178 -0.0019286480651999997 0.0
2179 -0.0019286480651999997 0.0
2180 -0.0019286480651999997 0.0
2181 -0.0019286480651999997 0.0
2182 -0.0019286480651999997 0.0
2183 -0.0019286480651999997 0.0
2184 -0.0019286480651999997 0.0
2185 -0.0019286480651999997 0.0
2186 -0.0019286480651999997 0.0
2187 -0.0019286480651999997 0.0
2188 -0.0019286480651999997 0.0
2189 -0.0019286480651999997 0.0
2190 -0.0019286480651999997 0.0
2191 -0.0019286480651999997 0.0
2192 -0.0019286480651999997 0.0
2193 -0.0019286480651999997 0.0
2194 -0.0019286480651999997 0.0
2195 -0.0019286480651999997 0.0
2196 -0.0019286480651999997 0.0
2197 -0.0019286480651999997 0.0
2198 -0.0019286480651999997 0.0
2199 -0.0019286480651999997 0.0