2200 0.000002100546602 1.0
2
0 -0.0019286480651999997 0.0
1 -0.0019286480651999997 0.0
2 -0.0019286480651999997 0.0
3 -0.0019286480651999997 0.0
4 -0.0019286480651999997 0.0
5 -0.0019286480651999997 0.0
6 -0.0019286480651999997 0.0
7 -0.0019286480651999997 0.0
8 -0.0019286480651999997 0.0
9 -0.0019286480651999997 0.0
10 -0.0019286480651999997 0.0
11 -0.0019286480651999997 0.0
12 -0.0019286480651999997 0.0
13 -0.0019286480651999997 0.0
14 -0.0019286480651999997 0.0
15 -0.0019286480651999997 0.0
16 -0.0019286480651999997 0.0
17 -0.0019286480651999997 0.0
18 -0.0019286480651999997 0.0
19 -0.0019286480651999997 0.0
20 -0.0019286480651999997 0.0
21 -0.0019286480651999997 0.0
22 -0.0019286480651999997 0.0
23 -0.0019286480651999997 0.0
24 -0.0019286480651999997 0.0
25 -0.0019286480651999997 0.0
26 -0.0019286480651999997 0.0
27 -0.0019286480651999997 0.0
28 -0.0019286480651999997 0.0
29 -0.0019286480651999997 0.0
30 -0.0019286480651999997 0.0
31 -0.0019286480651999997 0.0
32 -0.0019286480651999997 0.0
33 -0.0019286480651999997 0.0
34 -0.0019286480651999997 0.0
35 -0.0019286480651999997 0.0
36 -0.0019286480651999997 0.0
37 -0.0019286480651999997 0.0
38 -0.0019286480651999997 0.0
39 -0.0019286480651999997 0.0
40 -0.0019286480651999997 0.0
41 -0.0019286480651999997 0.0
42 -0.0019286480651999997 0.0
43 -0.0019286480651999997 0.0
44 -0.0019286480651999997 0.0
45 -0.0019286480651999997 0.0
46 -0.0019286480651999997 0.0
47 -0.0019286480651999997 0.0
48 -0.0019286480651999997 0.0
49 -0.0019286480651999997 0.0
50 -0.0019286480651999997 0.0
51 -0.0019286480651999997 0.0
52 -0.0019286480651999997 0.0
53 -0.0019286480651999997 0.0
54 -0.0019286480651999997 0.0
55 -0.0019286480651999997 0.0
56 -0.0019286480651999997 0.0
57 -0.0019286480651999997 0.0
58 -0.0019286480651999997 0.0
59 -0.0019286480651999997 0.0
60 -0.0019286480651999997 0.0
61 -0.0019286480651999997 0.0
62 -0.0019286480651999997 0.0
63 -0.0019286480651999997 0.0
64 -0.0019286480651999997 0.0
65 -0.0019286480651999997 0.0
66 -0.0019286480651999997 0.0
67 -0.0019286480651999997 0.0
68 -0.0019286480651999997 0.0
69 -0.0019286480651999997 0.0
70 -0.0019286480651999997 0.0
71 -0.0019286480651999997 0.0
72 -0.0019286480651999997 0.0
73 -0.0019286480651999997 0.0
74 -0.0019286480651999997 0.0
75 -0.0019286480651999997 0.0
76 -0.0019286480651999997 0.0
77 -0.0019286480651999997 0.0
78 -0.0019286480651999997 0.0
79 -0.0019286480651999997 0.0
80 -0.0019286480651999997 0.0
81 -0.0019286480651999997 0.0
82 -0.0019286480651999997 0.0
83 -0.0019286480651999997 0.0
84 -0.0019286480651999997 0.0
85 -0.0019286480651999997 0.0
86 -0.0019286480651999997 0.0
87 -0.0019286480651999997 0.0
88 -0.0019286480651999997 0.0
89 -0.0019286480651999997 0.0
90 -0.0019286480651999997 0.0
91 -0.0019286480651999997 0.0
92 -0.0019286480651999997 0.0
93 -0.0019286480651999997 0.0
94 -0.0019286480651999997 0.0
95 -0.0019286480651999997 0.0
96 -0.0019286480651999997 0.0
97 -0.0019286480651999997 0.0
98 -0.0019286480651999997 0.0
99 -0.0019286480651999997 0.0
100 -0.0019286480651999997 0.0
101 -0.0019286480651999997 0.0
102 -0.0019286480651999997 0.0
103 -0.0019286480651999997 0.0
104 -0.0019286480651999997 0.0
105 -0.0019286480651999997 0.0
106 -0.0019286480651999997 0.0
107 -0.0019286480651999997 0.0
108 -0.0019286480651999997 0.0
109 -0.0019286480651999997 0.0
110 -0.0019286480651999997 0.0
111 -0.0019286480651999997 0.0
112 -0.0019286480651999997 0.0
113 -0.0019286480651999997 0.0
114 -0.0019286480651999997 0.0
115 -0.0019286480651999997 0.0
116 -0.0019286480651999997 0.0
117 -0.0019286480651999997 0.0
118 -0.0019286480651999997 0.0
119 -0.0019286480651999997 0.0
120 -0.0019286480651999997 0.0
121 -0.0019286480651999997 0.0
122 -0.0019286480651999997 0.0
123 -0.0019286480651999997 0.0
124 -0.0019286480651999997 0.0
125 -0.0019286480651999997 0.0
126 -0.0019286480651999997 0.0
127 -0.0019286480651999997 0.0
128 -0.0019286480651999997 0.0
129 -0.0019286480651999997 0.0
130 -0.0019286480651999997 0.0
131 -0.0019286480651999997 0.0
132 -0.0019286480651999997 0.0
133 -0.0019286480651999997 0.0
134 -0.0019286480651999997 0.0
135 -0.0019286480651999997 0.0
136 -0.0019286480651999997 0.0
137 -0.0019286480651999997 0.0
138 -0.0019286480651999997 0.0
139 -0.0019286480651999997 0.0
140 -0.0019286480651999997 0.0
141 -0.0019286480651999997 0.0
142 -0.0019286480651999997 0.0
143 -0.0019286480651999997 0.0
144 -0.0019286480651999997 0.0
145 -0.0019286480651999997 0.0
146 -0.0019286480651999997 0.0
147 -0.0019286480651999997 0.0
148 -0.0019286480651999997 0.0
149 -0.0019286480651999997 0.0
150 -0.0019286480651999997 0.0
151 -0.0019286480651999997 0.0
152 -0.0019286480651999997 0.0
153 -0.0019286480651999997 0.0
154 -0.0019286480651999997 0.0
155 -0.0019286480651999997 0.0
156 -0.0019286480651999997 0.0
157 -0.0019286480651999997 0.0
158 -0.0019286480651999997 0.0
159 -0.0019286480651999997 0.0
160 -0.0019286480651999997 0.0
161 -0.0019286480651999997 0.0
162 -0.0019286480651999997 0.0
163 -0.0019286480651999997 0.0
164 -0.0019286480651999997 0.0
165 -0.0019286480651999997 0.0
166 -0.0019286480651999997 0.0
167 -0.0019286480651999997 0.0
168 -0.0019286480651999997 0.0
169 -0.0019286480651999997 0.0
170 -0.0019286480651999997 0.0
171 -0.0019286480651999997 0.0
172 -0.0019286480651999997 0.0
173 -0.0019286480651999997 0.0
174 -0.0019286480651999997 0.0
175 -0.0019286480651999997 0.0
176 -0.0019286480651999997 0.0
177 -0.0019286480651999997 0.0
178 -0.0019286480651999997 0.0
179 -0.0019286480651999997 0.0
180 -0.0019286480651999997 0.0
181 -0.0019286480651999997 0.0
182 -0.0019286480651999997 0.0
183 -0.0019286480651999997 0.0
184 -0.0019286480651999997 0.0
185 -0.0019286480651999997 0.0
186 -0.0019286480651999997 0.0
187 -0.0019286480651999997 0.0
188 -0.0019286480651999997 0.0
189 -0.0019286480651999997 0.0
190 -0.0019286480651999997 0.0
191 -0.0019286480651999997 0.0
192 -0.0019286480651999997 0.0
193 -0.0019286480651999997 0.0
194 -0.0019286480651999997 0.0
195 -0.0019286480651999997 0.0
196 -0.0019286480651999997 0.0
197 -0.0019286480651999997 0.0
198 -0.0019286480651999997 0.0
199 -0.0019286480651999997 0.0
200 -0.0019286480651999997 0.0
201 -0.0019238276416513043 0.0
202 -0.0019190072181026088 0.0
203 -0.0019141867945539133 0.0
204 -0.0019093663710052179 0.0
205 -0.0019045459474565224 0.0
206 -0.001899725523907827 0.0
207 -0.0018949051003591315 0.0
208 -0.001890084676810436 0.0
209 -0.0018852642532617406 0.0
210 -0.001880443829713045 0.0
211 -0.0018756234061643496 0.0
212 -0.001870802982615654 0.0
213 -0.0018659825590669585 0.0
214 -0.001861162135518263 0.0
215 -0.0018563417119695676 0.0
216 -0.001851521288420872 0.0
217 -0.0018467008648721766 0.0
218 -0.0018418804413234812 0.0
219 -0.0018370600177747857 0.0
220 -0.0018322395942260903 0.0
221 -0.0018274191706773948 0.0
222 -0.0018225987471286993 0.0
223 -0.0018177783235800039 0.0
224 -0.0018129579000313084 0.0
225 -0.001808137476482613 0.0
226 -0.0018033170529339175 0.0
227 -0.001798496629385222 0.0
228 -0.0017936762058365266 0.0
229 -0.001788855782287831 0.0
230 -0.0017840353587391356 0.0
231 -0.0017792149351904402 0.0
232 -0.0017743945116417447 0.0
233 -0.0017695740880930492 0.0
234 -0.0017647536645443538 0.0
235 -0.0017599332409956583 0.0
236 -0.0017551128174469626 0.0
237 -0.0017502923938982672 0.0
238 -0.0017454719703495717 0.0
239 -0.0017406515468008762 0.0
240 -0.0017358311232521808 0.0
241 -0.0017310106997034853 0.0
242 -0.0017261902761547899 0.0
243 -0.0017213698526060944 0.0
244 -0.001716549429057399 0.0
245 -0.0017117290055087035 0.0
246 -0.001706908581960008 0.0
247 -0.0017020881584113125 0.0
248 -0.001697267734862617 0.0
249 -0.0016924473113139216 0.0
250 -0.0016876268877652261 0.0
251 -0.0016828064642165307 0.0
252 -0.0016779860406678352 0.0
253 -0.0016731656171191398 0.0
254 -0.0016683451935704443 0.0
255 -0.0016635247700217488 0.0
256 -0.0016587043464730534 0.0
257 -0.0016538839229243577 0.0
258 -0.0016490634993756624 0.0
259 -0.0016442430758269668 0.0
260 -0.0016394226522782715 0.0
261 -0.0016346022287295758 0.0
262 -0.0016297818051808804 0.0
263 -0.001624961381632185 0.0
264 -0.0016201409580834894 0.0
265 -0.001615320534534794 0.0
266 -0.0016105001109860985 0.0
267 -0.001605679687437403 0.0
268 -0.0016008592638887076 0.0
269 -0.0015960388403400121 0.0
270 -0.0015912184167913167 0.0
271 -0.0015863979932426212 0.0
272 -0.0015815775696939257 0.0
273 -0.0015767571461452303 0.0
274 -0.0015719367225965348 0.0
275 -0.0015671162990478394 0.0
276 -0.0015622958754991439 0.0
277 -0.0015574754519504484 0.0
278 -0.001552655028401753 0.0
279 -0.0015478346048530575 0.0
280 -0.001543014181304362 0.0
281 -0.0015381937577556666 0.0
282 -0.0015333733342069711 0.0
283 -0.0015285529106582756 0.0
284 -0.00152373248710958 0.0
285 -0.0015189120635608847 0.0
286 -0.001514091640012189 0.0
287 -0.0015092712164634938 0.0
288 -0.0015044507929147981 0.0
289 -0.0014996303693661029 0.0
290 -0.0014948099458174072 0.0
291 -0.0014899895222687117 0.0
292 -0.0014851690987200163 0.0
293 -0.0014803486751713208 0.0
294 -0.0014755282516226253 0.0
295 -0.0014707078280739299 0.0
296 -0.0014658874045252344 0.0
297 -0.001461066980976539 0.0
298 -0.0014562465574278435 0.0
299 -0.001451426133879148 0.0
300 -0.0014466057103304526 0.0
301 -0.001441785286781757 0.0
302 -0.0014369648632330616 0.0
303 -0.001432144439684366 0.0
304 -0.0014273240161356707 0.0
305 -0.0014225035925869752 0.0
306 -0.0014176831690382798 0.0
307 -0.001412862745489584 0.0
308 -0.0014080423219408889 0.0
309 -0.0014032218983921932 0.0
310 -0.001398401474843498 0.0
311 -0.0013935810512948022 0.0
312 -0.001388760627746107 0.0
313 -0.0013839402041974113 0.0
314 -0.0013791197806487159 0.0
315 -0.0013742993571000204 0.0
316 -0.001369478933551325 0.0
317 -0.0013646585100026295 0.0
318 -0.001359838086453934 0.0
319 -0.0013550176629052385 0.0
320 -0.001350197239356543 0.0
321 -0.0013453768158078476 0.0
322 -0.0013405563922591522 0.0
323 -0.0013357359687104567 0.0
324 -0.001330915545161761 0.0
325 -0.0013260951216130658 0.0
326 -0.0013212746980643703 0.0
327 -0.0013164542745156748 0.0
328 -0.0013116338509669792 0.0
329 -0.001306813427418284 0.0
330 -0.0013019930038695882 0.0
331 -0.001297172580320893 0.0
332 -0.0012923521567721973 0.0
333 -0.001287531733223502 0.0
334 -0.0012827113096748064 0.0
335 -0.0012778908861261111 0.0
336 -0.0012730704625774155 0.0
337 -0.00126825003902872 0.0
338 -0.0012634296154800245 0.0
339 -0.0012586091919313293 0.0
340 -0.0012537887683826336 0.0
341 -0.0012489683448339381 0.0
342 -0.0012441479212852427 0.0
343 -0.0012393274977365472 0.0
344 -0.0012345070741878517 0.0
345 -0.0012296866506391563 0.0
346 -0.0012248662270904608 0.0
347 -0.0012200458035417654 0.0
348 -0.00121522537999307 0.0
349 -0.0012104049564443744 0.0
350 -0.001205584532895679 0.0
351 -0.0012007641093469833 0.0
352 -0.001195943685798288 0.0
353 -0.0011911232622495924 0.0
354 -0.0011863028387008971 0.0
355 -0.0011814824151522014 0.0
356 -0.0011766619916035062 0.0
357 -0.0011718415680548105 0.0
358 -0.001167021144506115 0.0
359 -0.0011622007209574196 0.0
360 -0.0011573802974087243 0.0
361 -0.0011525598738600287 0.0
362 -0.0011477394503113332 0.0
363 -0.0011429190267626377 0.0
364 -0.0011380986032139425 0.0
365 -0.0011332781796652468 0.0
366 -0.0011284577561165513 0.0
367 -0.0011236373325678559 0.0
368 -0.0011188169090191602 0.0
369 -0.001113996485470465 0.0
370 -0.0011091760619217695 0.0
371 -0.001104355638373074 0.0
372 -0.0010995352148243783 0.0
373 -0.001094714791275683 0.0
374 -0.0010898943677269876 0.0
375 -0.0010850739441782922 0.0
376 -0.0010802535206295965 0.0
377 -0.0010754330970809012 0.0
378 -0.0010706126735322058 0.0
379 -0.0010657922499835103 0.0
380 -0.0010609718264348146 0.0
381 -0.0010561514028861194 0.0
382 -0.0010513309793374237 0.0
383 -0.0010465105557887285 0.0
384 -0.0010416901322400328 0.0
385 -0.0010368697086913375 0.0
386 -0.0010320492851426419 0.0
387 -0.0010272288615939464 0.0
388 -0.001022408438045251 0.0
389 -0.0010175880144965555 0.0
390 -0.00101276759094786 0.0
391 -0.0010079471673991645 0.0
392 -0.001003126743850469 0.0
393 -0.0009983063203017736 0.0
394 -0.0009934858967530782 0.0
395 -0.0009886654732043827 0.0
396 -0.0009838450496556872 0.0
397 -0.0009790246261069916 0.0
398 -0.0009742042025582963 0.0
399 -0.0009693837790096007 0.0
400 -0.0009645633554609053 0.0
401 -0.0009597429319122098 0.0
402 -0.0009549225083635143 0.0
403 -0.000950102084814819 0.0
404 -0.0009452816612661235 0.0
405 -0.0009404612377174278 0.0
406 -0.0009356408141687324 0.0
407 -0.0009308203906200369 0.0
408 -0.0009259999670713415 0.0
409 -0.000921179543522646 0.0
410 -0.0009163591199739507 0.0
411 -0.0009115386964252553 0.0
412 -0.0009067182728765596 0.0
413 -0.0009018978493278641 0.0
414 -0.0008970774257791687 0.0
415 -0.0008922570022304732 0.0
416 -0.0008874365786817778 0.0
417 -0.0008826161551330823 0.0
418 -0.0008777957315843866 0.0
419 -0.0008729753080356911 0.0
420 -0.0008681548844869959 0.0
421 -0.0008633344609383004 0.0
422 -0.000858514037389605 0.0
423 -0.0008536936138409095 0.0
424 -0.000848873190292214 0.0
425 -0.0008440527667435184 0.0
426 -0.0008392323431948229 0.0
427 -0.0008344119196461274 0.0
428 -0.000829591496097432 0.0
429 -0.0008247710725487367 0.0
430 -0.0008199506490000413 0.0
431 -0.0008151302254513458 0.0
432 -0.0008103098019026501 0.0
433 -0.0008054893783539547 0.0
434 -0.0008006689548052592 0.0
435 -0.0007958485312565637 0.0
436 -0.0007910281077078683 0.0
437 -0.0007862076841591728 0.0
438 -0.0007813872606104773 0.0
439 -0.0007765668370617819 0.0
440 -0.0007717464135130864 0.0
441 -0.000766925989964391 0.0
442 -0.0007621055664156955 0.0
443 -0.000757285142867 0.0
444 -0.0007524647193183046 0.0
445 -0.0007476442957696091 0.0
446 -0.0007428238722209134 0.0
447 -0.000738003448672218 0.0
448 -0.0007331830251235225 0.0
449 -0.0007283626015748273 0.0
450 -0.0007235421780261318 0.0
451 -0.0007187217544774363 0.0
452 -0.0007139013309287409 0.0
453 -0.0007090809073800452 0.0
454 -0.0007042604838313497 0.0
455 -0.0006994400602826543 0.0
456 -0.0006946196367339588 0.0
457 -0.0006897992131852633 0.0
458 -0.0006849787896365679 0.0
459 -0.0006801583660878726 0.0
460 -0.0006753379425391769 0.0
461 -0.0006705175189904815 0.0
462 -0.000665697095441786 0.0
463 -0.0006608766718930906 0.0
464 -0.0006560562483443951 0.0
465 -0.0006512358247956996 0.0
466 -0.0006464154012470042 0.0
467 -0.0006415949776983085 0.0
468 -0.0006367745541496132 0.0
469 -0.0006319541306009178 0.0
470 -0.0006271337070522223 0.0
471 -0.0006223132835035269 0.0
472 -0.0006174928599548314 0.0
473 -0.0006126724364061359 0.0
474 -0.0006078520128574402 0.0
475 -0.0006030315893087448 0.0
476 -0.0005982111657600493 0.0
477 -0.0005933907422113539 0.0
478 -0.0005885703186626586 0.0
479 -0.0005837498951139631 0.0
480 -0.0005789294715652677 0.0
481 -0.000574109048016572 0.0
482 -0.0005692886244678765 0.0
483 -0.0005644682009191811 0.0
484 -0.0005596477773704856 0.0
485 -0.0005548273538217902 0.0
486 -0.0005500069302730947 0.0
487 -0.0005451865067243992 0.0
488 -0.0005403660831757038 0.0
489 -0.0005355456596270083 0.0
490 -0.0005307252360783128 0.0
491 -0.0005259048125296174 0.0
492 -0.0005210843889809219 0.0
493 -0.0005162639654322264 0.0
494 -0.000511443541883531 0.0
495 -0.0005066231183348353 0.0
496 -0.0005018026947861398 0.0
497 -0.0004969822712374444 0.0
498 -0.0004921618476887491 0.0
499 -0.00048734142414005367 0.0
500 -0.0004825210005913582 0.0
501 -0.0004777005770426625 0.0
502 -0.00047288015349396706 0.0
503 -0.0004680597299452716 0.0
504 -0.00046323930639657613 0.0
505 -0.00045841888284788067 0.0
506 -0.0004535984592991852 0.0
507 -0.00044877803575048996 0.0
508 -0.0004439576122017943 0.0
509 -0.0004391371886530988 0.0
510 -0.00043431676510440336 0.0
511 -0.0004294963415557079 0.0
512 -0.00042467591800701243 0.0
513 -0.00041985549445831697 0.0
514 -0.0004150350709096215 0.0
515 -0.0004102146473609258 0.0
516 -0.00040539422381223036 0.0
517 -0.0004005738002635351 0.0
518 -0.00039575337671483965 0.0
519 -0.0003909329531661442 0.0
520 -0.0003861125296174487 0.0
521 -0.00038129210606875326 0.0
522 -0.0003764716825200576 0.0
523 -0.0003716512589713621 0.0
524 -0.00036683083542266666 0.0
525 -0.0003620104118739712 0.0
526 -0.00035718998832527573 0.0
527 -0.0003523695647765805 0.0
528 -0.000347549141227885 0.0
529 -0.00034272871767918934 0.0
530 -0.0003379082941304939 0.0
531 -0.0003330878705817984 0.0
532 -0.00032826744703310295 0.0
533 -0.0003234470234844075 0.0
534 -0.000318626599935712 0.0
535 -0.00031380617638701656 0.0
536 -0.0003089857528383209 0.0
537 -0.00030416532928962564 0.0
538 -0.00029934490574093017 0.0
539 -0.0002945244821922347 0.0
540 -0.00028970405864353925 0.0
541 -0.0002848836350948438 0.0
542 -0.0002800632115461483 0.0
543 -0.00027524278799745264 0.0
544 -0.0002704223644487572 0.0
545 -0.0002656019409000617 0.0
546 -0.00026078151735136647 0.0
547 -0.000255961093802671 0.0
548 -0.00025114067025397554 0.0
549 -0.0002463202467052801 0.0
550 -0.0002414998231565844 0.0
551 -0.00023667939960788894 0.0
552 -0.00023185897605919347 0.0
553 -0.000227038552510498 0.0
554 -0.00022221812896180255 0.0
555 -0.00021739770541310708 0.0
556 -0.00021257728186441184 0.0
557 -0.00020775685831571616 0.0
558 -0.0002029364347670207 0.0
559 -0.00019811601121832523 0.0
560 -0.00019329558766962977 0.0
561 -0.0001884751641209343 0.0
562 -0.00018365474057223884 0.0
563 -0.00017883431702354338 0.0
564 -0.0001740138934748477 0.0
565 -0.00016919346992615224 0.0
566 -0.000164373046377457 0.0
567 -0.00015955262282876153 0.0
568 -0.00015473219928006606 0.0
569 -0.0001499117757313706 0.0
570 -0.00014509135218267514 0.0
571 -0.00014027092863397946 0.0
572 -0.000135450505085284 0.0
573 -0.00013063008153658853 0.0
574 -0.00012580965798789307 0.0
575 -0.0001209892344391976 0.0
576 -0.00011616881089050236 0.0
577 -0.0001113483873418069 0.0
578 -0.00010652796379311122 0.0
579 -0.00010170754024441575 0.0
580 -9.688711669572029e-05 0.0
581 -9.206669314702483e-05 0.0
582 -8.724626959832936e-05 0.0
583 -8.24258460496339e-05 0.0
584 -7.760542250093822e-05 0.0
585 -7.278499895224297e-05 0.0
586 -6.796457540354751e-05 0.0
587 -6.314415185485205e-05 0.0
588 -5.8323728306156584e-05 0.0
589 -5.350330475746112e-05 0.0
590 -4.868288120876566e-05 0.0
591 -4.386245766006998e-05 0.0
592 -3.9042034111374515e-05 0.0
593 -3.422161056267905e-05 0.0
594 -2.940118701398359e-05 0.0
595 -2.4580763465288343e-05 0.0
596 -1.976033991659288e-05 0.0
597 -1.4939916367897417e-05 0.0
598 -1.0119492819201737e-05 0.0
599 -5.299069270506274e-06 0.0
600 -4.786457218108105e-07 0.0
601 4.341777826884436e-06 0.0
602 9.162201375580116e-06 0.0
603 1.3982624924275796e-05 0.0
604 1.8803048472971042e-05 0.0
605 2.3623472021666505e-05 0.0
606 2.844389557036175e-05 0.0
607 3.326431911905743e-05 0.0
608 3.808474266775268e-05 0.0
609 4.290516621644836e-05 0.0
610 4.772558976514404e-05 0.0
611 5.2546013313839283e-05 0.0
612 5.7366436862534963e-05 0.0
613 6.218686041123021e-05 0.0
614 6.700728395992589e-05 0.0
615 7.182770750862114e-05 0.0
616 7.664813105731682e-05 0.0
617 8.14685546060125e-05 0.0
618 8.628897815470774e-05 0.0
619 9.110940170340299e-05 0.0
620 9.592982525209823e-05 0.0
621 0.00010075024880079391 0.0
622 0.00010557067234948916 0.0
623 0.00011039109589818484 0.0
624 0.00011521151944688052 0.0
625 0.00012003194299557577 0.0
626 0.00012485236654427145 0.0
627 0.0001296727900929667 0.0
628 0.00013449321364166237 0.0
629 0.00013931363719035805 0.0
630 0.0001441340607390533 0.0
631 0.00014895448428774898 0.0
632 0.00015377490783644423 0.0
633 0.0001585953313851399 0.0
634 0.00016341575493383515 0.0
635 0.00016823617848253083 0.0
636 0.0001730566020312265 0.0
637 0.00017787702557992176 0.0
638 0.00018269744912861744 0.0
639 0.00018751787267731225 0.0
640 0.00019233829622600793 0.0
641 0.00019715871977470318 0.0
642 0.00020197914332339886 0.0
643 0.00020679956687209454 0.0
644 0.00021161999042078978 0.0
645 0.00021644041396948546 0.0
646 0.0002212608375181807 0.0
647 0.0002260812610668764 0.0
648 0.00023090168461557163 0.0
649 0.00023572210816426731 0.0
650 0.000240542531712963 0.0
651 0.00024536295526165824 0.0
652 0.0002501833788103539 0.0
653 0.00025500380235904917 0.0
654 0.00025982422590774485 0.0
655 0.0002646446494564401 0.0
656 0.0002694650730051358 0.0
657 0.00027428549655383145 0.0
658 0.00027910592010252627 0.0
659 0.00028392634365122195 0.0
660 0.0002887467671999172 0.0
661 0.00029356719074861287 0.0
662 0.0002983876142973081 0.0
663 0.0003032080378460038 0.0
664 0.0003080284613946995 0.0
665 0.0003128488849433947 0.0
666 0.0003176693084920904 0.0
667 0.00032248973204078565 0.0
668 0.00032731015558948133 0.0
669 0.0003321305791381766 0.0
670 0.00033695100268687226 0.0
671 0.00034177142623556794 0.0
672 0.0003465918497842632 0.0
673 0.00035141227333295886 0.0
674 0.0003562326968816541 0.0
675 0.0003610531204303498 0.0
676 0.00036587354397904504 0.0
677 0.0003706939675277407 0.0
678 0.00037551439107643596 0.0
679 0.0003803348146251312 0.0
680 0.0003851552381738269 0.0
681 0.00038997566172252213 0.0
682 0.0003947960852712178 0.0
683 0.00039961650881991306 0.0
684 0.00040443693236860874 0.0
685 0.0004092573559173044 0.0
686 0.00041407777946599967 0.0
687 0.00041889820301469535 0.0
688 0.0004237186265633906 0.0
689 0.00042853905011208627 0.0
690 0.0004333594736607815 0.0
691 0.0004381798972094772 0.0
692 0.0004430003207581729 0.0
693 0.0004478207443068681 0.0
694 0.0004526411678555638 0.0
695 0.00045746159140425905 0.0
696 0.00046228201495295473 0.0
697 0.00046710243850165 0.0
698 0.0004719228620503452 0.0
699 0.0004767432855990409 0.0
700 0.00048156370914773615 0.0
701 0.00048638413269643183 0.0
702 0.0004912045562451271 0.0
703 0.0004960249797938228 0.0
704 0.000500845403342518 0.0
705 0.0005056658268912137 0.0
706 0.0005104862504399094 0.0
707 0.0005153066739886046 0.0
708 0.0005201270975373003 0.0
709 0.0005249475210859955 0.0
710 0.0005297679446346912 0.0
711 0.0005345883681833865 0.0
712 0.0005394087917320821 0.0
713 0.0005442292152807778 0.0
714 0.0005490496388294731 0.0
715 0.0005538700623781687 0.0
716 0.000558690485926864 0.0
717 0.0005635109094755592 0.0
718 0.0005683313330242545 0.0
719 0.0005731517565729502 0.0
720 0.0005779721801216458 0.0
721 0.0005827926036703411 0.0
722 0.0005876130272190368 0.0
723 0.000592433450767732 0.0
724 0.0005972538743164277 0.0
725 0.0006020742978651229 0.0
726 0.0006068947214138186 0.0
727 0.0006117151449625143 0.0
728 0.0006165355685112095 0.0
729 0.0006213559920599052 0.0
730 0.0006261764156086005 0.0
731 0.0006309968391572962 0.0
732 0.0006358172627059914 0.0
733 0.0006406376862546871 0.0
734 0.0006454581098033828 0.0
735 0.000650278533352078 0.0
736 0.0006550989569007733 0.0
737 0.0006599193804494685 0.0
738 0.0006647398039981642 0.0
739 0.0006695602275468594 0.0
740 0.0006743806510955551 0.0
741 0.0006792010746442508 0.0
742 0.000684021498192946 0.0
743 0.0006888419217416417 0.0
744 0.000693662345290337 0.0
745 0.0006984827688390326 0.0
746 0.0007033031923877279 0.0
747 0.0007081236159364236 0.0
748 0.0007129440394851192 0.0
749 0.0007177644630338145 0.0
750 0.0007225848865825102 0.0
751 0.0007274053101312054 0.0
752 0.0007322257336799011 0.0
753 0.0007370461572285963 0.0
754 0.000741866580777292 0.0
755 0.0007466870043259877 0.0
756 0.0007515074278746825 0.0
757 0.0007563278514233782 0.0
758 0.0007611482749720734 0.0
759 0.0007659686985207691 0.0
760 0.0007707891220694644 0.0
761 0.00077560954561816 0.0
762 0.0007804299691668557 0.0
763 0.000785250392715551 0.0
764 0.0007900708162642467 0.0
765 0.0007948912398129419 0.0
766 0.0007997116633616376 0.0
767 0.0008045320869103328 0.0
768 0.0008093525104590285 0.0
769 0.0008141729340077242 0.0
770 0.0008189933575564194 0.0
771 0.0008238137811051151 0.0
772 0.0008286342046538104 0.0
773 0.000833454628202506 0.0
774 0.0008382750517512013 0.0
775 0.0008430954752998965 0.0
776 0.0008479158988485922 0.0
777 0.0008527363223972875 0.0
778 0.0008575567459459831 0.0
779 0.0008623771694946784 0.0
780 0.0008671975930433741 0.0
781 0.0008720180165920693 0.0
782 0.000876838440140765 0.0
783 0.0008816588636894607 0.0
784 0.0008864792872381559 0.0
785 0.0008912997107868516 0.0
786 0.0008961201343355468 0.0
787 0.0009009405578842425 0.0
788 0.0009057609814329378 0.0
789 0.0009105814049816334 0.0
790 0.0009154018285303291 0.0
791 0.0009202222520790244 0.0
792 0.0009250426756277201 0.0
793 0.0009298630991764153 0.0
794 0.000934683522725111 0.0
795 0.0009395039462738058 0.0
796 0.0009443243698225015 0.0
797 0.0009491447933711972 0.0
798 0.0009539652169198924 0.0
799 0.0009587856404685881 0.0
800 0.0009636060640172833 0.0
801 0.000968426487565979 0.0
802 0.0009732469111146747 0.0
803 0.00097806733466337 0.0
804 0.0009828877582120656 0.0
805 0.0009877081817607609 0.0
806 0.0009925286053094565 0.0
807 0.0009973490288581518 0.0
808 0.0010021694524068475 0.0
809 0.0010069898759555431 0.0
810 0.0010118102995042384 0.0
811 0.001016630723052934 0.0
812 0.0010214511466016293 0.0
813 0.001026271570150325 0.0
814 0.0010310919936990198 0.0
815 0.0010359124172477155 0.0
816 0.0010407328407964112 0.0
817 0.0010455532643451064 0.0
818 0.001050373687893802 0.0
819 0.0010551941114424973 0.0
820 0.001060014534991193 0.0
821 0.0010648349585398883 0.0
822 0.001069655382088584 0.0
823 0.0010744758056372796 0.0
824 0.0010792962291859749 0.0
825 0.0010841166527346706 0.0
826 0.0010889370762833658 0.0
827 0.0010937574998320615 0.0
828 0.0010985779233807567 0.0
829 0.0011033983469294524 0.0
830 0.001108218770478148 0.0
831 0.0011130391940268433 0.0
832 0.001117859617575539 0.0
833 0.0011226800411242343 0.0
834 0.0011275004646729295 0.0
835 0.0011323208882216248 0.0
836 0.0011371413117703204 0.0
837 0.0011419617353190161 0.0
838 0.0011467821588677114 0.0
839 0.001151602582416407 0.0
840 0.0011564230059651023 0.0
841 0.001161243429513798 0.0
842 0.0011660638530624932 0.0
843 0.0011708842766111889 0.0
844 0.0011757047001598846 0.0
845 0.0011805251237085798 0.0
846 0.0011853455472572755 0.0
847 0.0011901659708059707 0.0
848 0.0011949863943546664 0.0
849 0.0011998068179033617 0.0
850 0.0012046272414520573 0.0
851 0.001209447665000753 0.0
852 0.0012142680885494483 0.0
853 0.0012190885120981435 0.0
854 0.0012239089356468388 0.0
855 0.0012287293591955344 0.0
856 0.0012335497827442297 0.0
857 0.0012383702062929254 0.0
858 0.001243190629841621 0.0
859 0.0012480110533903163 0.0
860 0.001252831476939012 0.0
861 0.0012576519004877072 0.0
862 0.001262472324036403 0.0
863 0.0012672927475850982 0.0
864 0.0012721131711337938 0.0
865 0.0012769335946824895 0.0
866 0.0012817540182311848 0.0
867 0.0012865744417798804 0.0
868 0.0012913948653285757 0.0
869 0.0012962152888772714 0.0
870 0.0013010357124259666 0.0
871 0.0013058561359746623 0.0
872 0.001310676559523358 0.0
873 0.0013154969830720528 0.0
874 0.0013203174066207485 0.0
875 0.0013251378301694437 0.0
876 0.0013299582537181394 0.0
877 0.0013347786772668346 0.0
878 0.0013395991008155303 0.0
879 0.001344419524364226 0.0
880 0.0013492399479129212 0.0
881 0.001354060371461617 0.0
882 0.0013588807950103122 0.0
883 0.0013637012185590078 0.0
884 0.001368521642107703 0.0
885 0.0013733420656563988 0.0
886 0.0013781624892050945 0.0
887 0.0013829829127537897 0.0
888 0.0013878033363024854 0.0
889 0.0013926237598511806 0.0
890 0.0013974441833998763 0.0
891 0.0014022646069485716 0.0
892 0.0014070850304972668 0.0
893 0.0014119054540459625 0.0
894 0.0014167258775946577 0.0
895 0.0014215463011433534 0.0
896 0.0014263667246920487 0.0
897 0.0014311871482407443 0.0
898 0.0014360075717894396 0.0
899 0.0014408279953381353 0.0
900 0.001445648418886831 0.0
901 0.0014504688424355262 0.0
902 0.0014552892659842219 0.0
903 0.0014601096895329171 0.0
904 0.0014649301130816128 0.0
905 0.001469750536630308 0.0
906 0.0014745709601790037 0.0
907 0.0014793913837276994 0.0
908 0.0014842118072763946 0.0
909 0.0014890322308250903 0.0
910 0.0014938526543737856 0.0
911 0.0014986730779224812 0.0
912 0.001503493501471176 0.0
913 0.0015083139250198717 0.0
914 0.0015131343485685674 0.0
915 0.0015179547721172627 0.0
916 0.0015227751956659583 0.0
917 0.0015275956192146536 0.0
918 0.0015324160427633493 0.0
919 0.0015372364663120445 0.0
920 0.0015420568898607402 0.0
921 0.0015468773134094359 0.0
922 0.0015516977369581311 0.0
923 0.0015565181605068268 0.0
924 0.001561338584055522 0.0
925 0.0015661590076042177 0.0
926 0.001570979431152913 0.0
927 0.0015757998547016087 0.0
928 0.0015806202782503043 0.0
929 0.0015854407017989996 0.0
930 0.0015902611253476953 0.0
931 0.00159508154889639 0.0
932 0.0015999019724450858 0.0
933 0.001604722395993781 0.0
934 0.0016095428195424767 0.0
935 0.0016143632430911724 0.0
936 0.0016191836666398676 0.0
937 0.0016240040901885633 0.0
938 0.0016288245137372585 0.0
939 0.0016336449372859542 0.0
940 0.0016384653608346495 0.0
941 0.0016432857843833451 0.0
942 0.0016481062079320408 0.0
943 0.001652926631480736 0.0
944 0.0016577470550294317 0.0
945 0.001662567478578127 0.0
946 0.0016673879021268227 0.0
947 0.001672208325675518 0.0
948 0.0016770287492242136 0.0
949 0.0016818491727729093 0.0
950 0.0016866695963216045 0.0
951 0.0016914900198702998 0.0
952 0.001696310443418995 0.0
953 0.0017011308669676907 0.0
954 0.001705951290516386 0.0
955 0.0017107717140650816 0.0
956 0.0017155921376137773 0.0
957 0.0017204125611624725 0.0
958 0.0017252329847111682 0.0
959 0.0017300534082598635 0.0
960 0.0017348738318085592 0.0
961 0.0017396942553572544 0.0
962 0.00174451467890595 0.0
963 0.0017493351024546458 0.0
964 0.001754155526003341 0.0
965 0.0017589759495520367 0.0
966 0.001763796373100732 0.0
967 0.0017686167966494276 0.0
968 0.0017734372201981233 0.0
969 0.0017782576437468185 0.0
970 0.0017830780672955138 0.0
971 0.001787898490844209 0.0
972 0.0017927189143929047 0.0
973 0.0017975393379416 0.0
974 0.0018023597614902956 0.0
975 0.0018071801850389913 0.0
976 0.0018120006085876866 0.0
977 0.0018168210321363822 0.0
978 0.0018216414556850775 0.0
979 0.0018264618792337732 0.0
980 0.0018312823027824684 0.0
981 0.001836102726331164 0.0
982 0.0018409231498798598 0.0
983 0.001845743573428555 0.0
984 0.0018505639969772507 0.0
985 0.001855384420525946 0.0
986 0.0018602048440746416 0.0
987 0.0018650252676233369 0.0
988 0.0018698456911720326 0.0
989 0.0018746661147207282 0.0
990 0.001879486538269423 0.0
991 0.0018843069618181187 0.0
992 0.001889127385366814 0.0
993 0.0018939478089155097 0.0
994 0.001898768232464205 0.0
995 0.0019035886560129006 0.0
996 0.0019084090795615963 0.0
997 0.0019132295031102915 0.0
998 0.0019180499266589872 0.0
999 0.0019228703502076824 0.0
1000 0.0019228703502076824 0.0
1001 0.0019228703502076824 0.0
1002 0.0019228703502076824 0.0
1003 0.0019228703502076824 0.0
1004 0.0019228703502076824 0.0
1005 0.0019228703502076824 0.0
1006 0.0019228703502076824 0.0
1007 0.0019228703502076824 0.0
1008 0.0019228703502076824 0.0
1009 0.0019228703502076824 0.0
1010 0.0019228703502076824 0.0
1011 0.0019228703502076824 0.0
1012 0.0019228703502076824 0.0
1013 0.0019228703502076824 0.0
1014 0.0019228703502076824 0.0
1015 0.0019228703502076824 0.0
1016 0.0019228703502076824 0.0
1017 0.0019228703502076824 0.0
1018 0.0019228703502076824 0.0
1019 0.0019228703502076824 0.0
1020 0.0019228703502076824 0.0
1021 0.0019228703502076824 0.0
1022 0.0019228703502076824 0.0
1023 0.0019228703502076824 0.0
1024 0.0019228703502076824 0.0
1025 0.0019228703502076824 0.0
1026 0.0019228703502076824 0.0
1027 0.0019228703502076824 0.0
1028 0.0019228703502076824 0.0
1029 0.0019228703502076824 0.0
1030 0.0019228703502076824 0.0
1031 0.0019228703502076824 0.0
1032 0.0019228703502076824 0.0
1033 0.0019228703502076824 0.0
1034 0.0019228703502076824 0.0
1035 0.0019228703502076824 0.0
1036 0.0019228703502076824 0.0
1037 0.0019228703502076824 0.0
1038 0.0019228703502076824 0.0
1039 0.0019228703502076824 0.0
1040 0.0019228703502076824 0.0
1041 0.0019228703502076824 0.0
1042 0.0019228703502076824 0.0
1043 0.0019228703502076824 0.0
1044 0.0019228703502076824 0.0
1045 0.0019228703502076824 0.0
1046 0.0019228703502076824 0.0
1047 0.0019228703502076824 0.0
1048 0.0019228703502076824 0.0
1049 0.0019228703502076824 0.0
1050 0.0019228703502076824 0.0
1051 0.0019228703502076824 0.0
1052 0.0019228703502076824 0.0
1053 0.0019228703502076824 0.0
1054 0.0019228703502076824 0.0
1055 0.0019228703502076824 0.0
1056 0.0019228703502076824 0.0
1057 0.0019228703502076824 0.0
1058 0.0019228703502076824 0.0
1059 0.0019228703502076824 0.0
1060 0.0019228703502076824 0.0
1061 0.0019228703502076824 0.0
1062 0.0019228703502076824 0.0
1063 0.0019228703502076824 0.0
1064 0.0019228703502076824 0.0
1065 0.0019228703502076824 0.0
1066 0.0019228703502076824 0.0
1067 0.0019228703502076824 0.0
1068 0.0019228703502076824 0.0
1069 0.0019228703502076824 0.0
1070 0.0019228703502076824 0.0
1071 0.0019228703502076824 0.0
1072 0.0019228703502076824 0.0
1073 0.0019228703502076824 0.0
1074 0.0019228703502076824 0.0
1075 0.0019228703502076824 0.0
1076 0.0019228703502076824 0.0
1077 0.0019228703502076824 0.0
1078 0.0019228703502076824 0.0
1079 0.0019228703502076824 0.0
1080 0.0019228703502076824 0.0
1081 0.0019228703502076824 0.0
1082 0.0019228703502076824 0.0
1083 0.0019228703502076824 0.0
1084 0.0019228703502076824 0.0
1085 0.0019228703502076824 0.0
1086 0.0019228703502076824 0.0
1087 0.0019228703502076824 0.0
1088 0.0019228703502076824 0.0
1089 0.0019228703502076824 0.0
1090 0.0019228703502076824 0.0
1091 0.0019228703502076824 0.0
1092 0.0019228703502076824 0.0
1093 0.0019228703502076824 0.0
1094 0.0019228703502076824 0.0
1095 0.0019228703502076824 0.0
1096 0.0019228703502076824 0.0
1097 0.0019228703502076824 0.0
1098 0.0019228703502076824 0.0
1099 0.0019228703502076824 0.0
1100 0.0019228703502076824 0.0
1101 0.0019228703502076824 0.0
1102 0.0019228703502076824 0.0
1103 0.0019228703502076824 0.0
1104 0.0019228703502076824 0.0
1105 0.0019228703502076824 0.0
1106 0.0019228703502076824 0.0
1107 0.0019228703502076824 0.0
1108 0.0019228703502076824 0.0
1109 0.0019228703502076824 0.0
1110 0.0019228703502076824 0.0
1111 0.0019228703502076824 0.0
1112 0.0019228703502076824 0.0
1113 0.0019228703502076824 0.0
1114 0.0019228703502076824 0.0
1115 0.0019228703502076824 0.0
1116 0.0019228703502076824 0.0
1117 0.0019228703502076824 0.0
1118 0.0019228703502076824 0.0
1119 0.0019228703502076824 0.0
1120 0.0019228703502076824 0.0
1121 0.0019228703502076824 0.0
1122 0.0019228703502076824 0.0
1123 0.0019228703502076824 0.0
1124 0.0019228703502076824 0.0
1125 0.0019228703502076824 0.0
1126 0.0019228703502076824 0.0
1127 0.0019228703502076824 0.0
1128 0.0019228703502076824 0.0
1129 0.0019228703502076824 0.0
1130 0.0019228703502076824 0.0
1131 0.0019228703502076824 0.0
1132 0.0019228703502076824 0.0
1133 0.0019228703502076824 0.0
1134 0.0019228703502076824 0.0
1135 0.0019228703502076824 0.0
1136 0.0019228703502076824 0.0
1137 0.0019228703502076824 0.0
1138 0.0019228703502076824 0.0
1139 0.0019228703502076824 0.0
1140 0.0019228703502076824 0.0
1141 0.0019228703502076824 0.0
1142 0.0019228703502076824 0.0
1143 0.0019228703502076824 0.0
1144 0.0019228703502076824 0.0
1145 0.0019228703502076824 0.0
1146 0.0019228703502076824 0.0
1147 0.0019228703502076824 0.0
1148 0.0019228703502076824 0.0
1149 0.0019228703502076824 0.0
1150 0.0019228703502076824 0.0
1151 0.0019228703502076824 0.0
1152 0.0019228703502076824 0.0
1153 0.0019228703502076824 0.0
1154 0.0019228703502076824 0.0
1155 0.0019228703502076824 0.0
1156 0.0019228703502076824 0.0
1157 0.0019228703502076824 0.0
1158 0.0019228703502076824 0.0
1159 0.0019228703502076824 0.0
1160 0.0019228703502076824 0.0
1161 0.0019228703502076824 0.0
1162 0.0019228703502076824 0.0
1163 0.0019228703502076824 0.0
1164 0.0019228703502076824 0.0
1165 0.0019228703502076824 0.0
1166 0.0019228703502076824 0.0
1167 0.0019228703502076824 0.0
1168 0.0019228703502076824 0.0
1169 0.0019228703502076824 0.0
1170 0.0019228703502076824 0.0
1171 0.0019228703502076824 0.0
1172 0.0019228703502076824 0.0
1173 0.0019228703502076824 0.0
1174 0.0019228703502076824 0.0
1175 0.0019228703502076824 0.0
1176 0.0019228703502076824 0.0
1177 0.0019228703502076824 0.0
1178 0.0019228703502076824 0.0
1179 0.0019228703502076824 0.0
1180 0.0019228703502076824 0.0
1181 0.0019228703502076824 0.0
1182 0.0019228703502076824 0.0
1183 0.0019228703502076824 0.0
1184 0.0019228703502076824 0.0
1185 0.0019228703502076824 0.0
1186 0.0019228703502076824 0.0
1187 0.0019228703502076824 0.0
1188 0.0019228703502076824 0.0
1189 0.0019228703502076824 0.0
1190 0.0019228703502076824 0.0
1191 0.0019228703502076824 0.0
1192 0.0019228703502076824 0.0
1193 0.0019228703502076824 0.0
1194 0.0019228703502076824 0.0
1195 0.0019228703502076824 0.0
1196 0.0019228703502076824 0.0
1197 0.0019228703502076824 0.0
1198 0.0019228703502076824 0.0
1199 0.0019228703502076824 0.0
1200 0.0019228703502076824 0.0
1201 0.0019180499266589868 0.0
1202 0.0019132295031102915 0.0
1203 0.0019084090795615958 0.0
1204 0.0019035886560129006 0.0
1205 0.001898768232464205 0.0
1206 0.0018939478089155097 0.0
1207 0.001889127385366814 0.0
1208 0.0018843069618181183 0.0
1209 0.001879486538269423 0.0
1210 0.0018746661147207278 0.0
1211 0.0018698456911720326 0.0
1212 0.0018650252676233369 0.0
1213 0.0018602048440746416 0.0
1214 0.001855384420525946 0.0
1215 0.0018505639969772503 0.0
1216 0.001845743573428555 0.0
1217 0.0018409231498798593 0.0
1218 0.001836102726331164 0.0
1219 0.0018312823027824684 0.0
1220 0.0018264618792337732 0.0
1221 0.0018216414556850775 0.0
1222 0.0018168210321363818 0.0
1223 0.0018120006085876866 0.0
1224 0.0018071801850389909 0.0
1225 0.0018023597614902956 0.0
1226 0.0017975393379416 0.0
1227 0.0017927189143929047 0.0
1228 0.001787898490844209 0.0
1229 0.0017830780672955134 0.0
1230 0.0017782576437468185 0.0
1231 0.0017734372201981229 0.0
1232 0.0017686167966494276 0.0
1233 0.001763796373100732 0.0
1234 0.0017589759495520367 0.0
1235 0.001754155526003341 0.0
1236 0.0017493351024546453 0.0
1237 0.00174451467890595 0.0
1238 0.0017396942553572544 0.0
1239 0.0017348738318085592 0.0
1240 0.0017300534082598635 0.0
1241 0.0017252329847111682 0.0
1242 0.0017204125611624725 0.0
1243 0.0017155921376137769 0.0
1244 0.0017107717140650816 0.0
1245 0.001705951290516386 0.0
1246 0.0017011308669676907 0.0
1247 0.001696310443418995 0.0
1248 0.0016914900198702993 0.0
1249 0.0016866695963216045 0.0
1250 0.0016818491727729088 0.0
1251 0.0016770287492242136 0.0
1252 0.001672208325675518 0.0
1253 0.0016673879021268227 0.0
1254 0.001662567478578127 0.0
1255 0.0016577470550294317 0.0
1256 0.001652926631480736 0.0
1257 0.0016481062079320404 0.0
1258 0.0016432857843833451 0.0
1259 0.0016384653608346495 0.0
1260 0.0016336449372859542 0.0
1261 0.0016288245137372585 0.0
1262 0.0016240040901885629 0.0
1263 0.0016191836666398676 0.0
1264 0.001614363243091172 0.0
1265 0.0016095428195424767 0.0
1266 0.001604722395993781 0.0
1267 0.0015999019724450858 0.0
1268 0.00159508154889639 0.0
1269 0.0015902611253476953 0.0
1270 0.0015854407017989996 0.0
1271 0.001580620278250304 0.0
1272 0.0015757998547016087 0.0
1273 0.001570979431152913 0.0
1274 0.0015661590076042177 0.0
1275 0.001561338584055522 0.0
1276 0.0015565181605068264 0.0
1277 0.0015516977369581311 0.0
1278 0.0015468773134094354 0.0
1279 0.0015420568898607402 0.0
1280 0.0015372364663120445 0.0
1281 0.0015324160427633493 0.0
1282 0.0015275956192146536 0.0
1283 0.0015227751956659583 0.0
1284 0.0015179547721172627 0.0
1285 0.001513134348568567 0.0
1286 0.0015083139250198717 0.0
1287 0.001503493501471176 0.0
1288 0.0014986730779224812 0.0
1289 0.0014938526543737856 0.0
1290 0.0014890322308250899 0.0
1291 0.0014842118072763946 0.0
1292 0.001479391383727699 0.0
1293 0.0014745709601790037 0.0
1294 0.001469750536630308 0.0
1295 0.0014649301130816128 0.0
1296 0.0014601096895329171 0.0
1297 0.0014552892659842219 0.0
1298 0.0014504688424355262 0.0
1299 0.0014456484188868305 0.0
1300 0.0014408279953381353 0.0
1301 0.0014360075717894396 0.0
1302 0.0014311871482407443 0.0
1303 0.0014263667246920487 0.0
1304 0.001421546301143353 0.0
1305 0.0014167258775946577 0.0
1306 0.001411905454045962 0.0
1307 0.0014070850304972668 0.0
1308 0.0014022646069485716 0.0
1309 0.0013974441833998759 0.0
1310 0.0013926237598511806 0.0
1311 0.0013878033363024854 0.0
1312 0.0013829829127537897 0.0
1313 0.001378162489205094 0.0
1314 0.0013733420656563988 0.0
1315 0.001368521642107703 0.0
1316 0.0013637012185590078 0.0
1317 0.0013588807950103122 0.0
1318 0.0013540603714616165 0.0
1319 0.0013492399479129212 0.0
1320 0.0013444195243642256 0.0
1321 0.0013395991008155303 0.0
1322 0.0013347786772668346 0.0
1323 0.001329958253718139 0.0
1324 0.0013251378301694437 0.0
1325 0.0013203174066207485 0.0
1326 0.0013154969830720528 0.0
1327 0.0013106765595233575 0.0
1328 0.0013058561359746623 0.0
1329 0.0013010357124259666 0.0
1330 0.0012962152888772714 0.0
1331 0.0012913948653285757 0.0
1332 0.00128657444177988 0.0
1333 0.0012817540182311848 0.0
1334 0.001276933594682489 0.0
1335 0.0012721131711337938 0.0
1336 0.0012672927475850982 0.0
1337 0.0012624723240364025 0.0
1338 0.0012576519004877072 0.0
1339 0.001252831476939012 0.0
1340 0.0012480110533903163 0.0
1341 0.0012431906298416206 0.0
1342 0.0012383702062929254 0.0
1343 0.0012335497827442297 0.0
1344 0.0012287293591955344 0.0
1345 0.0012239089356468388 0.0
1346 0.001219088512098143 0.0
1347 0.0012142680885494483 0.0
1348 0.0012094476650007526 0.0
1349 0.0012046272414520573 0.0
1350 0.0011998068179033617 0.0
1351 0.001194986394354666 0.0
1352 0.0011901659708059707 0.0
1353 0.0011853455472572755 0.0
1354 0.0011805251237085798 0.0
1355 0.0011757047001598841 0.0
1356 0.0011708842766111889 0.0
1357 0.0011660638530624932 0.0
1358 0.001161243429513798 0.0
1359 0.0011564230059651023 0.0
1360 0.0011516025824164066 0.0
1361 0.0011467821588677114 0.0
1362 0.0011419617353190157 0.0
1363 0.0011371413117703204 0.0
1364 0.0011323208882216248 0.0
1365 0.001127500464672929 0.0
1366 0.0011226800411242343 0.0
1367 0.001117859617575539 0.0
1368 0.0011130391940268433 0.0
1369 0.0011082187704781477 0.0
1370 0.0011033983469294524 0.0
1371 0.0010985779233807567 0.0
1372 0.0010937574998320615 0.0
1373 0.0010889370762833658 0.0
1374 0.0010841166527346701 0.0
1375 0.0010792962291859749 0.0
1376 0.0010744758056372792 0.0
1377 0.001069655382088584 0.0
1378 0.0010648349585398883 0.0
1379 0.0010600145349911926 0.0
1380 0.0010551941114424973 0.0
1381 0.001050373687893802 0.0
1382 0.0010455532643451064 0.0
1383 0.0010407328407964107 0.0
1384 0.0010359124172477155 0.0
1385 0.0010310919936990198 0.0
1386 0.001026271570150325 0.0
1387 0.0010214511466016293 0.0
1388 0.0010166307230529336 0.0
1389 0.0010118102995042384 0.0
1390 0.0010069898759555427 0.0
1391 0.0010021694524068475 0.0
1392 0.0009973490288581518 0.0
1393 0.000992528605309456 0.0
1394 0.0009877081817607609 0.0
1395 0.0009828877582120656 0.0
1396 0.00097806733466337 0.0
1397 0.0009732469111146743 0.0
1398 0.000968426487565979 0.0
1399 0.0009636060640172833 0.0
1400 0.0009587856404685881 0.0
1401 0.0009539652169198924 0.0
1402 0.0009491447933711967 0.0
1403 0.0009443243698225015 0.0
1404 0.0009395039462738062 0.0
1405 0.000934683522725111 0.0
1406 0.0009298630991764153 0.0
1407 0.0009250426756277196 0.0
1408 0.0009202222520790244 0.0
1409 0.0009154018285303291 0.0
1410 0.0009105814049816334 0.0
1411 0.0009057609814329378 0.0
1412 0.0009009405578842421 0.0
1413 0.0008961201343355468 0.0
1414 0.0008912997107868516 0.0
1415 0.0008864792872381559 0.0
1416 0.0008816588636894602 0.0
1417 0.000876838440140765 0.0
1418 0.0008720180165920693 0.0
1419 0.0008671975930433741 0.0
1420 0.0008623771694946784 0.0
1421 0.0008575567459459827 0.0
1422 0.0008527363223972875 0.0
1423 0.0008479158988485922 0.0
1424 0.0008430954752998965 0.0
1425 0.0008382750517512013 0.0
1426 0.0008334546282025056 0.0
1427 0.0008286342046538104 0.0
1428 0.0008238137811051151 0.0
1429 0.0008189933575564194 0.0
1430 0.0008141729340077238 0.0
1431 0.0008093525104590285 0.0
1432 0.0008045320869103328 0.0
1433 0.0007997116633616376 0.0
1434 0.0007948912398129419 0.0
1435 0.0007900708162642462 0.0
1436 0.000785250392715551 0.0
1437 0.0007804299691668557 0.0
1438 0.00077560954561816 0.0
1439 0.0007707891220694644 0.0
1440 0.0007659686985207687 0.0
1441 0.0007611482749720734 0.0
1442 0.0007563278514233782 0.0
1443 0.0007515074278746825 0.0
1444 0.0007466870043259873 0.0
1445 0.000741866580777292 0.0
1446 0.0007370461572285963 0.0
1447 0.0007322257336799011 0.0
1448 0.0007274053101312054 0.0
1449 0.0007225848865825097 0.0
1450 0.0007177644630338145 0.0
1451 0.0007129440394851192 0.0
1452 0.0007081236159364236 0.0
1453 0.0007033031923877279 0.0
1454 0.0006984827688390322 0.0
1455 0.000693662345290337 0.0
1456 0.0006888419217416417 0.0
1457 0.000684021498192946 0.0
1458 0.0006792010746442504 0.0
1459 0.0006743806510955551 0.0
1460 0.0006695602275468594 0.0
1461 0.0006647398039981642 0.0
1462 0.0006599193804494685 0.0
1463 0.0006550989569007733 0.0
1464 0.000650278533352078 0.0
1465 0.0006454581098033828 0.0
1466 0.0006406376862546871 0.0
1467 0.0006358172627059914 0.0
1468 0.0006309968391572957 0.0
1469 0.0006261764156086005 0.0
1470 0.0006213559920599052 0.0
1471 0.0006165355685112095 0.0
1472 0.0006117151449625139 0.0
1473 0.0006068947214138186 0.0
1474 0.0006020742978651229 0.0
1475 0.0005972538743164277 0.0
1476 0.000592433450767732 0.0
1477 0.0005876130272190363 0.0
1478 0.0005827926036703411 0.0
1479 0.0005779721801216458 0.0
1480 0.0005731517565729502 0.0
1481 0.0005683313330242545 0.0
1482 0.0005635109094755588 0.0
1483 0.000558690485926864 0.0
1484 0.0005538700623781687 0.0
1485 0.0005490496388294731 0.0
1486 0.0005442292152807774 0.0
1487 0.0005394087917320821 0.0
1488 0.0005345883681833865 0.0
1489 0.0005297679446346912 0.0
1490 0.0005249475210859955 0.0
1491 0.0005201270975372999 0.0
1492 0.0005153066739886046 0.0
1493 0.0005104862504399094 0.0
1494 0.0005056658268912137 0.0
1495 0.000500845403342518 0.0
1496 0.0004960249797938223 0.0
1497 0.0004912045562451271 0.0
1498 0.00048638413269643183 0.0
1499 0.00048156370914773615 0.0
1500 0.00047674328559904047 0.0
1501 0.0004719228620503448 0.0
1502 0.00046710243850165 0.0
1503 0.00046228201495295473 0.0
1504 0.00045746159140425905 0.0
1505 0.00045264116785556337 0.0
1506 0.0004478207443068681 0.0
1507 0.0004430003207581729 0.0
1508 0.0004381798972094772 0.0
1509 0.0004333594736607815 0.0
1510 0.00042853905011208584 0.0
1511 0.0004237186265633906 0.0
1512 0.00041889820301469535 0.0
1513 0.00041407777946599967 0.0
1514 0.000409257355917304 0.0
1515 0.0004044369323686083 0.0
1516 0.00039961650881991306 0.0
1517 0.0003947960852712178 0.0
1518 0.00038997566172252213 0.0
1519 0.00038515523817382645 0.0
1520 0.0003803348146251312 0.0
1521 0.00037551439107643596 0.0
1522 0.0003706939675277407 0.0
1523 0.00036587354397904504 0.0
1524 0.00036105312043034936 0.0
1525 0.0003562326968816541 0.0
1526 0.00035141227333295886 0.0
1527 0.0003465918497842632 0.0
1528 0.0003417714262355675 0.0
1529 0.0003369510026868718 0.0
1530 0.0003321305791381766 0.0
1531 0.00032731015558948133 0.0
1532 0.00032248973204078565 0.0
1533 0.00031766930849208997 0.0
1534 0.0003128488849433947 0.0
1535 0.0003080284613946995 0.0
1536 0.0003032080378460038 0.0
1537 0.0002983876142973081 0.0
1538 0.00029356719074861244 0.0
1539 0.0002887467671999172 0.0
1540 0.00028392634365122195 0.0
1541 0.00027910592010252627 0.0
1542 0.000274285496553831 0.0
1543 0.00026946507300513534 0.0
1544 0.0002646446494564401 0.0
1545 0.00025982422590774485 0.0
1546 0.00025500380235904917 0.0
1547 0.0002501833788103535 0.0
1548 0.00024536295526165824 0.0
1549 0.000240542531712963 0.0
1550 0.00023572210816426731 0.0
1551 0.00023090168461557163 0.0
1552 0.00022608126106687595 0.0
1553 0.0002212608375181807 0.0
1554 0.00021644041396948546 0.0
1555 0.00021161999042078978 0.0
1556 0.0002067995668720941 0.0
1557 0.00020197914332339842 0.0
1558 0.00019715871977470318 0.0
1559 0.00019233829622600793 0.0
1560 0.00018751787267731225 0.0
1561 0.000182697449128617 0.0
1562 0.00017787702557992176 0.0
1563 0.0001730566020312265 0.0
1564 0.00016823617848253083 0.0
1565 0.00016341575493383515 0.0
1566 0.00015859533138513947 0.0
1567 0.00015377490783644423 0.0
1568 0.00014895448428774898 0.0
1569 0.0001441340607390533 0.0
1570 0.00013931363719035762 0.0
1571 0.00013449321364166194 0.0
1572 0.0001296727900929667 0.0
1573 0.00012485236654427145 0.0
1574 0.00012003194299557577 0.0
1575 0.00011521151944688009 0.0
1576 0.00011039109589818484 0.0
1577 0.0001055706723494896 0.0
1578 0.00010075024880079391 0.0
1579 9.592982525209823e-05 0.0
1580 9.110940170340299e-05 0.0
1581 8.628897815470774e-05 0.0
1582 8.14685546060125e-05 0.0
1583 7.664813105731682e-05 0.0
1584 7.182770750862114e-05 0.0
1585 6.700728395992546e-05 0.0
1586 6.218686041123021e-05 0.0
1587 5.7366436862534963e-05 0.0
1588 5.2546013313839283e-05 0.0
1589 4.7725589765143604e-05 0.0
1590 4.290516621644836e-05 0.0
1591 3.808474266775268e-05 0.0
1592 3.326431911905743e-05 0.0
1593 2.844389557036175e-05 0.0
1594 2.362347202166607e-05 0.0
1595 1.8803048472971042e-05 0.0
1596 1.3982624924275796e-05 0.0
1597 9.162201375580116e-06 0.0
1598 4.341777826884436e-06 0.0
1599 -4.786457218112442e-07 0.0
1600 -5.2990692705064905e-06 0.0
1601 -1.0119492819201737e-05 0.0
1602 -1.4939916367897417e-05 0.0
1603 -1.9760339916593097e-05 0.0
1604 -2.4580763465288343e-05 0.0
1605 -2.9401187013983806e-05 0.0
1606 -3.422161056267905e-05 0.0
1607 -3.904203411137473e-05 0.0
1608 -4.386245766006998e-05 0.0
1609 -4.868288120876566e-05 0.0
1610 -5.350330475746134e-05 0.0
1611 -5.8323728306156584e-05 0.0
1612 -6.314415185485226e-05 0.0
1613 -6.796457540354751e-05 0.0
1614 -7.278499895224319e-05 0.0
1615 -7.760542250093822e-05 0.0
1616 -8.24258460496339e-05 0.0
1617 -8.724626959832958e-05 0.0
1618 -9.206669314702483e-05 0.0
1619 -9.68871166957205e-05 0.0
1620 -0.00010170754024441575 0.0
1621 -0.00010652796379311143 0.0
1622 -0.00011134838734180668 0.0
1623 -0.00011616881089050236 0.0
1624 -0.00012098923443919782 0.0
1625 -0.00012580965798789307 0.0
1626 -0.00013063008153658875 0.0
1627 -0.000135450505085284 0.0
1628 -0.00014027092863397967 0.0
1629 -0.00014509135218267535 0.0
1630 -0.0001499117757313706 0.0
1631 -0.00015473219928006628 0.0
1632 -0.00015955262282876153 0.0
1633 -0.0001643730463774572 0.0
1634 -0.00016919346992615224 0.0
1635 -0.00017401389347484792 0.0
1636 -0.0001788343170235436 0.0
1637 -0.00018365474057223884 0.0
1638 -0.00018847516412093452 0.0
1639 -0.00019329558766962977 0.0
1640 -0.00019811601121832545 0.0
1641 -0.0002029364347670207 0.0
1642 -0.00020775685831571637 0.0
1643 -0.00021257728186441205 0.0
1644 -0.00021739770541310708 0.0
1645 -0.00022221812896180276 0.0
1646 -0.000227038552510498 0.0
1647 -0.0002318589760591937 0.0
1648 -0.00023667939960788894 0.0
1649 -0.00024149982315658462 0.0
1650 -0.0002463202467052803 0.0
1651 -0.00025114067025397554 0.0
1652 -0.0002559610938026712 0.0
1653 -0.00026078151735136647 0.0
1654 -0.00026560194090006193 0.0
1655 -0.0002704223644487572 0.0
1656 -0.00027524278799745286 0.0
1657 -0.00028006321154614854 0.0
1658 -0.0002848836350948438 0.0
1659 -0.00028970405864353946 0.0
1660 -0.0002945244821922347 0.0
1661 -0.0002993449057409304 0.0
1662 -0.00030416532928962564 0.0
1663 -0.0003089857528383211 0.0
1664 -0.0003138061763870168 0.0
1665 -0.000318626599935712 0.0
1666 -0.0003234470234844077 0.0
1667 -0.00032826744703310295 0.0
1668 -0.00033308787058179863 0.0
1669 -0.0003379082941304939 0.0
1670 -0.00034272871767918956 0.0
1671 -0.00034754914122788524 0.0
1672 -0.0003523695647765805 0.0
1673 -0.00035718998832527595 0.0
1674 -0.0003620104118739712 0.0
1675 -0.0003668308354226669 0.0
1676 -0.0003716512589713621 0.0
1677 -0.0003764716825200578 0.0
1678 -0.0003812921060687535 0.0
1679 -0.0003861125296174487 0.0
1680 -0.0003909329531661444 0.0
1681 -0.00039575337671483965 0.0
1682 -0.00040057380026353533 0.0
1683 -0.00040539422381223036 0.0
1684 -0.00041021464736092604 0.0
1685 -0.0004150350709096217 0.0
1686 -0.00041985549445831697 0.0
1687 -0.00042467591800701265 0.0
1688 -0.0004294963415557079 0.0
1689 -0.0004343167651044036 0.0
1690 -0.0004391371886530988 0.0
1691 -0.0004439576122017945 0.0
1692 -0.00044877803575048996 0.0
1693 -0.0004535984592991852 0.0
1694 -0.0004584188828478809 0.0
1695 -0.00046323930639657613 0.0
1696 -0.0004680597299452718 0.0
1697 -0.00047288015349396706 0.0
1698 -0.00047770057704266274 0.0
1699 -0.0004825210005913584 0.0
1700 -0.00048734142414005367 0.0
1701 -0.0004921618476887493 0.0
1702 -0.0004969822712374444 0.0
1703 -0.0005018026947861401 0.0
1704 -0.0005066231183348353 0.0
1705 -0.000511443541883531 0.0
1706 -0.0005162639654322267 0.0
1707 -0.0005210843889809219 0.0
1708 -0.0005259048125296176 0.0
1709 -0.0005307252360783128 0.0
1710 -0.0005355456596270085 0.0
1711 -0.0005403660831757038 0.0
1712 -0.0005451865067243992 0.0
1713 -0.0005500069302730949 0.0
1714 -0.0005548273538217902 0.0
1715 -0.0005596477773704858 0.0
1716 -0.0005644682009191811 0.0
1717 -0.0005692886244678768 0.0
1718 -0.000574109048016572 0.0
1719 -0.0005789294715652677 0.0
1720 -0.0005837498951139634 0.0
1721 -0.0005885703186626586 0.0
1722 -0.0005933907422113541 0.0
1723 -0.0005982111657600493 0.0
1724 -0.000603031589308745 0.0
1725 -0.0006078520128574402 0.0
1726 -0.0006126724364061359 0.0
1727 -0.0006174928599548316 0.0
1728 -0.0006223132835035269 0.0
1729 -0.0006271337070522225 0.0
1730 -0.0006319541306009178 0.0
1731 -0.0006367745541496132 0.0
1732 -0.0006415949776983085 0.0
1733 -0.0006464154012470042 0.0
1734 -0.0006512358247956998 0.0
1735 -0.0006560562483443951 0.0
1736 -0.0006608766718930908 0.0
1737 -0.000665697095441786 0.0
1738 -0.0006705175189904817 0.0
1739 -0.0006753379425391769 0.0
1740 -0.0006801583660878726 0.0
1741 -0.0006849787896365681 0.0
1742 -0.0006897992131852633 0.0
1743 -0.000694619636733959 0.0
1744 -0.0006994400602826543 0.0
1745 -0.0007042604838313499 0.0
1746 -0.0007090809073800452 0.0
1747 -0.0007139013309287409 0.0
1748 -0.0007187217544774365 0.0
1749 -0.0007235421780261318 0.0
1750 -0.0007283626015748275 0.0
1751 -0.0007331830251235225 0.0
1752 -0.0007380034486722182 0.0
1753 -0.0007428238722209134 0.0
1754 -0.0007476442957696091 0.0
1755 -0.0007524647193183048 0.0
1756 -0.000757285142867 0.0
1757 -0.0007621055664156957 0.0
1758 -0.000766925989964391 0.0
1759 -0.0007717464135130866 0.0
1760 -0.0007765668370617819 0.0
1761 -0.0007813872606104773 0.0
1762 -0.000786207684159173 0.0
1763 -0.0007910281077078683 0.0
1764 -0.000795848531256564 0.0
1765 -0.0008006689548052592 0.0
1766 -0.0008054893783539549 0.0
1767 -0.0008103098019026501 0.0
1768 -0.0008151302254513458 0.0
1769 -0.0008199506490000415 0.0
1770 -0.0008247710725487367 0.0
1771 -0.0008295914960974322 0.0
1772 -0.0008344119196461274 0.0
1773 -0.0008392323431948231 0.0
1774 -0.0008440527667435184 0.0
1775 -0.000848873190292214 0.0
1776 -0.0008536936138409097 0.0
1777 -0.000858514037389605 0.0
1778 -0.0008633344609383007 0.0
1779 -0.0008681548844869959 0.0
1780 -0.0008729753080356914 0.0
1781 -0.0008777957315843866 0.0
1782 -0.0008826161551330823 0.0
1783 -0.000887436578681778 0.0
1784 -0.0008922570022304732 0.0
1785 -0.0008970774257791689 0.0
1786 -0.0009018978493278641 0.0
1787 -0.0009067182728765598 0.0
1788 -0.0009115386964252551 0.0
1789 -0.0009163591199739507 0.0
1790 -0.0009211795435226462 0.0
1791 -0.0009259999670713415 0.0
1792 -0.0009308203906200371 0.0
1793 -0.0009356408141687324 0.0
1794 -0.0009404612377174281 0.0
1795 -0.0009452816612661233 0.0
1796 -0.000950102084814819 0.0
1797 -0.0009549225083635146 0.0
1798 -0.0009597429319122098 0.0
1799 -0.0009645633554609055 0.0
1800 -0.0009693837790096007 0.0
1801 -0.0009742042025582964 0.0
1802 -0.000979024626106992 0.0
1803 -0.0009838450496556872 0.0
1804 -0.000988665473204383 0.0
1805 -0.0009934858967530782 0.0
1806 -0.0009983063203017738 0.0
1807 -0.001003126743850469 0.0
1808 -0.0010079471673991648 0.0
1809 -0.0010127675909478604 0.0
1810 -0.0010175880144965557 0.0
1811 -0.0010224084380452514 0.0
1812 -0.0010272288615939464 0.0
1813 -0.001032049285142642 0.0
1814 -0.0010368697086913373 0.0
1815 -0.001041690132240033 0.0
1816 -0.0010465105557887287 0.0
1817 -0.0010513309793374237 0.0
1818 -0.0010561514028861194 0.0
1819 -0.0010609718264348146 0.0
1820 -0.0010657922499835103 0.0
1821 -0.0010706126735322056 0.0
1822 -0.0010754330970809012 0.0
1823 -0.001080253520629597 0.0
1824 -0.0010850739441782922 0.0
1825 -0.0010898943677269879 0.0
1826 -0.001094714791275683 0.0
1827 -0.0010995352148243788 0.0
1828 -0.001104355638373074 0.0
1829 -0.0011091760619217697 0.0
1830 -0.0011139964854704654 0.0
1831 -0.0011188169090191604 0.0
1832 -0.001123637332567856 0.0
1833 -0.0011284577561165513 0.0
1834 -0.001133278179665247 0.0
1835 -0.0011380986032139423 0.0
1836 -0.0011429190267626377 0.0
1837 -0.0011477394503113334 0.0
1838 -0.0011525598738600287 0.0
1839 -0.0011573802974087243 0.0
1840 -0.0011622007209574196 0.0
1841 -0.0011670211445061153 0.0
1842 -0.0011718415680548105 0.0
1843 -0.0011766619916035062 0.0
1844 -0.0011814824151522019 0.0
1845 -0.0011863028387008971 0.0
1846 -0.0011911232622495928 0.0
1847 -0.001195943685798288 0.0
1848 -0.0012007641093469837 0.0
1849 -0.001205584532895679 0.0
1850 -0.0012104049564443746 0.0
1851 -0.0012152253799930701 0.0
1852 -0.0012200458035417654 0.0
1853 -0.001224866227090461 0.0
1854 -0.0012296866506391563 0.0
1855 -0.001234507074187852 0.0
1856 -0.001239327497736547 0.0
1857 -0.0012441479212852427 0.0
1858 -0.0012489683448339384 0.0
1859 -0.0012537887683826336 0.0
1860 -0.0012586091919313293 0.0
1861 -0.0012634296154800245 0.0
1862 -0.0012682500390287202 0.0
1863 -0.0012730704625774155 0.0
1864 -0.0012778908861261111 0.0
1865 -0.0012827113096748068 0.0
1866 -0.001287531733223502 0.0
1867 -0.0012923521567721977 0.0
1868 -0.001297172580320893 0.0
1869 -0.0013019930038695887 0.0
1870 -0.0013068134274182837 0.0
1871 -0.0013116338509669794 0.0
1872 -0.001316454274515675 0.0
1873 -0.0013212746980643703 0.0
1874 -0.001326095121613066 0.0
1875 -0.001330915545161761 0.0
1876 -0.0013357359687104567 0.0
1877 -0.001340556392259152 0.0
1878 -0.0013453768158078476 0.0
1879 -0.0013501972393565433 0.0
1880 -0.0013550176629052385 0.0
1881 -0.0013598380864539342 0.0
1882 -0.0013646585100026295 0.0
1883 -0.0013694789335513251 0.0
1884 -0.0013742993571000204 0.0
1885 -0.001379119780648716 0.0
1886 -0.0013839402041974118 0.0
1887 -0.001388760627746107 0.0
1888 -0.0013935810512948027 0.0
1889 -0.001398401474843498 0.0
1890 -0.0014032218983921934 0.0
1891 -0.0014080423219408886 0.0
1892 -0.0014128627454895843 0.0
1893 -0.00141768316903828 0.0
1894 -0.0014225035925869752 0.0
1895 -0.0014273240161356707 0.0
1896 -0.001432144439684366 0.0
1897 -0.0014369648632330616 0.0
1898 -0.0014417852867817569 0.0
1899 -0.0014466057103304526 0.0
1900 -0.0014514261338791482 0.0
1901 -0.0014562465574278435 0.0
1902 -0.0014610669809765392 0.0
1903 -0.0014658874045252344 0.0
1904 -0.00147070782807393 0.0
1905 -0.0014755282516226253 0.0
1906 -0.001480348675171321 0.0
1907 -0.0014851690987200167 0.0
1908 -0.0014899895222687117 0.0
1909 -0.0014948099458174074 0.0
1910 -0.0014996303693661027 0.0
1911 -0.0015044507929147983 0.0
1912 -0.0015092712164634936 0.0
1913 -0.0015140916400121893 0.0
1914 -0.001518912063560885 0.0
1915 -0.00152373248710958 0.0
1916 -0.0015285529106582756 0.0
1917 -0.001533373334206971 0.0
1918 -0.0015381937577556666 0.0
1919 -0.0015430141813043618 0.0
1920 -0.0015478346048530575 0.0
1921 -0.0015526550284017532 0.0
1922 -0.0015574754519504484 0.0
1923 -0.001562295875499144 0.0
1924 -0.0015671162990478394 0.0
1925 -0.001571936722596535 0.0
1926 -0.0015767571461452303 0.0
1927 -0.001581577569693926 0.0
1928 -0.0015863979932426214 0.0
1929 -0.0015912184167913167 0.0
1930 -0.0015960388403400123 0.0
1931 -0.0016008592638887076 0.0
1932 -0.0016056796874374033 0.0
1933 -0.0016105001109860985 0.0
1934 -0.0016153205345347942 0.0
1935 -0.0016201409580834897 0.0
1936 -0.001624961381632185 0.0
1937 -0.0016297818051808806 0.0
1938 -0.0016346022287295758 0.0
1939 -0.0016394226522782715 0.0
1940 -0.0016442430758269668 0.0
1941 -0.0016490634993756624 0.0
1942 -0.0016538839229243581 0.0
1943 -0.0016587043464730534 0.0
1944 -0.001663524770021749 0.0
1945 -0.0016683451935704443 0.0
1946 -0.00167316561711914 0.0
1947 -0.001677986040667835 0.0
1948 -0.0016828064642165307 0.0
1949 -0.0016876268877652264 0.0
1950 -0.0016924473113139216 0.0
1951 -0.0016972677348626173 0.0
1952 -0.0017020881584113125 0.0
1953 -0.0017069085819600082 0.0
1954 -0.0017117290055087035 0.0
1955 -0.001716549429057399 0.0
1956 -0.0017213698526060946 0.0
1957 -0.0017261902761547899 0.0
1958 -0.0017310106997034855 0.0
1959 -0.0017358311232521808 0.0
1960 -0.0017406515468008765 0.0
1961 -0.0017454719703495717 0.0
1962 -0.0017502923938982674 0.0
1963 -0.001755112817446963 0.0
1964 -0.0017599332409956583 0.0
1965 -0.001764753664544354 0.0
1966 -0.001769574088093049 0.0
1967 -0.0017743945116417447 0.0
1968 -0.0017792149351904404 0.0
1969 -0.0017840353587391356 0.0
1970 -0.0017888557822878313 0.0
1971 -0.0017936762058365266 0.0
1972 -0.0017984966293852222 0.0
1973 -0.0018033170529339175 0.0
1974 -0.0018081374764826132 0.0
1975 -0.0018129579000313086 0.0
1976 -0.0018177783235800039 0.0
1977 -0.0018225987471286995 0.0
1978 -0.0018274191706773948 0.0
1979 -0.0018322395942260905 0.0
1980 -0.0018370600177747857 0.0
1981 -0.0018418804413234814 0.0
1982 -0.001846700864872177 0.0
1983 -0.0018515212884208723 0.0
1984 -0.001856341711969568 0.0
1985 -0.001861162135518263 0.0
1986 -0.0018659825590669587 0.0
1987 -0.001870802982615654 0.0
1988 -0.0018756234061643496 0.0
1989 -0.0018804438297130453 0.0
1990 -0.0018852642532617406 0.0
1991 -0.0018900846768104362 0.0
1992 -0.0018949051003591315 0.0
1993 -0.0018997255239078272 0.0
1994 -0.0019045459474565224 0.0
1995 -0.0019093663710052179 0.0
1996 -0.0019141867945539136 0.0
1997 -0.0019190072181026088 0.0
1998 -0.0019238276416513045 0.0
1999 -0.0019286480651999997 0.0
2000 -0.0019286480651999997 0.0
2001 -0.0019286480651999997 0.0
2002 -0.0019286480651999997 0.0
2003 -0.0019286480651999997 0.0
2004 -0.0019286480651999997 0.0
2005 -0.0019286480651999997 0.0
2006 -0.0019286480651999997 0.0
2007 -0.0019286480651999997 0.0
2008 -0.0019286480651999997 0.0
2009 -0.0019286480651999997 0.0
2010 -0.0019286480651999997 0.0
2011 -0.0019286480651999997 0.0
2012 -0.0019286480651999997 0.0
2013 -0.0019286480651999997 0.0
2014 -0.0019286480651999997 0.0
2015 -0.0019286480651999997 0.0
2016 -0.0019286480651999997 0.0
2017 -0.0019286480651999997 0.0
2018 -0.0019286480651999997 0.0
2019 -0.0019286480651999997 0.0
2020 -0.0019286480651999997 0.0
2021 -0.0019286480651999997 0.0
2022 -0.0019286480651999997 0.0
2023 -0.0019286480651999997 0.0
2024 -0.0019286480651999997 0.0
2025 -0.0019286480651999997 0.0
2026 -0.0019286480651999997 0.0
2027 -0.0019286480651999997 0.0
2028 -0.0019286480651999997 0.0
2029 -0.0019286480651999997 0.0
2030 -0.0019286480651999997 0.0
2031 -0.0019286480651999997 0.0
2032 -0.0019286480651999997 0.0
2033 -0.0019286480651999997 0.0
2034 -0.0019286480651999997 0.0
2035 -0.0019286480651999997 0.0
2036 -0.0019286480651999997 0.0
2037 -0.0019286480651999997 0.0
2038 -0.0019286480651999997 0.0
2039 -0.0019286480651999997 0.0
2040 -0.0019286480651999997 0.0
2041 -0.0019286480651999997 0.0
2042 -0.0019286480651999997 0.0
2043 -0.0019286480651999997 0.0
2044 -0.0019286480651999997 0.0
2045 -0.0019286480651999997 0.0
2046 -0.0019286480651999997 0.0
2047 -0.0019286480651999997 0.0
2048 -0.0019286480651999997 0.0
2049 -0.0019286480651999997 0.0
2050 -0.0019286480651999997 0.0
2051 -0.0019286480651999997 0.0
2052 -0.0019286480651999997 0.0
2053 -0.0019286480651999997 0.0
2054 -0.0019286480651999997 0.0
2055 -0.0019286480651999997 0.0
2056 -0.0019286480651999997 0.0
2057 -0.0019286480651999997 0.0
2058 -0.0019286480651999997 0.0
2059 -0.0019286480651999997 0.0
2060 -0.0019286480651999997 0.0
2061 -0.0019286480651999997 0.0
2062 -0.0019286480651999997 0.0
2063 -0.0019286480651999997 0.0
2064 -0.0019286480651999997 0.0
2065 -0.0019286480651999997 0.0
2066 -0.0019286480651999997 0.0
2067 -0.0019286480651999997 0.0
2068 -0.0019286480651999997 0.0
2069 -0.0019286480651999997 0.0
2070 -0.0019286480651999997 0.0
2071 -0.0019286480651999997 0.0
2072 -0.0019286480651999997 0.0
2073 -0.0019286480651999997 0.0
2074 -0.0019286480651999997 0.0
2075 -0.0019286480651999997 0.0
2076 -0.0019286480651999997 0.0
2077 -0.0019286480651999997 0.0
2078 -0.0019286480651999997 0.0
2079 -0.0019286480651999997 0.0
2080 -0.0019286480651999997 0.0
2081 -0.0019286480651999997 0.0
2082 -0.0019286480651999997 0.0
2083 -0.0019286480651999997 0.0
2084 -0.0019286480651999997 0.0
2085 -0.0019286480651999997 0.0
2086 -0.0019286480651999997 0.0
2087 -0.0019286480651999997 0.0
2088 -0.0019286480651999997 0.0
2089 -0.0019286480651999997 0.0
2090 -0.0019286480651999997 0.0
2091 -0.0019286480651999997 0.0
2092 -0.0019286480651999997 0.0
2093 -0.0019286480651999997 0.0
2094 -0.0019286480651999997 0.0
2095 -0.0019286480651999997 0.0
2096 -0.0019286480651999997 0.0
2097 -0.0019286480651999997 0.0
2098 -0.0019286480651999997 0.0
2099 -0.0019286480651999997 0.0
2100 -0.0019286480651999997 0.0
2101 -0.0019286480651999997 0.0
2102 -0.0019286480651999997 0.0
2103 -0.0019286480651999997 0.0
2104 -0.0019286480651999997 0.0
2105 -0.0019286480651999997 0.0
2106 -0.0019286480651999997 0.0
2107 -0.0019286480651999997 0.0
2108 -0.0019286480651999997 0.0
2109 -0.0019286480651999997 0.0
2110 -0.0019286480651999997 0.0
2111 -0.0019286480651999997 0.0
2112 -0.0019286480651999997 0.0
2113 -0.0019286480651999997 0.0
2114 -0.0019286480651999997 0.0
2115 -0.0019286480651999997 0.0
2116 -0.0019286480651999997 0.0
2117 -0.0019286480651999997 0.0
2118 -0.0019286480651999997 0.0
2119 -0.0019286480651999997 0.0
2120 -0.0019286480651999997 0.0
2121 -0.0019286480651999997 0.0
2122 -0.0019286480651999997 0.0
2123 -0.0019286480651999997 0.0
2124 -0.0019286480651999997 0.0
2125 -0.0019286480651999997 0.0
2126 -0.0019286480651999997 0.0
2127 -0.0019286480651999997 0.0
2128 -0.0019286480651999997 0.0
2129 -0.0019286480651999997 0.0
2130 -0.0019286480651999997 0.0
2131 -0.0019286480651999997 0.0
2132 -0.0019286480651999997 0.0
2133 -0.0019286480651999997 0.0
2134 -0.0019286480651999997 0.0
2135 -0.0019286480651999997 0.0
2136 -0.0019286480651999997 0.0
2137 -0.0019286480651999997 0.0
2138 -0.0019286480651999997 0.0
2139 -0.0019286480651999997 0.0
2140 -0.0019286480651999997 0.0
2141 -0.0019286480651999997 0.0
2142 -0.0019286480651999997 0.0
2143 -0.0019286480651999997 0.0
2144 -0.0019286480651999997 0.0
2145 -0.0019286480651999997 0.0
2146 -0.0019286480651999997 0.0
2147 -0.0019286480651999997 0.0
2148 -0.0019286480651999997 0.0
2149 -0.0019286480651999997 0.0
2150 -0.0019286480651999997 0.0
2151 -0.0019286480651999997 0.0
2152 -0.0019286480651999997 0.0
2153 -0.0019286480651999997 0.0
2154 -0.0019286480651999997 0.0
2155 -0.0019286480651999997 0.0
2156 -0.0019286480651999997 0.0
2157 -0.0019286480651999997 0.0
2158 -0.0019286480651999997 0.0
2159 -0.0019286480651999997 0.0
2160 -0.0019286480651999997 0.0
2161 -0.0019286480651999997 0.0
2162 -0.0019286480651999997 0.0
2163 -0.0019286480651999997 0.0
2164 -0.0019286480651999997 0.0
2165 -0.0019286480651999997 0.0
2166 -0.0019286480651999997 0.0
2167 -0.0019286480651999997 0.0
2168 -0.0019286480651999997 0.0
2169 -0.0019286480651999997 0.0
2170 -0.0019286480651999997 0.0
2171 -0.0019286480651999997 0.0
2172 -0.0019286480651999997 0.0
2173 -0.0019286480651999997 0.0
2174 -0.0019286480651999997 0.0
2175 -0.0019286480651999997 0.0
2176 -0.0019286480651999997 0.0
2177 -0.0019286480651999997 0.0
2178 -0.0019286480651999997 0.0
2179 -0.0019286480651999997 0.0
2180 -0.0019286480651999997 0.0
2181 -0.0019286480651999997 0.0
2182 -0.0019286480651999997 0.0
2183 -0.0019286480651999997 0.0
2184 -0.0019286480651999997 0.0
2185 -0.0019286480651999997 0.0
2186 -0.0019286480651999997 0.0
2187 -0.0019286480651999997 0.0
2188 -0.0019286480651999997 0.0
2189 -0.0019286480651999997 0.0
2190 -0.0019286480651999997 0.0
2191 -0.0019286480651999997 0.0
2192 -0.0019286480651999997 0.0
2193 -0.0019286480651999997 0.0
2194 -0.0019286480651999997 0.0
2195 -0.0019286480651999997 0.0
2196 -0.0019286480651999997 0.0
2197 -0.0019286480651999997 0.0
2198 -0.0019286480651999997 0.0
2199 -0.0019286480651999997 0.0