2200 0.000002100546602 1.0
2
0 -0.0019286480651999997 0.0
1 -0.0019286480651999997 0.0
2 -0.0019286480651999997 0.0
3 -0.0019286480651999997 0.0
4 -0.0019286480651999997 0.0
5 -0.0019286480651999997 0.0
6 -0.0019286480651999997 0.0
7 -0.0019286480651999997 0.0
8 -0.0019286480651999997 0.0
9 -0.0019286480651999997 0.0
10 -0.0019286480651999997 0.0
11 -0.0019286480651999997 0.0
12 -0.0019286480651999997 0.0
13 -0.0019286480651999997 0.0
14 -0.0019286480651999997 0.0
15 -0.0019286480651999997 0.0
16 -0.0019286480651999997 0.0
17 -0.0019286480651999997 0.0
18 -0.0019286480651999997 0.0
19 -0.0019286480651999997 0.0
20 -0.0019286480651999997 0.0
21 -0.0019286480651999997 0.0
22 -0.0019286480651999997 0.0
23 -0.0019286480651999997 0.0
24 -0.0019286480651999997 0.0
25 -0.0019286480651999997 0.0
26 -0.0019286480651999997 0.0
27 -0.0019286480651999997 0.0
28 -0.0019286480651999997 0.0
29 -0.0019286480651999997 0.0
30 -0.0019286480651999997 0.0
31 -0.0019286480651999997 0.0
32 -0.0019286480651999997 0.0
33 -0.0019286480651999997 0.0
34 -0.0019286480651999997 0.0
35 -0.0019286480651999997 0.0
36 -0.0019286480651999997 0.0
37 -0.0019286480651999997 0.0
38 -0.0019286480651999997 0.0
39 -0.0019286480651999997 0.0
40 -0.0019286480651999997 0.0
41 -0.0019286480651999997 0.0
42 -0.0019286480651999997 0.0
43 -0.0019286480651999997 0.0
44 -0.0019286480651999997 0.0
45 -0.0019286480651999997 0.0
46 -0.0019286480651999997 0.0
47 -0.0019286480651999997 0.0
48 -0.0019286480651999997 0.0
49 -0.0019286480651999997 0.0
50 -0.0019286480651999997 0.0
51 -0.0019286480651999997 0.0
52 -0.0019286480651999997 0.0
53 -0.0019286480651999997 0.0
54 -0.0019286480651999997 0.0
55 -0.0019286480651999997 0.0
56 -0.0019286480651999997 0.0
57 -0.0019286480651999997 0.0
58 -0.0019286480651999997 0.0
59 -0.0019286480651999997 0.0
60 -0.0019286480651999997 0.0
61 -0.0019286480651999997 0.0
62 -0.0019286480651999997 0.0
63 -0.0019286480651999997 0.0
64 -0.0019286480651999997 0.0
65 -0.0019286480651999997 0.0
66 -0.0019286480651999997 0.0
67 -0.0019286480651999997 0.0
68 -0.0019286480651999997 0.0
69 -0.0019286480651999997 0.0
70 -0.0019286480651999997 0.0
71 -0.0019286480651999997 0.0
72 -0.0019286480651999997 0.0
73 -0.0019286480651999997 0.0
74 -0.0019286480651999997 0.0
75 -0.0019286480651999997 0.0
76 -0.0019286480651999997 0.0
77 -0.0019286480651999997 0.0
78 -0.0019286480651999997 0.0
79 -0.0019286480651999997 0.0
80 -0.0019286480651999997 0.0
81 -0.0019286480651999997 0.0
82 -0.0019286480651999997 0.0
83 -0.0019286480651999997 0.0
84 -0.0019286480651999997 0.0
85 -0.0019286480651999997 0.0
86 -0.0019286480651999997 0.0
87 -0.0019286480651999997 0.0
88 -0.0019286480651999997 0.0
89 -0.0019286480651999997 0.0
90 -0.0019286480651999997 0.0
91 -0.0019286480651999997 0.0
92 -0.0019286480651999997 0.0
93 -0.0019286480651999997 0.0
94 -0.0019286480651999997 0.0
95 -0.0019286480651999997 0.0
96 -0.0019286480651999997 0.0
97 -0.0019286480651999997 0.0
98 -0.0019286480651999997 0.0
99 -0.0019286480651999997 0.0
100 -0.0019286480651999997 0.0
101 -0.0019286480651999997 0.0
102 -0.0019286480651999997 0.0
103 -0.0019286480651999997 0.0
104 -0.0019286480651999997 0.0
105 -0.0019286480651999997 0.0
106 -0.0019286480651999997 0.0
107 -0.0019286480651999997 0.0
108 -0.0019286480651999997 0.0
109 -0.0019286480651999997 0.0
110 -0.0019286480651999997 0.0
111 -0.0019286480651999997 0.0
112 -0.0019286480651999997 0.0
113 -0.0019286480651999997 0.0
114 -0.0019286480651999997 0.0
115 -0.0019286480651999997 0.0
116 -0.0019286480651999997 0.0
117 -0.0019286480651999997 0.0
118 -0.0019286480651999997 0.0
119 -0.0019286480651999997 0.0
120 -0.0019286480651999997 0.0
121 -0.0019286480651999997 0.0
122 -0.0019286480651999997 0.0
123 -0.0019286480651999997 0.0
124 -0.0019286480651999997 0.0
125 -0.0019286480651999997 0.0
126 -0.0019286480651999997 0.0
127 -0.0019286480651999997 0.0
128 -0.0019286480651999997 0.0
129 -0.0019286480651999997 0.0
130 -0.0019286480651999997 0.0
131 -0.0019286480651999997 0.0
132 -0.0019286480651999997 0.0
133 -0.0019286480651999997 0.0
134 -0.0019286480651999997 0.0
135 -0.0019286480651999997 0.0
136 -0.0019286480651999997 0.0
137 -0.0019286480651999997 0.0
138 -0.0019286480651999997 0.0
139 -0.0019286480651999997 0.0
140 -0.0019286480651999997 0.0
141 -0.0019286480651999997 0.0
142 -0.0019286480651999997 0.0
143 -0.0019286480651999997 0.0
144 -0.0019286480651999997 0.0
145 -0.0019286480651999997 0.0
146 -0.0019286480651999997 0.0
147 -0.0019286480651999997 0.0
148 -0.0019286480651999997 0.0
149 -0.0019286480651999997 0.0
150 -0.0019286480651999997 0.0
151 -0.0019286480651999997 0.0
152 -0.0019286480651999997 0.0
153 -0.0019286480651999997 0.0
154 -0.0019286480651999997 0.0
155 -0.0019286480651999997 0.0
156 -0.0019286480651999997 0.0
157 -0.0019286480651999997 0.0
158 -0.0019286480651999997 0.0
159 -0.0019286480651999997 0.0
160 -0.0019286480651999997 0.0
161 -0.0019286480651999997 0.0
162 -0.0019286480651999997 0.0
163 -0.0019286480651999997 0.0
164 -0.0019286480651999997 0.0
165 -0.0019286480651999997 0.0
166 -0.0019286480651999997 0.0
167 -0.0019286480651999997 0.0
168 -0.0019286480651999997 0.0
169 -0.0019286480651999997 0.0
170 -0.0019286480651999997 0.0
171 -0.0019286480651999997 0.0
172 -0.0019286480651999997 0.0
173 -0.0019286480651999997 0.0
174 -0.0019286480651999997 0.0
175 -0.0019286480651999997 0.0
176 -0.0019286480651999997 0.0
177 -0.0019286480651999997 0.0
178 -0.0019286480651999997 0.0
179 -0.0019286480651999997 0.0
180 -0.0019286480651999997 0.0
181 -0.0019286480651999997 0.0
182 -0.0019286480651999997 0.0
183 -0.0019286480651999997 0.0
184 -0.0019286480651999997 0.0
185 -0.0019286480651999997 0.0
186 -0.0019286480651999997 0.0
187 -0.0019286480651999997 0.0
188 -0.0019286480651999997 0.0
189 -0.0019286480651999997 0.0
190 -0.0019286480651999997 0.0
191 -0.0019286480651999997 0.0
192 -0.0019286480651999997 0.0
193 -0.0019286480651999997 0.0
194 -0.0019286480651999997 0.0
195 -0.0019286480651999997 0.0
196 -0.0019286480651999997 0.0
197 -0.0019286480651999997 0.0
198 -0.0019286480651999997 0.0
199 -0.0019286480651999997 0.0
200 -0.0019286480651999997 0.0
201 -0.0019340593333045035 0.0
202 -0.0019394706014090074 0.0
203 -0.0019448818695135112 0.0
204 -0.001950293137618015 0.0
205 -0.001955704405722519 0.0
206 -0.0019611156738270226 0.0
207 -0.0019665269419315264 0.0
208 -0.00197193821003603 0.0
209 -0.0019773494781405343 0.0
210 -0.001982760746245038 0.0
211 -0.001988172014349542 0.0
212 -0.0019935832824540456 0.0
213 -0.0019989945505585493 0.0
214 -0.002004405818663053 0.0
215 -0.0020098170867675572 0.0
216 -0.002015228354872061 0.0
217 -0.0020206396229765647 0.0
218 -0.0020260508910810685 0.0
219 -0.002031462159185572 0.0
220 -0.0020368734272900764 0.0
221 -0.00204228469539458 0.0
222 -0.002047695963499084 0.0
223 -0.0020531072316035876 0.0
224 -0.0020585184997080914 0.0
225 -0.002063929767812595 0.0
226 -0.0020693410359170993 0.0
227 -0.002074752304021603 0.0
228 -0.002080163572126107 0.0
229 -0.0020855748402306105 0.0
230 -0.0020909861083351143 0.0
231 -0.002096397376439618 0.0
232 -0.002101808644544122 0.0
233 -0.002107219912648626 0.0
234 -0.0021126311807531297 0.0
235 -0.0021180424488576335 0.0
236 -0.002123453716962137 0.0
237 -0.0021288649850666414 0.0
238 -0.002134276253171145 0.0
239 -0.002139687521275649 0.0
240 -0.0021450987893801526 0.0
241 -0.0021505100574846564 0.0
242 -0.00215592132558916 0.0
243 -0.0021613325936936643 0.0
244 -0.002166743861798168 0.0
245 -0.002172155129902672 0.0
246 -0.0021775663980071755 0.0
247 -0.0021829776661116793 0.0
248 -0.002188388934216183 0.0
249 -0.002193800202320687 0.0
250 -0.002199211470425191 0.0
251 -0.0022046227385296947 0.0
252 -0.0022100340066341984 0.0
253 -0.002215445274738702 0.0
254 -0.0022208565428432064 0.0
255 -0.00222626781094771 0.0
256 -0.002231679079052214 0.0
257 -0.0022370903471567176 0.0
258 -0.0022425016152612214 0.0
259 -0.002247912883365725 0.0
260 -0.0022533241514702293 0.0
261 -0.002258735419574733 0.0
262 -0.0022641466876792368 0.0
263 -0.0022695579557837405 0.0
264 -0.0022749692238882443 0.0
265 -0.002280380491992748 0.0
266 -0.002285791760097252 0.0
267 -0.002291203028201756 0.0
268 -0.0022966142963062597 0.0
269 -0.0023020255644107634 0.0
270 -0.002307436832515267 0.0
271 -0.0023128481006197714 0.0
272 -0.002318259368724275 0.0
273 -0.002323670636828779 0.0
274 -0.0023290819049332826 0.0
275 -0.0023344931730377863 0.0
276 -0.0023399044411422905 0.0
277 -0.0023453157092467943 0.0
278 -0.002350726977351298 0.0
279 -0.0023561382454558018 0.0
280 -0.0023615495135603055 0.0
281 -0.0023669607816648093 0.0
282 -0.002372372049769313 0.0
283 -0.002377783317873817 0.0
284 -0.002383194585978321 0.0
285 -0.0023886058540828247 0.0
286 -0.0023940171221873284 0.0
287 -0.002399428390291832 0.0
288 -0.0024048396583963363 0.0
289 -0.00241025092650084 0.0
290 -0.002415662194605344 0.0
291 -0.0024210734627098476 0.0
292 -0.0024264847308143513 0.0
293 -0.0024318959989188555 0.0
294 -0.002437307267023359 0.0
295 -0.002442718535127863 0.0
296 -0.0024481298032323667 0.0
297 -0.0024535410713368705 0.0
298 -0.0024589523394413742 0.0
299 -0.002464363607545878 0.0
300 -0.002469774875650382 0.0
301 -0.002475186143754886 0.0
302 -0.0024805974118593897 0.0
303 -0.0024860086799638934 0.0
304 -0.002491419948068397 0.0
305 -0.0024968312161729013 0.0
306 -0.002502242484277405 0.0
307 -0.002507653752381909 0.0
308 -0.0025130650204864126 0.0
309 -0.0025184762885909163 0.0
310 -0.0025238875566954205 0.0
311 -0.002529298824799924 0.0
312 -0.002534710092904428 0.0
313 -0.0025401213610089317 0.0
314 -0.0025455326291134355 0.0
315 -0.0025509438972179392 0.0
316 -0.0025563551653224434 0.0
317 -0.002561766433426947 0.0
318 -0.002567177701531451 0.0
319 -0.0025725889696359546 0.0
320 -0.0025780002377404584 0.0
321 -0.002583411505844962 0.0
322 -0.0025888227739494663 0.0
323 -0.00259423404205397 0.0
324 -0.002599645310158474 0.0
325 -0.0026050565782629776 0.0
326 -0.0026104678463674813 0.0
327 -0.0026158791144719855 0.0
328 -0.0026212903825764892 0.0
329 -0.002626701650680993 0.0
330 -0.0026321129187854967 0.0
331 -0.0026375241868900005 0.0
332 -0.002642935454994504 0.0
333 -0.002648346723099008 0.0
334 -0.002653757991203512 0.0
335 -0.002659169259308016 0.0
336 -0.0026645805274125196 0.0
337 -0.0026699917955170234 0.0
338 -0.002675403063621527 0.0
339 -0.0026808143317260313 0.0
340 -0.0026862255998305346 0.0
341 -0.002691636867935039 0.0
342 -0.0026970481360395425 0.0
343 -0.0027024594041440463 0.0
344 -0.0027078706722485505 0.0
345 -0.0027132819403530542 0.0
346 -0.002718693208457558 0.0
347 -0.0027241044765620617 0.0
348 -0.0027295157446665655 0.0
349 -0.002734927012771069 0.0
350 -0.002740338280875573 0.0
351 -0.002745749548980077 0.0
352 -0.002751160817084581 0.0
353 -0.0027565720851890846 0.0
354 -0.0027619833532935884 0.0
355 -0.002767394621398092 0.0
356 -0.0027728058895025963 0.0
357 -0.0027782171576071 0.0
358 -0.002783628425711604 0.0
359 -0.0027890396938161075 0.0
360 -0.0027944509619206113 0.0
361 -0.0027998622300251155 0.0
362 -0.002805273498129619 0.0
363 -0.002810684766234123 0.0
364 -0.0028160960343386267 0.0
365 -0.0028215073024431304 0.0
366 -0.002826918570547634 0.0
367 -0.002832329838652138 0.0
368 -0.002837741106756642 0.0
369 -0.002843152374861146 0.0
370 -0.0028485636429656496 0.0
371 -0.0028539749110701534 0.0
372 -0.002859386179174657 0.0
373 -0.0028647974472791613 0.0
374 -0.002870208715383665 0.0
375 -0.0028756199834881688 0.0
376 -0.0028810312515926725 0.0
377 -0.0028864425196971763 0.0
378 -0.00289185378780168 0.0
379 -0.002897265055906184 0.0
380 -0.002902676324010688 0.0
381 -0.0029080875921151917 0.0
382 -0.0029134988602196954 0.0
383 -0.0029189101283241996 0.0
384 -0.002924321396428703 0.0
385 -0.002929732664533207 0.0
386 -0.002935143932637711 0.0
387 -0.0029405552007422146 0.0
388 -0.0029459664688467183 0.0
389 -0.002951377736951222 0.0
390 -0.0029567890050557263 0.0
391 -0.0029622002731602296 0.0
392 -0.0029676115412647338 0.0
393 -0.0029730228093692375 0.0
394 -0.0029784340774737413 0.0
395 -0.0029838453455782454 0.0
396 -0.0029892566136827487 0.0
397 -0.002994667881787253 0.0
398 -0.0030000791498917567 0.0
399 -0.0030054904179962604 0.0
400 -0.0030109016861007646 0.0
401 -0.003016312954205268 0.0
402 -0.003021724222309772 0.0
403 -0.0030271354904142754 0.0
404 -0.0030325467585187796 0.0
405 -0.0030379580266232838 0.0
406 -0.003043369294727787 0.0
407 -0.0030487805628322913 0.0
408 -0.0030541918309367946 0.0
409 -0.0030596030990412987 0.0
410 -0.0030650143671458025 0.0
411 -0.0030704256352503062 0.0
412 -0.0030758369033548104 0.0
413 -0.003081248171459314 0.0
414 -0.003086659439563818 0.0
415 -0.0030920707076683217 0.0
416 -0.0030974819757728254 0.0
417 -0.003102893243877329 0.0
418 -0.0031083045119818333 0.0
419 -0.003113715780086337 0.0
420 -0.003119127048190841 0.0
421 -0.0031245383162953446 0.0
422 -0.0031299495843998483 0.0
423 -0.003135360852504352 0.0
424 -0.0031407721206088562 0.0
425 -0.00314618338871336 0.0
426 -0.0031515946568178637 0.0
427 -0.0031570059249223675 0.0
428 -0.0031624171930268712 0.0
429 -0.0031678284611313754 0.0
430 -0.0031732397292358787 0.0
431 -0.003178650997340383 0.0
432 -0.003184062265444887 0.0
433 -0.0031894735335493904 0.0
434 -0.0031948848016538946 0.0
435 -0.003200296069758398 0.0
436 -0.003205707337862902 0.0
437 -0.003211118605967406 0.0
438 -0.0032165298740719096 0.0
439 -0.0032219411421764137 0.0
440 -0.003227352410280917 0.0
441 -0.0032327636783854212 0.0
442 -0.003238174946489925 0.0
443 -0.0032435862145944287 0.0
444 -0.0032489974826989325 0.0
445 -0.003254408750803436 0.0
446 -0.0032598200189079404 0.0
447 -0.003265231287012444 0.0
448 -0.003270642555116948 0.0
449 -0.0032760538232214516 0.0
450 -0.0032814650913259554 0.0
451 -0.003286876359430459 0.0
452 -0.003292287627534963 0.0
453 -0.003297698895639467 0.0
454 -0.003303110163743971 0.0
455 -0.0033085214318484745 0.0
456 -0.0033139326999529787 0.0
457 -0.003319343968057482 0.0
458 -0.0033247552361619862 0.0
459 -0.0033301665042664895 0.0
460 -0.0033355777723709937 0.0
461 -0.003340989040475498 0.0
462 -0.003346400308580001 0.0
463 -0.0033518115766845054 0.0
464 -0.0033572228447890087 0.0
465 -0.003362634112893513 0.0
466 -0.0033680453809980166 0.0
467 -0.0033734566491025204 0.0
468 -0.0033788679172070245 0.0
469 -0.003384279185311528 0.0
470 -0.003389690453416032 0.0
471 -0.003395101721520536 0.0
472 -0.0034005129896250395 0.0
473 -0.0034059242577295433 0.0
474 -0.003411335525834047 0.0
475 -0.003416746793938551 0.0
476 -0.003422158062043055 0.0
477 -0.0034275693301475587 0.0
478 -0.0034329805982520624 0.0
479 -0.003438391866356566 0.0
480 -0.00344380313446107 0.0
481 -0.003449214402565574 0.0
482 -0.003454625670670078 0.0
483 -0.0034600369387745816 0.0
484 -0.0034654482068790854 0.0
485 -0.0034708594749835895 0.0
486 -0.003476270743088093 0.0
487 -0.003481682011192597 0.0
488 -0.0034870932792971008 0.0
489 -0.0034925045474016045 0.0
490 -0.0034979158155061087 0.0
491 -0.003503327083610612 0.0
492 -0.003508738351715116 0.0
493 -0.0035141496198196195 0.0
494 -0.0035195608879241237 0.0
495 -0.003524972156028628 0.0
496 -0.003530383424133131 0.0
497 -0.0035357946922376354 0.0
498 -0.0035412059603421387 0.0
499 -0.003546617228446643 0.0
500 -0.0035520284965511466 0.0
501 -0.0035574397646556503 0.0
502 -0.0035628510327601545 0.0
503 -0.003568262300864658 0.0
504 -0.003573673568969162 0.0
505 -0.0035790848370736658 0.0
506 -0.0035844961051781695 0.0
507 -0.0035899073732826733 0.0
508 -0.003595318641387177 0.0
509 -0.003600729909491681 0.0
510 -0.003606141177596185 0.0
511 -0.0036115524457006887 0.0
512 -0.0036169637138051924 0.0
513 -0.003622374981909696 0.0
514 -0.0036277862500142003 0.0
515 -0.003633197518118704 0.0
516 -0.003638608786223208 0.0
517 -0.0036440200543277116 0.0
518 -0.0036494313224322153 0.0
519 -0.0036548425905367195 0.0
520 -0.003660253858641223 0.0
521 -0.003665665126745727 0.0
522 -0.0036710763948502308 0.0
523 -0.0036764876629547345 0.0
524 -0.0036818989310592387 0.0
525 -0.003687310199163742 0.0
526 -0.003692721467268246 0.0
527 -0.0036981327353727495 0.0
528 -0.0037035440034772537 0.0
529 -0.003708955271581758 0.0
530 -0.003714366539686261 0.0
531 -0.0037197778077907653 0.0
532 -0.0037251890758952686 0.0
533 -0.003730600343999773 0.0
534 -0.0037360116121042766 0.0
535 -0.0037414228802087803 0.0
536 -0.0037468341483132845 0.0
537 -0.003752245416417788 0.0
538 -0.003757656684522292 0.0
539 -0.0037630679526267957 0.0
540 -0.0037684792207312995 0.0
541 -0.0037738904888358032 0.0
542 -0.003779301756940307 0.0
543 -0.003784713025044811 0.0
544 -0.003790124293149315 0.0
545 -0.0037955355612538186 0.0
546 -0.0038009468293583224 0.0
547 -0.003806358097462826 0.0
548 -0.0038117693655673303 0.0
549 -0.0038171806336718336 0.0
550 -0.003822591901776338 0.0
551 -0.0038280031698808416 0.0
552 -0.0038334144379853453 0.0
553 -0.0038388257060898495 0.0
554 -0.003844236974194353 0.0
555 -0.003849648242298857 0.0
556 -0.0038550595104033603 0.0
557 -0.0038604707785078645 0.0
558 -0.0038658820466123687 0.0
559 -0.003871293314716872 0.0
560 -0.003876704582821376 0.0
561 -0.00388211585092588 0.0
562 -0.0038875271190303836 0.0
563 -0.0038929383871348874 0.0
564 -0.0038983496552393916 0.0
565 -0.0039037609233438953 0.0
566 -0.0039091721914483995 0.0
567 -0.003914583459552903 0.0
568 -0.003919994727657406 0.0
569 -0.00392540599576191 0.0
570 -0.0039308172638664145 0.0
571 -0.003936228531970919 0.0
572 -0.003941639800075422 0.0
573 -0.003947051068179925 0.0
574 -0.0039524623362844295 0.0
575 -0.003957873604388934 0.0
576 -0.003963284872493437 0.0
577 -0.00396869614059794 0.0
578 -0.0039741074087024444 0.0
579 -0.003979518676806949 0.0
580 -0.003984929944911453 0.0
581 -0.003990341213015956 0.0
582 -0.003995752481120459 0.0
583 -0.004001163749224964 0.0
584 -0.004006575017329468 0.0
585 -0.004011986285433972 0.0
586 -0.004017397553538475 0.0
587 -0.004022808821642979 0.0
588 -0.004028220089747483 0.0
589 -0.004033631357851987 0.0
590 -0.004039042625956491 0.0
591 -0.0040444538940609944 0.0
592 -0.004049865162165498 0.0
593 -0.004055276430270002 0.0
594 -0.004060687698374506 0.0
595 -0.00406609896647901 0.0
596 -0.004071510234583514 0.0
597 -0.004076921502688017 0.0
598 -0.004082332770792521 0.0
599 -0.004087744038897025 0.0
600 -0.0040931553070015295 0.0
601 -0.004098566575106032 0.0
602 -0.004103977843210536 0.0
603 -0.00410938911131504 0.0
604 -0.0041148003794195444 0.0
605 -0.004120211647524049 0.0
606 -0.004125622915628551 0.0
607 -0.004131034183733055 0.0
608 -0.0041364454518375594 0.0
609 -0.004141856719942064 0.0
610 -0.004147267988046568 0.0
611 -0.00415267925615107 0.0
612 -0.004158090524255574 0.0
613 -0.004163501792360079 0.0
614 -0.004168913060464583 0.0
615 -0.004174324328569086 0.0
616 -0.004179735596673589 0.0
617 -0.004185146864778094 0.0
618 -0.004190558132882598 0.0
619 -0.004195969400987102 0.0
620 -0.004201380669091605 0.0
621 -0.0042067919371961094 0.0
622 -0.004212203205300613 0.0
623 -0.004217614473405117 0.0
624 -0.004223025741509621 0.0
625 -0.004228437009614124 0.0
626 -0.004233848277718629 0.0
627 -0.004239259545823132 0.0
628 -0.004244670813927636 0.0
629 -0.00425008208203214 0.0
630 -0.004255493350136644 0.0
631 -0.004260904618241148 0.0
632 -0.004266315886345651 0.0
633 -0.004271727154450155 0.0
634 -0.004277138422554659 0.0
635 -0.004282549690659163 0.0
636 -0.004287960958763667 0.0
637 -0.00429337222686817 0.0
638 -0.004298783494972674 0.0
639 -0.004304194763077178 0.0
640 -0.004309606031181682 0.0
641 -0.004315017299286185 0.0
642 -0.004320428567390689 0.0
643 -0.004325839835495194 0.0
644 -0.004331251103599697 0.0
645 -0.004336662371704201 0.0
646 -0.004342073639808704 0.0
647 -0.004347484907913209 0.0
648 -0.004352896176017713 0.0
649 -0.004358307444122216 0.0
650 -0.00436371871222672 0.0
651 -0.0043691299803312236 0.0
652 -0.004374541248435728 0.0
653 -0.004379952516540232 0.0
654 -0.004385363784644735 0.0
655 -0.0043907750527492385 0.0
656 -0.004396186320853743 0.0
657 -0.004401597588958247 0.0
658 -0.004407008857062751 0.0
659 -0.004412420125167255 0.0
660 -0.004417831393271758 0.0
661 -0.004423242661376262 0.0
662 -0.004428653929480766 0.0
663 -0.00443406519758527 0.0
664 -0.004439476465689774 0.0
665 -0.004444887733794277 0.0
666 -0.004450299001898781 0.0
667 -0.004455710270003285 0.0
668 -0.004461121538107789 0.0
669 -0.004466532806212292 0.0
670 -0.004471944074316796 0.0
671 -0.0044773553424213 0.0
672 -0.004482766610525804 0.0
673 -0.004488177878630309 0.0
674 -0.004493589146734812 0.0
675 -0.004499000414839315 0.0
676 -0.004504411682943819 0.0
677 -0.0045098229510483236 0.0
678 -0.004515234219152828 0.0
679 -0.004520645487257331 0.0
680 -0.004526056755361834 0.0
681 -0.0045314680234663385 0.0
682 -0.004536879291570843 0.0
683 -0.004542290559675346 0.0
684 -0.00454770182777985 0.0
685 -0.0045531130958843535 0.0
686 -0.004558524363988858 0.0
687 -0.004563935632093362 0.0
688 -0.004569346900197865 0.0
689 -0.004574758168302369 0.0
690 -0.004580169436406873 0.0
691 -0.004585580704511377 0.0
692 -0.004590991972615881 0.0
693 -0.004596403240720384 0.0
694 -0.0046018145088248886 0.0
695 -0.004607225776929392 0.0
696 -0.004612637045033896 0.0
697 -0.004618048313138399 0.0
698 -0.0046234595812429035 0.0
699 -0.004628870849347408 0.0
700 -0.004634282117451911 0.0
701 -0.004639693385556415 0.0
702 -0.0046451046536609185 0.0
703 -0.004650515921765423 0.0
704 -0.004655927189869926 0.0
705 -0.00466133845797443 0.0
706 -0.004666749726078934 0.0
707 -0.004672160994183438 0.0
708 -0.004677572262287942 0.0
709 -0.004682983530392445 0.0
710 -0.004688394798496949 0.0
711 -0.0046938060666014535 0.0
712 -0.004699217334705958 0.0
713 -0.004704628602810461 0.0
714 -0.004710039870914964 0.0
715 -0.0047154511390194685 0.0
716 -0.004720862407123973 0.0
717 -0.004726273675228477 0.0
718 -0.004731684943332979 0.0
719 -0.0047370962114374835 0.0
720 -0.004742507479541988 0.0
721 -0.004747918747646492 0.0
722 -0.004753330015750996 0.0
723 -0.0047587412838554985 0.0
724 -0.004764152551960003 0.0
725 -0.004769563820064507 0.0
726 -0.004774975088169011 0.0
727 -0.004780386356273515 0.0
728 -0.004785797624378018 0.0
729 -0.004791208892482522 0.0
730 -0.004796620160587026 0.0
731 -0.00480203142869153 0.0
732 -0.0048074426967960335 0.0
733 -0.004812853964900537 0.0
734 -0.004818265233005041 0.0
735 -0.004823676501109545 0.0
736 -0.004829087769214049 0.0
737 -0.004834499037318553 0.0
738 -0.004839910305423056 0.0
739 -0.00484532157352756 0.0
740 -0.004850732841632064 0.0
741 -0.0048561441097365685 0.0
742 -0.004861555377841072 0.0
743 -0.004866966645945575 0.0
744 -0.004872377914050079 0.0
745 -0.0048777891821545835 0.0
746 -0.004883200450259087 0.0
747 -0.004888611718363591 0.0
748 -0.004894022986468094 0.0
749 -0.0048994342545725985 0.0
750 -0.004904845522677103 0.0
751 -0.004910256790781606 0.0
752 -0.00491566805888611 0.0
753 -0.0049210793269906135 0.0
754 -0.004926490595095118 0.0
755 -0.004931901863199622 0.0
756 -0.004937313131304125 0.0
757 -0.004942724399408629 0.0
758 -0.004948135667513133 0.0
759 -0.004953546935617637 0.0
760 -0.00495895820372214 0.0
761 -0.004964369471826644 0.0
762 -0.0049697807399311485 0.0
763 -0.004975192008035652 0.0
764 -0.004980603276140156 0.0
765 -0.00498601454424466 0.0
766 -0.0049914258123491635 0.0
767 -0.004996837080453667 0.0
768 -0.005002248348558171 0.0
769 -0.005007659616662675 0.0
770 -0.005013070884767179 0.0
771 -0.005018482152871683 0.0
772 -0.005023893420976186 0.0
773 -0.00502930468908069 0.0
774 -0.005034715957185194 0.0
775 -0.0050401272252896985 0.0
776 -0.005045538493394202 0.0
777 -0.005050949761498705 0.0
778 -0.005056361029603209 0.0
779 -0.0050617722977077135 0.0
780 -0.005067183565812218 0.0
781 -0.00507259483391672 0.0
782 -0.005078006102021224 0.0
783 -0.0050834173701257285 0.0
784 -0.005088828638230233 0.0
785 -0.005094239906334737 0.0
786 -0.005099651174439239 0.0
787 -0.0051050624425437435 0.0
788 -0.005110473710648248 0.0
789 -0.005115884978752752 0.0
790 -0.005121296246857256 0.0
791 -0.0051267075149617584 0.0
792 -0.005132118783066263 0.0
793 -0.005137530051170767 0.0
794 -0.005142941319275271 0.0
795 -0.005148352587379774 0.0
796 -0.005153763855484278 0.0
797 -0.005159175123588782 0.0
798 -0.005164586391693286 0.0
799 -0.00516999765979779 0.0
800 -0.0051754089279022935 0.0
801 -0.005180820196006797 0.0
802 -0.005186231464111301 0.0
803 -0.005191642732215805 0.0
804 -0.005197054000320309 0.0
805 -0.005202465268424813 0.0
806 -0.005207876536529316 0.0
807 -0.00521328780463382 0.0
808 -0.005218699072738324 0.0
809 -0.0052241103408428285 0.0
810 -0.005229521608947332 0.0
811 -0.005234932877051835 0.0
812 -0.005240344145156339 0.0
813 -0.0052457554132608435 0.0
814 -0.005251166681365347 0.0
815 -0.005256577949469851 0.0
816 -0.005261989217574354 0.0
817 -0.0052674004856788584 0.0
818 -0.005272811753783363 0.0
819 -0.005278223021887866 0.0
820 -0.00528363428999237 0.0
821 -0.0052890455580968734 0.0
822 -0.005294456826201378 0.0
823 -0.005299868094305882 0.0
824 -0.005305279362410385 0.0
825 -0.005310690630514889 0.0
826 -0.005316101898619393 0.0
827 -0.005321513166723897 0.0
828 -0.005326924434828401 0.0
829 -0.005332335702932904 0.0
830 -0.0053377469710374085 0.0
831 -0.005343158239141912 0.0
832 -0.005348569507246416 0.0
833 -0.00535398077535092 0.0
834 -0.0053593920434554234 0.0
835 -0.005364803311559927 0.0
836 -0.005370214579664431 0.0
837 -0.005375625847768935 0.0
838 -0.005381037115873439 0.0
839 -0.005386448383977943 0.0
840 -0.005391859652082446 0.0
841 -0.00539727092018695 0.0
842 -0.005402682188291454 0.0
843 -0.0054080934563959585 0.0
844 -0.005413504724500462 0.0
845 -0.005418915992604965 0.0
846 -0.005424327260709469 0.0
847 -0.0054297385288139734 0.0
848 -0.005435149796918478 0.0
849 -0.00544056106502298 0.0
850 -0.005445972333127484 0.0
851 -0.005451383601231988 0.0
852 -0.005456794869336493 0.0
853 -0.005462206137440997 0.0
854 -0.005467617405545499 0.0
855 -0.005473028673650003 0.0
856 -0.005478439941754508 0.0
857 -0.005483851209859012 0.0
858 -0.005489262477963516 0.0
859 -0.005494673746068018 0.0
860 -0.005500085014172523 0.0
861 -0.005505496282277027 0.0
862 -0.005510907550381531 0.0
863 -0.005516318818486034 0.0
864 -0.0055217300865905376 0.0
865 -0.005527141354695042 0.0
866 -0.005532552622799546 0.0
867 -0.00553796389090405 0.0
868 -0.005543375159008553 0.0
869 -0.005548786427113057 0.0
870 -0.005554197695217561 0.0
871 -0.005559608963322065 0.0
872 -0.005565020231426569 0.0
873 -0.005570431499531073 0.0
874 -0.005575842767635576 0.0
875 -0.00558125403574008 0.0
876 -0.005586665303844584 0.0
877 -0.0055920765719490876 0.0
878 -0.005597487840053592 0.0
879 -0.005602899108158096 0.0
880 -0.005608310376262599 0.0
881 -0.005613721644367103 0.0
882 -0.005619132912471607 0.0
883 -0.005624544180576111 0.0
884 -0.005629955448680614 0.0
885 -0.005635366716785118 0.0
886 -0.005640777984889623 0.0
887 -0.005646189252994126 0.0
888 -0.00565160052109863 0.0
889 -0.005657011789203133 0.0
890 -0.0056624230573076376 0.0
891 -0.005667834325412142 0.0
892 -0.005673245593516645 0.0
893 -0.005678656861621149 0.0
894 -0.0056840681297256525 0.0
895 -0.005689479397830157 0.0
896 -0.005694890665934661 0.0
897 -0.005700301934039164 0.0
898 -0.0057057132021436675 0.0
899 -0.005711124470248172 0.0
900 -0.005716535738352676 0.0
901 -0.00572194700645718 0.0
902 -0.005727358274561683 0.0
903 -0.005732769542666187 0.0
904 -0.005738180810770691 0.0
905 -0.005743592078875195 0.0
906 -0.005749003346979699 0.0
907 -0.0057544146150842026 0.0
908 -0.005759825883188706 0.0
909 -0.00576523715129321 0.0
910 -0.005770648419397714 0.0
911 -0.005776059687502218 0.0
912 -0.005781470955606721 0.0
913 -0.005786882223711225 0.0
914 -0.005792293491815729 0.0
915 -0.005797704759920233 0.0
916 -0.005803116028024738 0.0
917 -0.00580852729612924 0.0
918 -0.005813938564233744 0.0
919 -0.005819349832338248 0.0
920 -0.0058247611004427526 0.0
921 -0.005830172368547257 0.0
922 -0.00583558363665176 0.0
923 -0.005840994904756264 0.0
924 -0.0058464061728607675 0.0
925 -0.005851817440965272 0.0
926 -0.005857228709069775 0.0
927 -0.005862639977174279 0.0
928 -0.005868051245278783 0.0
929 -0.005873462513383287 0.0
930 -0.005878873781487791 0.0
931 -0.005884285049592294 0.0
932 -0.005889696317696798 0.0
933 -0.005895107585801302 0.0
934 -0.005900518853905806 0.0
935 -0.00590593012201031 0.0
936 -0.005911341390114813 0.0
937 -0.0059167526582193175 0.0
938 -0.005922163926323821 0.0
939 -0.005927575194428325 0.0
940 -0.005932986462532828 0.0
941 -0.0059383977306373325 0.0
942 -0.005943808998741837 0.0
943 -0.00594922026684634 0.0
944 -0.005954631534950844 0.0
945 -0.0059600428030553475 0.0
946 -0.005965454071159852 0.0
947 -0.005970865339264355 0.0
948 -0.005976276607368859 0.0
949 -0.005981687875473363 0.0
950 -0.005987099143577867 0.0
951 -0.005992510411682371 0.0
952 -0.005997921679786874 0.0
953 -0.006003332947891378 0.0
954 -0.006008744215995882 0.0
955 -0.006014155484100386 0.0
956 -0.00601956675220489 0.0
957 -0.006024978020309393 0.0
958 -0.0060303892884138975 0.0
959 -0.006035800556518401 0.0
960 -0.006041211824622905 0.0
961 -0.006046623092727409 0.0
962 -0.0060520343608319125 0.0
963 -0.006057445628936417 0.0
964 -0.00606285689704092 0.0
965 -0.006068268165145424 0.0
966 -0.006073679433249928 0.0
967 -0.006079090701354432 0.0
968 -0.006084501969458936 0.0
969 -0.006089913237563439 0.0
970 -0.006095324505667943 0.0
971 -0.0061007357737724475 0.0
972 -0.006106147041876951 0.0
973 -0.006111558309981455 0.0
974 -0.006116969578085958 0.0
975 -0.0061223808461904625 0.0
976 -0.006127792114294967 0.0
977 -0.00613320338239947 0.0
978 -0.006138614650503974 0.0
979 -0.0061440259186084775 0.0
980 -0.006149437186712982 0.0
981 -0.006154848454817486 0.0
982 -0.006160259722921989 0.0
983 -0.006165670991026493 0.0
984 -0.006171082259130997 0.0
985 -0.006176493527235501 0.0
986 -0.006181904795340005 0.0
987 -0.006187316063444508 0.0
988 -0.0061927273315490125 0.0
989 -0.006198138599653517 0.0
990 -0.00620354986775802 0.0
991 -0.006208961135862524 0.0
992 -0.0062143724039670275 0.0
993 -0.006219783672071532 0.0
994 -0.006225194940176035 0.0
995 -0.006230606208280539 0.0
996 -0.006236017476385043 0.0
997 -0.006241428744489547 0.0
998 -0.006246840012594051 0.0
999 -0.006252251280698554 0.0
1000 -0.006252251280698554 0.0
1001 -0.006252251280698554 0.0
1002 -0.006252251280698554 0.0
1003 -0.006252251280698554 0.0
1004 -0.006252251280698554 0.0
1005 -0.006252251280698554 0.0
1006 -0.006252251280698554 0.0
1007 -0.006252251280698554 0.0
1008 -0.006252251280698554 0.0
1009 -0.006252251280698554 0.0
1010 -0.006252251280698554 0.0
1011 -0.006252251280698554 0.0
1012 -0.006252251280698554 0.0
1013 -0.006252251280698554 0.0
1014 -0.006252251280698554 0.0
1015 -0.006252251280698554 0.0
1016 -0.006252251280698554 0.0
1017 -0.006252251280698554 0.0
1018 -0.006252251280698554 0.0
1019 -0.006252251280698554 0.0
1020 -0.006252251280698554 0.0
1021 -0.006252251280698554 0.0
1022 -0.006252251280698554 0.0
1023 -0.006252251280698554 0.0
1024 -0.006252251280698554 0.0
1025 -0.006252251280698554 0.0
1026 -0.006252251280698554 0.0
1027 -0.006252251280698554 0.0
1028 -0.006252251280698554 0.0
1029 -0.006252251280698554 0.0
1030 -0.006252251280698554 0.0
1031 -0.006252251280698554 0.0
1032 -0.006252251280698554 0.0
1033 -0.006252251280698554 0.0
1034 -0.006252251280698554 0.0
1035 -0.006252251280698554 0.0
1036 -0.006252251280698554 0.0
1037 -0.006252251280698554 0.0
1038 -0.006252251280698554 0.0
1039 -0.006252251280698554 0.0
1040 -0.006252251280698554 0.0
1041 -0.006252251280698554 0.0
1042 -0.006252251280698554 0.0
1043 -0.006252251280698554 0.0
1044 -0.006252251280698554 0.0
1045 -0.006252251280698554 0.0
1046 -0.006252251280698554 0.0
1047 -0.006252251280698554 0.0
1048 -0.006252251280698554 0.0
1049 -0.006252251280698554 0.0
1050 -0.006252251280698554 0.0
1051 -0.006252251280698554 0.0
1052 -0.006252251280698554 0.0
1053 -0.006252251280698554 0.0
1054 -0.006252251280698554 0.0
1055 -0.006252251280698554 0.0
1056 -0.006252251280698554 0.0
1057 -0.006252251280698554 0.0
1058 -0.006252251280698554 0.0
1059 -0.006252251280698554 0.0
1060 -0.006252251280698554 0.0
1061 -0.006252251280698554 0.0
1062 -0.006252251280698554 0.0
1063 -0.006252251280698554 0.0
1064 -0.006252251280698554 0.0
1065 -0.006252251280698554 0.0
1066 -0.006252251280698554 0.0
1067 -0.006252251280698554 0.0
1068 -0.006252251280698554 0.0
1069 -0.006252251280698554 0.0
1070 -0.006252251280698554 0.0
1071 -0.006252251280698554 0.0
1072 -0.006252251280698554 0.0
1073 -0.006252251280698554 0.0
1074 -0.006252251280698554 0.0
1075 -0.006252251280698554 0.0
1076 -0.006252251280698554 0.0
1077 -0.006252251280698554 0.0
1078 -0.006252251280698554 0.0
1079 -0.006252251280698554 0.0
1080 -0.006252251280698554 0.0
1081 -0.006252251280698554 0.0
1082 -0.006252251280698554 0.0
1083 -0.006252251280698554 0.0
1084 -0.006252251280698554 0.0
1085 -0.006252251280698554 0.0
1086 -0.006252251280698554 0.0
1087 -0.006252251280698554 0.0
1088 -0.006252251280698554 0.0
1089 -0.006252251280698554 0.0
1090 -0.006252251280698554 0.0
1091 -0.006252251280698554 0.0
1092 -0.006252251280698554 0.0
1093 -0.006252251280698554 0.0
1094 -0.006252251280698554 0.0
1095 -0.006252251280698554 0.0
1096 -0.006252251280698554 0.0
1097 -0.006252251280698554 0.0
1098 -0.006252251280698554 0.0
1099 -0.006252251280698554 0.0
1100 -0.006252251280698554 0.0
1101 -0.006252251280698554 0.0
1102 -0.006252251280698554 0.0
1103 -0.006252251280698554 0.0
1104 -0.006252251280698554 0.0
1105 -0.006252251280698554 0.0
1106 -0.006252251280698554 0.0
1107 -0.006252251280698554 0.0
1108 -0.006252251280698554 0.0
1109 -0.006252251280698554 0.0
1110 -0.006252251280698554 0.0
1111 -0.006252251280698554 0.0
1112 -0.006252251280698554 0.0
1113 -0.006252251280698554 0.0
1114 -0.006252251280698554 0.0
1115 -0.006252251280698554 0.0
1116 -0.006252251280698554 0.0
1117 -0.006252251280698554 0.0
1118 -0.006252251280698554 0.0
1119 -0.006252251280698554 0.0
1120 -0.006252251280698554 0.0
1121 -0.006252251280698554 0.0
1122 -0.006252251280698554 0.0
1123 -0.006252251280698554 0.0
1124 -0.006252251280698554 0.0
1125 -0.006252251280698554 0.0
1126 -0.006252251280698554 0.0
1127 -0.006252251280698554 0.0
1128 -0.006252251280698554 0.0
1129 -0.006252251280698554 0.0
1130 -0.006252251280698554 0.0
1131 -0.006252251280698554 0.0
1132 -0.006252251280698554 0.0
1133 -0.006252251280698554 0.0
1134 -0.006252251280698554 0.0
1135 -0.006252251280698554 0.0
1136 -0.006252251280698554 0.0
1137 -0.006252251280698554 0.0
1138 -0.006252251280698554 0.0
1139 -0.006252251280698554 0.0
1140 -0.006252251280698554 0.0
1141 -0.006252251280698554 0.0
1142 -0.006252251280698554 0.0
1143 -0.006252251280698554 0.0
1144 -0.006252251280698554 0.0
1145 -0.006252251280698554 0.0
1146 -0.006252251280698554 0.0
1147 -0.006252251280698554 0.0
1148 -0.006252251280698554 0.0
1149 -0.006252251280698554 0.0
1150 -0.006252251280698554 0.0
1151 -0.006252251280698554 0.0
1152 -0.006252251280698554 0.0
1153 -0.006252251280698554 0.0
1154 -0.006252251280698554 0.0
1155 -0.006252251280698554 0.0
1156 -0.006252251280698554 0.0
1157 -0.006252251280698554 0.0
1158 -0.006252251280698554 0.0
1159 -0.006252251280698554 0.0
1160 -0.006252251280698554 0.0
1161 -0.006252251280698554 0.0
1162 -0.006252251280698554 0.0
1163 -0.006252251280698554 0.0
1164 -0.006252251280698554 0.0
1165 -0.006252251280698554 0.0
1166 -0.006252251280698554 0.0
1167 -0.006252251280698554 0.0
1168 -0.006252251280698554 0.0
1169 -0.006252251280698554 0.0
1170 -0.006252251280698554 0.0
1171 -0.006252251280698554 0.0
1172 -0.006252251280698554 0.0
1173 -0.006252251280698554 0.0
1174 -0.006252251280698554 0.0
1175 -0.006252251280698554 0.0
1176 -0.006252251280698554 0.0
1177 -0.006252251280698554 0.0
1178 -0.006252251280698554 0.0
1179 -0.006252251280698554 0.0
1180 -0.006252251280698554 0.0
1181 -0.006252251280698554 0.0
1182 -0.006252251280698554 0.0
1183 -0.006252251280698554 0.0
1184 -0.006252251280698554 0.0
1185 -0.006252251280698554 0.0
1186 -0.006252251280698554 0.0
1187 -0.006252251280698554 0.0
1188 -0.006252251280698554 0.0
1189 -0.006252251280698554 0.0
1190 -0.006252251280698554 0.0
1191 -0.006252251280698554 0.0
1192 -0.006252251280698554 0.0
1193 -0.006252251280698554 0.0
1194 -0.006252251280698554 0.0
1195 -0.006252251280698554 0.0
1196 -0.006252251280698554 0.0
1197 -0.006252251280698554 0.0
1198 -0.006252251280698554 0.0
1199 -0.006252251280698554 0.0
1200 -0.006252251280698554 0.0
1201 -0.00624684001259405 0.0
1202 -0.006241428744489547 0.0
1203 -0.0062360174763850425 0.0
1204 -0.006230606208280539 0.0
1205 -0.006225194940176035 0.0
1206 -0.006219783672071532 0.0
1207 -0.0062143724039670275 0.0
1208 -0.006208961135862523 0.0
1209 -0.00620354986775802 0.0
1210 -0.006198138599653516 0.0
1211 -0.0061927273315490125 0.0
1212 -0.006187316063444508 0.0
1213 -0.006181904795340005 0.0
1214 -0.006176493527235501 0.0
1215 -0.006171082259130997 0.0
1216 -0.006165670991026493 0.0
1217 -0.006160259722921989 0.0
1218 -0.006154848454817486 0.0
1219 -0.006149437186712982 0.0
1220 -0.0061440259186084775 0.0
1221 -0.006138614650503974 0.0
1222 -0.00613320338239947 0.0
1223 -0.006127792114294967 0.0
1224 -0.0061223808461904625 0.0
1225 -0.006116969578085958 0.0
1226 -0.006111558309981455 0.0
1227 -0.006106147041876951 0.0
1228 -0.0061007357737724475 0.0
1229 -0.006095324505667943 0.0
1230 -0.006089913237563439 0.0
1231 -0.006084501969458936 0.0
1232 -0.006079090701354432 0.0
1233 -0.006073679433249928 0.0
1234 -0.006068268165145424 0.0
1235 -0.00606285689704092 0.0
1236 -0.006057445628936417 0.0
1237 -0.0060520343608319125 0.0
1238 -0.006046623092727409 0.0
1239 -0.006041211824622905 0.0
1240 -0.006035800556518401 0.0
1241 -0.0060303892884138975 0.0
1242 -0.006024978020309393 0.0
1243 -0.006019566752204889 0.0
1244 -0.006014155484100386 0.0
1245 -0.006008744215995882 0.0
1246 -0.006003332947891378 0.0
1247 -0.005997921679786874 0.0
1248 -0.00599251041168237 0.0
1249 -0.005987099143577867 0.0
1250 -0.0059816878754733625 0.0
1251 -0.005976276607368859 0.0
1252 -0.005970865339264355 0.0
1253 -0.005965454071159852 0.0
1254 -0.0059600428030553475 0.0
1255 -0.005954631534950844 0.0
1256 -0.00594922026684634 0.0
1257 -0.005943808998741836 0.0
1258 -0.0059383977306373325 0.0
1259 -0.005932986462532828 0.0
1260 -0.005927575194428325 0.0
1261 -0.005922163926323821 0.0
1262 -0.005916752658219317 0.0
1263 -0.005911341390114813 0.0
1264 -0.005905930122010309 0.0
1265 -0.005900518853905806 0.0
1266 -0.005895107585801302 0.0
1267 -0.005889696317696798 0.0
1268 -0.005884285049592294 0.0
1269 -0.005878873781487791 0.0
1270 -0.005873462513383287 0.0
1271 -0.0058680512452787825 0.0
1272 -0.005862639977174279 0.0
1273 -0.005857228709069775 0.0
1274 -0.005851817440965272 0.0
1275 -0.0058464061728607675 0.0
1276 -0.005840994904756263 0.0
1277 -0.00583558363665176 0.0
1278 -0.005830172368547256 0.0
1279 -0.0058247611004427526 0.0
1280 -0.005819349832338248 0.0
1281 -0.005813938564233744 0.0
1282 -0.00580852729612924 0.0
1283 -0.005803116028024738 0.0
1284 -0.005797704759920233 0.0
1285 -0.005792293491815729 0.0
1286 -0.005786882223711225 0.0
1287 -0.005781470955606721 0.0
1288 -0.005776059687502218 0.0
1289 -0.005770648419397714 0.0
1290 -0.00576523715129321 0.0
1291 -0.005759825883188706 0.0
1292 -0.005754414615084202 0.0
1293 -0.005749003346979699 0.0
1294 -0.005743592078875195 0.0
1295 -0.005738180810770691 0.0
1296 -0.005732769542666187 0.0
1297 -0.005727358274561683 0.0
1298 -0.00572194700645718 0.0
1299 -0.005716535738352676 0.0
1300 -0.005711124470248172 0.0
1301 -0.0057057132021436675 0.0
1302 -0.005700301934039164 0.0
1303 -0.005694890665934661 0.0
1304 -0.005689479397830157 0.0
1305 -0.0056840681297256525 0.0
1306 -0.005678656861621148 0.0
1307 -0.005673245593516645 0.0
1308 -0.005667834325412142 0.0
1309 -0.0056624230573076376 0.0
1310 -0.005657011789203133 0.0
1311 -0.00565160052109863 0.0
1312 -0.005646189252994126 0.0
1313 -0.005640777984889623 0.0
1314 -0.005635366716785118 0.0
1315 -0.005629955448680614 0.0
1316 -0.005624544180576111 0.0
1317 -0.005619132912471607 0.0
1318 -0.005613721644367103 0.0
1319 -0.005608310376262599 0.0
1320 -0.005602899108158095 0.0
1321 -0.005597487840053592 0.0
1322 -0.0055920765719490876 0.0
1323 -0.005586665303844584 0.0
1324 -0.00558125403574008 0.0
1325 -0.005575842767635576 0.0
1326 -0.005570431499531073 0.0
1327 -0.005565020231426568 0.0
1328 -0.005559608963322065 0.0
1329 -0.005554197695217561 0.0
1330 -0.005548786427113057 0.0
1331 -0.005543375159008553 0.0
1332 -0.005537963890904049 0.0
1333 -0.005532552622799546 0.0
1334 -0.005527141354695042 0.0
1335 -0.0055217300865905376 0.0
1336 -0.005516318818486034 0.0
1337 -0.00551090755038153 0.0
1338 -0.005505496282277027 0.0
1339 -0.005500085014172523 0.0
1340 -0.005494673746068018 0.0
1341 -0.005489262477963515 0.0
1342 -0.005483851209859012 0.0
1343 -0.005478439941754508 0.0
1344 -0.005473028673650003 0.0
1345 -0.005467617405545499 0.0
1346 -0.005462206137440996 0.0
1347 -0.005456794869336493 0.0
1348 -0.005451383601231988 0.0
1349 -0.005445972333127484 0.0
1350 -0.00544056106502298 0.0
1351 -0.005435149796918477 0.0
1352 -0.0054297385288139734 0.0
1353 -0.005424327260709469 0.0
1354 -0.005418915992604965 0.0
1355 -0.005413504724500461 0.0
1356 -0.0054080934563959585 0.0
1357 -0.005402682188291454 0.0
1358 -0.00539727092018695 0.0
1359 -0.005391859652082446 0.0
1360 -0.005386448383977942 0.0
1361 -0.005381037115873439 0.0
1362 -0.005375625847768935 0.0
1363 -0.005370214579664431 0.0
1364 -0.005364803311559927 0.0
1365 -0.005359392043455423 0.0
1366 -0.00535398077535092 0.0
1367 -0.005348569507246416 0.0
1368 -0.005343158239141912 0.0
1369 -0.005337746971037408 0.0
1370 -0.005332335702932904 0.0
1371 -0.005326924434828401 0.0
1372 -0.005321513166723897 0.0
1373 -0.005316101898619393 0.0
1374 -0.005310690630514888 0.0
1375 -0.005305279362410385 0.0
1376 -0.005299868094305882 0.0
1377 -0.005294456826201378 0.0
1378 -0.0052890455580968734 0.0
1379 -0.005283634289992369 0.0
1380 -0.005278223021887866 0.0
1381 -0.005272811753783363 0.0
1382 -0.0052674004856788584 0.0
1383 -0.005261989217574354 0.0
1384 -0.005256577949469851 0.0
1385 -0.005251166681365347 0.0
1386 -0.0052457554132608435 0.0
1387 -0.005240344145156339 0.0
1388 -0.005234932877051835 0.0
1389 -0.005229521608947332 0.0
1390 -0.005224110340842828 0.0
1391 -0.005218699072738324 0.0
1392 -0.00521328780463382 0.0
1393 -0.005207876536529316 0.0
1394 -0.005202465268424813 0.0
1395 -0.005197054000320309 0.0
1396 -0.005191642732215805 0.0
1397 -0.005186231464111301 0.0
1398 -0.005180820196006797 0.0
1399 -0.0051754089279022935 0.0
1400 -0.00516999765979779 0.0
1401 -0.005164586391693286 0.0
1402 -0.005159175123588782 0.0
1403 -0.005153763855484278 0.0
1404 -0.005148352587379775 0.0
1405 -0.005142941319275271 0.0
1406 -0.005137530051170767 0.0
1407 -0.005132118783066263 0.0
1408 -0.0051267075149617584 0.0
1409 -0.005121296246857256 0.0
1410 -0.005115884978752752 0.0
1411 -0.005110473710648248 0.0
1412 -0.0051050624425437435 0.0
1413 -0.005099651174439239 0.0
1414 -0.005094239906334737 0.0
1415 -0.005088828638230233 0.0
1416 -0.0050834173701257285 0.0
1417 -0.005078006102021224 0.0
1418 -0.00507259483391672 0.0
1419 -0.005067183565812218 0.0
1420 -0.0050617722977077135 0.0
1421 -0.005056361029603209 0.0
1422 -0.005050949761498705 0.0
1423 -0.005045538493394202 0.0
1424 -0.0050401272252896985 0.0
1425 -0.005034715957185194 0.0
1426 -0.00502930468908069 0.0
1427 -0.005023893420976186 0.0
1428 -0.005018482152871683 0.0
1429 -0.005013070884767179 0.0
1430 -0.005007659616662675 0.0
1431 -0.005002248348558171 0.0
1432 -0.004996837080453667 0.0
1433 -0.0049914258123491635 0.0
1434 -0.00498601454424466 0.0
1435 -0.004980603276140156 0.0
1436 -0.004975192008035652 0.0
1437 -0.0049697807399311485 0.0
1438 -0.004964369471826644 0.0
1439 -0.00495895820372214 0.0
1440 -0.004953546935617637 0.0
1441 -0.004948135667513133 0.0
1442 -0.004942724399408629 0.0
1443 -0.004937313131304125 0.0
1444 -0.004931901863199621 0.0
1445 -0.004926490595095118 0.0
1446 -0.0049210793269906135 0.0
1447 -0.00491566805888611 0.0
1448 -0.004910256790781606 0.0
1449 -0.004904845522677102 0.0
1450 -0.0048994342545725985 0.0
1451 -0.004894022986468094 0.0
1452 -0.004888611718363591 0.0
1453 -0.004883200450259087 0.0
1454 -0.004877789182154583 0.0
1455 -0.004872377914050079 0.0
1456 -0.004866966645945575 0.0
1457 -0.004861555377841072 0.0
1458 -0.004856144109736568 0.0
1459 -0.004850732841632064 0.0
1460 -0.00484532157352756 0.0
1461 -0.004839910305423056 0.0
1462 -0.004834499037318553 0.0
1463 -0.0048290877692140485 0.0
1464 -0.004823676501109545 0.0
1465 -0.004818265233005041 0.0
1466 -0.004812853964900537 0.0
1467 -0.0048074426967960335 0.0
1468 -0.004802031428691529 0.0
1469 -0.004796620160587026 0.0
1470 -0.004791208892482522 0.0
1471 -0.004785797624378018 0.0
1472 -0.004780386356273514 0.0
1473 -0.004774975088169011 0.0
1474 -0.004769563820064507 0.0
1475 -0.004764152551960003 0.0
1476 -0.0047587412838554985 0.0
1477 -0.004753330015750994 0.0
1478 -0.004747918747646492 0.0
1479 -0.004742507479541988 0.0
1480 -0.0047370962114374835 0.0
1481 -0.004731684943332979 0.0
1482 -0.004726273675228475 0.0
1483 -0.004720862407123973 0.0
1484 -0.0047154511390194685 0.0
1485 -0.004710039870914964 0.0
1486 -0.00470462860281046 0.0
1487 -0.004699217334705958 0.0
1488 -0.0046938060666014535 0.0
1489 -0.004688394798496949 0.0
1490 -0.004682983530392445 0.0
1491 -0.004677572262287941 0.0
1492 -0.004672160994183438 0.0
1493 -0.004666749726078934 0.0
1494 -0.00466133845797443 0.0
1495 -0.004655927189869926 0.0
1496 -0.004650515921765422 0.0
1497 -0.0046451046536609185 0.0
1498 -0.004639693385556415 0.0
1499 -0.004634282117451911 0.0
1500 -0.004628870849347407 0.0
1501 -0.004623459581242903 0.0
1502 -0.004618048313138399 0.0
1503 -0.004612637045033896 0.0
1504 -0.004607225776929392 0.0
1505 -0.004601814508824888 0.0
1506 -0.004596403240720384 0.0
1507 -0.004590991972615881 0.0
1508 -0.004585580704511377 0.0
1509 -0.004580169436406873 0.0
1510 -0.0045747581683023685 0.0
1511 -0.004569346900197865 0.0
1512 -0.004563935632093362 0.0
1513 -0.004558524363988858 0.0
1514 -0.0045531130958843535 0.0
1515 -0.004547701827779849 0.0
1516 -0.004542290559675346 0.0
1517 -0.004536879291570843 0.0
1518 -0.0045314680234663385 0.0
1519 -0.004526056755361834 0.0
1520 -0.004520645487257331 0.0
1521 -0.004515234219152828 0.0
1522 -0.0045098229510483236 0.0
1523 -0.004504411682943819 0.0
1524 -0.004499000414839315 0.0
1525 -0.004493589146734812 0.0
1526 -0.004488177878630309 0.0
1527 -0.004482766610525804 0.0
1528 -0.0044773553424213 0.0
1529 -0.004471944074316796 0.0
1530 -0.004466532806212292 0.0
1531 -0.004461121538107789 0.0
1532 -0.004455710270003285 0.0
1533 -0.004450299001898781 0.0
1534 -0.004444887733794277 0.0
1535 -0.004439476465689774 0.0
1536 -0.00443406519758527 0.0
1537 -0.004428653929480766 0.0
1538 -0.004423242661376262 0.0
1539 -0.004417831393271758 0.0
1540 -0.004412420125167255 0.0
1541 -0.004407008857062751 0.0
1542 -0.004401597588958247 0.0
1543 -0.004396186320853743 0.0
1544 -0.0043907750527492385 0.0
1545 -0.004385363784644735 0.0
1546 -0.004379952516540232 0.0
1547 -0.004374541248435728 0.0
1548 -0.0043691299803312236 0.0
1549 -0.00436371871222672 0.0
1550 -0.004358307444122216 0.0
1551 -0.004352896176017713 0.0
1552 -0.004347484907913209 0.0
1553 -0.004342073639808704 0.0
1554 -0.004336662371704201 0.0
1555 -0.004331251103599697 0.0
1556 -0.004325839835495194 0.0
1557 -0.004320428567390689 0.0
1558 -0.004315017299286185 0.0
1559 -0.004309606031181682 0.0
1560 -0.004304194763077178 0.0
1561 -0.004298783494972674 0.0
1562 -0.00429337222686817 0.0
1563 -0.004287960958763667 0.0
1564 -0.004282549690659163 0.0
1565 -0.004277138422554659 0.0
1566 -0.004271727154450155 0.0
1567 -0.004266315886345651 0.0
1568 -0.004260904618241148 0.0
1569 -0.004255493350136644 0.0
1570 -0.004250082082032139 0.0
1571 -0.004244670813927636 0.0
1572 -0.004239259545823132 0.0
1573 -0.004233848277718629 0.0
1574 -0.004228437009614124 0.0
1575 -0.00422302574150962 0.0
1576 -0.004217614473405117 0.0
1577 -0.004212203205300613 0.0
1578 -0.0042067919371961094 0.0
1579 -0.004201380669091605 0.0
1580 -0.004195969400987101 0.0
1581 -0.004190558132882598 0.0
1582 -0.004185146864778094 0.0
1583 -0.004179735596673589 0.0
1584 -0.004174324328569086 0.0
1585 -0.004168913060464582 0.0
1586 -0.004163501792360079 0.0
1587 -0.004158090524255574 0.0
1588 -0.00415267925615107 0.0
1589 -0.004147267988046567 0.0
1590 -0.004141856719942064 0.0
1591 -0.0041364454518375594 0.0
1592 -0.004131034183733055 0.0
1593 -0.004125622915628551 0.0
1594 -0.004120211647524048 0.0
1595 -0.0041148003794195444 0.0
1596 -0.00410938911131504 0.0
1597 -0.004103977843210536 0.0
1598 -0.004098566575106032 0.0
1599 -0.004093155307001529 0.0
1600 -0.004087744038897025 0.0
1601 -0.004082332770792521 0.0
1602 -0.004076921502688017 0.0
1603 -0.004071510234583513 0.0
1604 -0.00406609896647901 0.0
1605 -0.004060687698374506 0.0
1606 -0.004055276430270002 0.0
1607 -0.004049865162165498 0.0
1608 -0.0040444538940609944 0.0
1609 -0.004039042625956491 0.0
1610 -0.004033631357851987 0.0
1611 -0.004028220089747483 0.0
1612 -0.004022808821642979 0.0
1613 -0.004017397553538475 0.0
1614 -0.004011986285433972 0.0
1615 -0.004006575017329468 0.0
1616 -0.004001163749224964 0.0
1617 -0.003995752481120459 0.0
1618 -0.003990341213015956 0.0
1619 -0.003984929944911453 0.0
1620 -0.003979518676806949 0.0
1621 -0.0039741074087024444 0.0
1622 -0.003968696140597941 0.0
1623 -0.003963284872493437 0.0
1624 -0.003957873604388934 0.0
1625 -0.0039524623362844295 0.0
1626 -0.003947051068179925 0.0
1627 -0.003941639800075422 0.0
1628 -0.003936228531970918 0.0
1629 -0.0039308172638664145 0.0
1630 -0.00392540599576191 0.0
1631 -0.003919994727657406 0.0
1632 -0.003914583459552903 0.0
1633 -0.003909172191448399 0.0
1634 -0.0039037609233438953 0.0
1635 -0.003898349655239391 0.0
1636 -0.003892938387134887 0.0
1637 -0.0038875271190303836 0.0
1638 -0.0038821158509258795 0.0
1639 -0.003876704582821376 0.0
1640 -0.003871293314716872 0.0
1641 -0.0038658820466123687 0.0
1642 -0.0038604707785078645 0.0
1643 -0.0038550595104033603 0.0
1644 -0.003849648242298857 0.0
1645 -0.003844236974194353 0.0
1646 -0.0038388257060898495 0.0
1647 -0.0038334144379853453 0.0
1648 -0.0038280031698808416 0.0
1649 -0.003822591901776338 0.0
1650 -0.0038171806336718336 0.0
1651 -0.0038117693655673303 0.0
1652 -0.003806358097462826 0.0
1653 -0.0038009468293583224 0.0
1654 -0.0037955355612538186 0.0
1655 -0.003790124293149315 0.0
1656 -0.003784713025044811 0.0
1657 -0.003779301756940307 0.0
1658 -0.0037738904888358032 0.0
1659 -0.0037684792207312995 0.0
1660 -0.0037630679526267957 0.0
1661 -0.003757656684522292 0.0
1662 -0.003752245416417788 0.0
1663 -0.003746834148313284 0.0
1664 -0.0037414228802087803 0.0
1665 -0.0037360116121042766 0.0
1666 -0.003730600343999773 0.0
1667 -0.0037251890758952686 0.0
1668 -0.003719777807790765 0.0
1669 -0.003714366539686261 0.0
1670 -0.0037089552715817574 0.0
1671 -0.0037035440034772532 0.0
1672 -0.0036981327353727495 0.0
1673 -0.0036927214672682457 0.0
1674 -0.003687310199163742 0.0
1675 -0.0036818989310592382 0.0
1676 -0.0036764876629547345 0.0
1677 -0.0036710763948502303 0.0
1678 -0.0036656651267457266 0.0
1679 -0.003660253858641223 0.0
1680 -0.003654842590536719 0.0
1681 -0.0036494313224322153 0.0
1682 -0.003644020054327711 0.0
1683 -0.003638608786223208 0.0
1684 -0.0036331975181187037 0.0
1685 -0.0036277862500142 0.0
1686 -0.003622374981909696 0.0
1687 -0.003616963713805192 0.0
1688 -0.0036115524457006887 0.0
1689 -0.0036061411775961845 0.0
1690 -0.003600729909491681 0.0
1691 -0.003595318641387177 0.0
1692 -0.003589907373282673 0.0
1693 -0.0035844961051781695 0.0
1694 -0.0035790848370736653 0.0
1695 -0.003573673568969162 0.0
1696 -0.003568262300864658 0.0
1697 -0.0035628510327601545 0.0
1698 -0.0035574397646556503 0.0
1699 -0.003552028496551146 0.0
1700 -0.003546617228446643 0.0
1701 -0.0035412059603421387 0.0
1702 -0.0035357946922376354 0.0
1703 -0.003530383424133131 0.0
1704 -0.003524972156028628 0.0
1705 -0.0035195608879241237 0.0
1706 -0.0035141496198196195 0.0
1707 -0.003508738351715116 0.0
1708 -0.003503327083610612 0.0
1709 -0.0034979158155061087 0.0
1710 -0.0034925045474016045 0.0
1711 -0.0034870932792971008 0.0
1712 -0.003481682011192597 0.0
1713 -0.003476270743088093 0.0
1714 -0.0034708594749835895 0.0
1715 -0.0034654482068790854 0.0
1716 -0.0034600369387745816 0.0
1717 -0.003454625670670078 0.0
1718 -0.003449214402565574 0.0
1719 -0.00344380313446107 0.0
1720 -0.003438391866356566 0.0
1721 -0.0034329805982520624 0.0
1722 -0.0034275693301475587 0.0
1723 -0.003422158062043055 0.0
1724 -0.0034167467939385508 0.0
1725 -0.003411335525834047 0.0
1726 -0.0034059242577295433 0.0
1727 -0.0034005129896250395 0.0
1728 -0.003395101721520536 0.0
1729 -0.0033896904534160316 0.0
1730 -0.003384279185311528 0.0
1731 -0.003378867917207024 0.0
1732 -0.0033734566491025204 0.0
1733 -0.0033680453809980166 0.0
1734 -0.0033626341128935124 0.0
1735 -0.0033572228447890087 0.0
1736 -0.003351811576684505 0.0
1737 -0.003346400308580001 0.0
1738 -0.003340989040475497 0.0
1739 -0.0033355777723709937 0.0
1740 -0.0033301665042664895 0.0
1741 -0.003324755236161986 0.0
1742 -0.003319343968057482 0.0
1743 -0.003313932699952978 0.0
1744 -0.0033085214318484745 0.0
1745 -0.0033031101637439704 0.0
1746 -0.003297698895639467 0.0
1747 -0.003292287627534963 0.0
1748 -0.0032868763594304587 0.0
1749 -0.0032814650913259554 0.0
1750 -0.003276053823221451 0.0
1751 -0.003270642555116948 0.0
1752 -0.0032652312870124437 0.0
1753 -0.0032598200189079404 0.0
1754 -0.003254408750803436 0.0
1755 -0.003248997482698932 0.0
1756 -0.0032435862145944287 0.0
1757 -0.0032381749464899245 0.0
1758 -0.0032327636783854212 0.0
1759 -0.003227352410280917 0.0
1760 -0.0032219411421764137 0.0
1761 -0.0032165298740719096 0.0
1762 -0.0032111186059674054 0.0
1763 -0.003205707337862902 0.0
1764 -0.003200296069758398 0.0
1765 -0.0031948848016538946 0.0
1766 -0.0031894735335493904 0.0
1767 -0.003184062265444887 0.0
1768 -0.003178650997340383 0.0
1769 -0.0031732397292358787 0.0
1770 -0.0031678284611313754 0.0
1771 -0.0031624171930268712 0.0
1772 -0.0031570059249223675 0.0
1773 -0.0031515946568178637 0.0
1774 -0.00314618338871336 0.0
1775 -0.0031407721206088562 0.0
1776 -0.003135360852504352 0.0
1777 -0.0031299495843998483 0.0
1778 -0.0031245383162953446 0.0
1779 -0.003119127048190841 0.0
1780 -0.003113715780086337 0.0
1781 -0.0031083045119818333 0.0
1782 -0.003102893243877329 0.0
1783 -0.0030974819757728254 0.0
1784 -0.0030920707076683217 0.0
1785 -0.003086659439563818 0.0
1786 -0.003081248171459314 0.0
1787 -0.00307583690335481 0.0
1788 -0.0030704256352503062 0.0
1789 -0.0030650143671458025 0.0
1790 -0.0030596030990412987 0.0
1791 -0.0030541918309367946 0.0
1792 -0.003048780562832291 0.0
1793 -0.003043369294727787 0.0
1794 -0.0030379580266232833 0.0
1795 -0.0030325467585187796 0.0
1796 -0.0030271354904142754 0.0
1797 -0.0030217242223097717 0.0
1798 -0.003016312954205268 0.0
1799 -0.003010901686100764 0.0
1800 -0.0030054904179962604 0.0
1801 -0.0030000791498917562 0.0
1802 -0.0029946678817872525 0.0
1803 -0.0029892566136827487 0.0
1804 -0.002983845345578245 0.0
1805 -0.0029784340774737413 0.0
1806 -0.002973022809369237 0.0
1807 -0.0029676115412647338 0.0
1808 -0.0029622002731602296 0.0
1809 -0.002956789005055726 0.0
1810 -0.002951377736951222 0.0
1811 -0.002945966468846718 0.0
1812 -0.0029405552007422146 0.0
1813 -0.0029351439326377104 0.0
1814 -0.002929732664533207 0.0
1815 -0.002924321396428703 0.0
1816 -0.0029189101283241987 0.0
1817 -0.0029134988602196954 0.0
1818 -0.0029080875921151913 0.0
1819 -0.002902676324010688 0.0
1820 -0.0028972650559061838 0.0
1821 -0.0028918537878016804 0.0
1822 -0.0028864425196971763 0.0
1823 -0.002881031251592672 0.0
1824 -0.0028756199834881688 0.0
1825 -0.0028702087153836646 0.0
1826 -0.0028647974472791613 0.0
1827 -0.002859386179174657 0.0
1828 -0.002853974911070154 0.0
1829 -0.0028485636429656496 0.0
1830 -0.0028431523748611454 0.0
1831 -0.002837741106756642 0.0
1832 -0.002832329838652138 0.0
1833 -0.002826918570547634 0.0
1834 -0.0028215073024431304 0.0
1835 -0.0028160960343386267 0.0
1836 -0.002810684766234123 0.0
1837 -0.0028052734981296188 0.0
1838 -0.002799862230025115 0.0
1839 -0.0027944509619206113 0.0
1840 -0.0027890396938161075 0.0
1841 -0.002783628425711604 0.0
1842 -0.0027782171576071 0.0
1843 -0.002772805889502596 0.0
1844 -0.002767394621398092 0.0
1845 -0.0027619833532935884 0.0
1846 -0.0027565720851890846 0.0
1847 -0.002751160817084581 0.0
1848 -0.0027457495489800767 0.0
1849 -0.0027403382808755734 0.0
1850 -0.002734927012771069 0.0
1851 -0.0027295157446665655 0.0
1852 -0.0027241044765620617 0.0
1853 -0.0027186932084575575 0.0
1854 -0.0027132819403530542 0.0
1855 -0.00270787067224855 0.0
1856 -0.0027024594041440463 0.0
1857 -0.0026970481360395425 0.0
1858 -0.0026916368679350384 0.0
1859 -0.0026862255998305346 0.0
1860 -0.002680814331726031 0.0
1861 -0.002675403063621527 0.0
1862 -0.0026699917955170234 0.0
1863 -0.0026645805274125196 0.0
1864 -0.0026591692593080155 0.0
1865 -0.0026537579912035117 0.0
1866 -0.002648346723099008 0.0
1867 -0.002642935454994504 0.0
1868 -0.0026375241868900005 0.0
1869 -0.0026321129187854963 0.0
1870 -0.002626701650680993 0.0
1871 -0.002621290382576489 0.0
1872 -0.002615879114471985 0.0
1873 -0.0026104678463674813 0.0
1874 -0.002605056578262977 0.0
1875 -0.002599645310158474 0.0
1876 -0.0025942340420539696 0.0
1877 -0.0025888227739494663 0.0
1878 -0.002583411505844962 0.0
1879 -0.002578000237740458 0.0
1880 -0.0025725889696359546 0.0
1881 -0.0025671777015314505 0.0
1882 -0.002561766433426947 0.0
1883 -0.002556355165322443 0.0
1884 -0.0025509438972179397 0.0
1885 -0.0025455326291134355 0.0
1886 -0.0025401213610089313 0.0
1887 -0.002534710092904428 0.0
1888 -0.002529298824799924 0.0
1889 -0.0025238875566954205 0.0
1890 -0.0025184762885909163 0.0
1891 -0.0025130650204864126 0.0
1892 -0.002507653752381909 0.0
1893 -0.0025022424842774046 0.0
1894 -0.0024968312161729013 0.0
1895 -0.002491419948068397 0.0
1896 -0.0024860086799638934 0.0
1897 -0.0024805974118593897 0.0
1898 -0.002475186143754886 0.0
1899 -0.002469774875650382 0.0
1900 -0.002464363607545878 0.0
1901 -0.0024589523394413742 0.0
1902 -0.0024535410713368705 0.0
1903 -0.0024481298032323667 0.0
1904 -0.002442718535127863 0.0
1905 -0.0024373072670233593 0.0
1906 -0.002431895998918855 0.0
1907 -0.0024264847308143513 0.0
1908 -0.0024210734627098476 0.0
1909 -0.0024156621946053434 0.0
1910 -0.00241025092650084 0.0
1911 -0.002404839658396336 0.0
1912 -0.0023994283902918326 0.0
1913 -0.0023940171221873284 0.0
1914 -0.0023886058540828242 0.0
1915 -0.002383194585978321 0.0
1916 -0.0023777833178738167 0.0
1917 -0.0023723720497693134 0.0
1918 -0.0023669607816648093 0.0
1919 -0.0023615495135603055 0.0
1920 -0.0023561382454558018 0.0
1921 -0.0023507269773512976 0.0
1922 -0.002345315709246794 0.0
1923 -0.00233990444114229 0.0
1924 -0.0023344931730377863 0.0
1925 -0.0023290819049332826 0.0
1926 -0.002323670636828779 0.0
1927 -0.0023182593687242747 0.0
1928 -0.002312848100619771 0.0
1929 -0.002307436832515267 0.0
1930 -0.0023020255644107634 0.0
1931 -0.0022966142963062597 0.0
1932 -0.0022912030282017555 0.0
1933 -0.002285791760097252 0.0
1934 -0.002280380491992748 0.0
1935 -0.0022749692238882443 0.0
1936 -0.0022695579557837405 0.0
1937 -0.0022641466876792363 0.0
1938 -0.002258735419574733 0.0
1939 -0.002253324151470229 0.0
1940 -0.0022479128833657255 0.0
1941 -0.0022425016152612214 0.0
1942 -0.002237090347156717 0.0
1943 -0.002231679079052214 0.0
1944 -0.0022262678109477097 0.0
1945 -0.0022208565428432064 0.0
1946 -0.002215445274738702 0.0
1947 -0.002210034006634199 0.0
1948 -0.0022046227385296947 0.0
1949 -0.0021992114704251905 0.0
1950 -0.002193800202320687 0.0
1951 -0.002188388934216183 0.0
1952 -0.0021829776661116793 0.0
1953 -0.0021775663980071755 0.0
1954 -0.002172155129902672 0.0
1955 -0.002166743861798168 0.0
1956 -0.002161332593693664 0.0
1957 -0.00215592132558916 0.0
1958 -0.0021505100574846564 0.0
1959 -0.0021450987893801526 0.0
1960 -0.002139687521275649 0.0
1961 -0.002134276253171145 0.0
1962 -0.002128864985066641 0.0
1963 -0.002123453716962137 0.0
1964 -0.0021180424488576335 0.0
1965 -0.0021126311807531297 0.0
1966 -0.002107219912648626 0.0
1967 -0.0021018086445441218 0.0
1968 -0.002096397376439618 0.0
1969 -0.0020909861083351143 0.0
1970 -0.00208557484023061 0.0
1971 -0.002080163572126107 0.0
1972 -0.0020747523040216026 0.0
1973 -0.0020693410359170993 0.0
1974 -0.002063929767812595 0.0
1975 -0.002058518499708091 0.0
1976 -0.0020531072316035876 0.0
1977 -0.0020476959634990835 0.0
1978 -0.00204228469539458 0.0
1979 -0.002036873427290076 0.0
1980 -0.002031462159185572 0.0
1981 -0.0020260508910810685 0.0
1982 -0.0020206396229765643 0.0
1983 -0.002015228354872061 0.0
1984 -0.002009817086767557 0.0
1985 -0.002004405818663053 0.0
1986 -0.0019989945505585493 0.0
1987 -0.0019935832824540456 0.0
1988 -0.001988172014349542 0.0
1989 -0.0019827607462450376 0.0
1990 -0.001977349478140534 0.0
1991 -0.00197193821003603 0.0
1992 -0.0019665269419315264 0.0
1993 -0.0019611156738270226 0.0
1994 -0.001955704405722519 0.0
1995 -0.001950293137618015 0.0
1996 -0.0019448818695135108 0.0
1997 -0.0019394706014090072 0.0
1998 -0.0019340593333045033 0.0
1999 -0.0019286480651999997 0.0
2000 -0.0019286480651999997 0.0
2001 -0.0019286480651999997 0.0
2002 -0.0019286480651999997 0.0
2003 -0.0019286480651999997 0.0
2004 -0.0019286480651999997 0.0
2005 -0.0019286480651999997 0.0
2006 -0.0019286480651999997 0.0
2007 -0.0019286480651999997 0.0
2008 -0.0019286480651999997 0.0
2009 -0.0019286480651999997 0.0
2010 -0.0019286480651999997 0.0
2011 -0.0019286480651999997 0.0
2012 -0.0019286480651999997 0.0
2013 -0.0019286480651999997 0.0
2014 -0.0019286480651999997 0.0
2015 -0.0019286480651999997 0.0
2016 -0.0019286480651999997 0.0
2017 -0.0019286480651999997 0.0
2018 -0.0019286480651999997 0.0
2019 -0.0019286480651999997 0.0
2020 -0.0019286480651999997 0.0
2021 -0.0019286480651999997 0.0
2022 -0.0019286480651999997 0.0
2023 -0.0019286480651999997 0.0
2024 -0.0019286480651999997 0.0
2025 -0.0019286480651999997 0.0
2026 -0.0019286480651999997 0.0
2027 -0.0019286480651999997 0.0
2028 -0.0019286480651999997 0.0
2029 -0.0019286480651999997 0.0
2030 -0.0019286480651999997 0.0
2031 -0.0019286480651999997 0.0
2032 -0.0019286480651999997 0.0
2033 -0.0019286480651999997 0.0
2034 -0.0019286480651999997 0.0
2035 -0.0019286480651999997 0.0
2036 -0.0019286480651999997 0.0
2037 -0.0019286480651999997 0.0
2038 -0.0019286480651999997 0.0
2039 -0.0019286480651999997 0.0
2040 -0.0019286480651999997 0.0
2041 -0.0019286480651999997 0.0
2042 -0.0019286480651999997 0.0
2043 -0.0019286480651999997 0.0
2044 -0.0019286480651999997 0.0
2045 -0.0019286480651999997 0.0
2046 -0.0019286480651999997 0.0
2047 -0.0019286480651999997 0.0
2048 -0.0019286480651999997 0.0
2049 -0.0019286480651999997 0.0
2050 -0.0019286480651999997 0.0
2051 -0.0019286480651999997 0.0
2052 -0.0019286480651999997 0.0
2053 -0.0019286480651999997 0.0
2054 -0.0019286480651999997 0.0
2055 -0.0019286480651999997 0.0
2056 -0.0019286480651999997 0.0
2057 -0.0019286480651999997 0.0
2058 -0.0019286480651999997 0.0
2059 -0.0019286480651999997 0.0
2060 -0.0019286480651999997 0.0
2061 -0.0019286480651999997 0.0
2062 -0.0019286480651999997 0.0
2063 -0.0019286480651999997 0.0
2064 -0.0019286480651999997 0.0
2065 -0.0019286480651999997 0.0
2066 -0.0019286480651999997 0.0
2067 -0.0019286480651999997 0.0
2068 -0.0019286480651999997 0.0
2069 -0.0019286480651999997 0.0
2070 -0.0019286480651999997 0.0
2071 -0.0019286480651999997 0.0
2072 -0.0019286480651999997 0.0
2073 -0.0019286480651999997 0.0
2074 -0.0019286480651999997 0.0
2075 -0.0019286480651999997 0.0
2076 -0.0019286480651999997 0.0
2077 -0.0019286480651999997 0.0
2078 -0.0019286480651999997 0.0
2079 -0.0019286480651999997 0.0
2080 -0.0019286480651999997 0.0
2081 -0.0019286480651999997 0.0
2082 -0.0019286480651999997 0.0
2083 -0.0019286480651999997 0.0
2084 -0.0019286480651999997 0.0
2085 -0.0019286480651999997 0.0
2086 -0.0019286480651999997 0.0
2087 -0.0019286480651999997 0.0
2088 -0.0019286480651999997 0.0
2089 -0.0019286480651999997 0.0
2090 -0.0019286480651999997 0.0
2091 -0.0019286480651999997 0.0
2092 -0.0019286480651999997 0.0
2093 -0.0019286480651999997 0.0
2094 -0.0019286480651999997 0.0
2095 -0.0019286480651999997 0.0
2096 -0.0019286480651999997 0.0
2097 -0.0019286480651999997 0.0
2098 -0.0019286480651999997 0.0
2099 -0.0019286480651999997 0.0
2100 -0.0019286480651999997 0.0
2101 -0.0019286480651999997 0.0
2102 -0.0019286480651999997 0.0
2103 -0.0019286480651999997 0.0
2104 -0.0019286480651999997 0.0
2105 -0.0019286480651999997 0.0
2106 -0.0019286480651999997 0.0
2107 -0.0019286480651999997 0.0
2108 -0.0019286480651999997 0.0
2109 -0.0019286480651999997 0.0
2110 -0.0019286480651999997 0.0
2111 -0.0019286480651999997 0.0
2112 -0.0019286480651999997 0.0
2113 -0.0019286480651999997 0.0
2114 -0.0019286480651999997 0.0
2115 -0.0019286480651999997 0.0
2116 -0.0019286480651999997 0.0
2117 -0.0019286480651999997 0.0
2118 -0.0019286480651999997 0.0
2119 -0.0019286480651999997 0.0
2120 -0.0019286480651999997 0.0
2121 -0.0019286480651999997 0.0
2122 -0.0019286480651999997 0.0
2123 -0.0019286480651999997 0.0
2124 -0.0019286480651999997 0.0
2125 -0.0019286480651999997 0.0
2126 -0.0019286480651999997 0.0
2127 -0.0019286480651999997 0.0
2128 -0.0019286480651999997 0.0
2129 -0.0019286480651999997 0.0
2130 -0.0019286480651999997 0.0
2131 -0.0019286480651999997 0.0
2132 -0.0019286480651999997 0.0
2133 -0.0019286480651999997 0.0
2134 -0.0019286480651999997 0.0
2135 -0.0019286480651999997 0.0
2136 -0.0019286480651999997 0.0
2137 -0.0019286480651999997 0.0
2138 -0.0019286480651999997 0.0
2139 -0.0019286480651999997 0.0
2140 -0.0019286480651999997 0.0
2141 -0.0019286480651999997 0.0
2142 -0.0019286480651999997 0.0
2143 -0.0019286480651999997 0.0
2144 -0.0019286480651999997 0.0
2145 -0.0019286480651999997 0.0
2146 -0.0019286480651999997 0.0
2147 -0.0019286480651999997 0.0
2148 -0.0019286480651999997 0.0
2149 -0.0019286480651999997 0.0
2150 -0.0019286480651999997 0.0
2151 -0.0019286480651999997 0.0
2152 -0.0019286480651999997 0.0
2153 -0.0019286480651999997 0.0
2154 -0.0019286480651999997 0.0
2155 -0.0019286480651999997 0.0
2156 -0.0019286480651999997 0.0
2157 -0.0019286480651999997 0.0
2158 -0.0019286480651999997 0.0
2159 -0.0019286480651999997 0.0
2160 -0.0019286480651999997 0.0
2161 -0.0019286480651999997 0.0
2162 -0.0019286480651999997 0.0
2163 -0.0019286480651999997 0.0
2164 -0.0019286480651999997 0.0
2165 -0.0019286480651999997 0.0
2166 -0.0019286480651999997 0.0
2167 -0.0019286480651999997 0.0
2168 -0.0019286480651999997 0.0
2169 -0.0019286480651999997 0.0
2170 -0.0019286480651999997 0.0
2171 -0.0019286480651999997 0.0
2172 -0.0019286480651999997 0.0
2173 -0.0019286480651999997 0.0
2174 -0.0019286480651999997 0.0
2175 -0.0019286480651999997 0.0
2176 -0.0019286480651999997 0.0
2177 -0.0019286480651999997 0.0
2178 -0.0019286480651999997 0.0
2179 -0.0019286480651999997 0.0
2180 -0.0019286480651999997 0.0
2181 -0.0019286480651999997 0.0
2182 -0.0019286480651999997 0.0
2183 -0.0019286480651999997 0.0
2184 -0.0019286480651999997 0.0
2185 -0.0019286480651999997 0.0
2186 -0.0019286480651999997 0.0
2187 -0.0019286480651999997 0.0
2188 -0.0019286480651999997 0.0
2189 -0.0019286480651999997 0.0
2190 -0.0019286480651999997 0.0
2191 -0.0019286480651999997 0.0
2192 -0.0019286480651999997 0.0
2193 -0.0019286480651999997 0.0
2194 -0.0019286480651999997 0.0
2195 -0.0019286480651999997 0.0
2196 -0.0019286480651999997 0.0
2197 -0.0019286480651999997 0.0
2198 -0.0019286480651999997 0.0
2199 -0.0019286480651999997 0.0