2200 0.000002100546602 1.0
2
0 -0.0019286480651999997 0.0
1 -0.0019286480651999997 0.0
2 -0.0019286480651999997 0.0
3 -0.0019286480651999997 0.0
4 -0.0019286480651999997 0.0
5 -0.0019286480651999997 0.0
6 -0.0019286480651999997 0.0
7 -0.0019286480651999997 0.0
8 -0.0019286480651999997 0.0
9 -0.0019286480651999997 0.0
10 -0.0019286480651999997 0.0
11 -0.0019286480651999997 0.0
12 -0.0019286480651999997 0.0
13 -0.0019286480651999997 0.0
14 -0.0019286480651999997 0.0
15 -0.0019286480651999997 0.0
16 -0.0019286480651999997 0.0
17 -0.0019286480651999997 0.0
18 -0.0019286480651999997 0.0
19 -0.0019286480651999997 0.0
20 -0.0019286480651999997 0.0
21 -0.0019286480651999997 0.0
22 -0.0019286480651999997 0.0
23 -0.0019286480651999997 0.0
24 -0.0019286480651999997 0.0
25 -0.0019286480651999997 0.0
26 -0.0019286480651999997 0.0
27 -0.0019286480651999997 0.0
28 -0.0019286480651999997 0.0
29 -0.0019286480651999997 0.0
30 -0.0019286480651999997 0.0
31 -0.0019286480651999997 0.0
32 -0.0019286480651999997 0.0
33 -0.0019286480651999997 0.0
34 -0.0019286480651999997 0.0
35 -0.0019286480651999997 0.0
36 -0.0019286480651999997 0.0
37 -0.0019286480651999997 0.0
38 -0.0019286480651999997 0.0
39 -0.0019286480651999997 0.0
40 -0.0019286480651999997 0.0
41 -0.0019286480651999997 0.0
42 -0.0019286480651999997 0.0
43 -0.0019286480651999997 0.0
44 -0.0019286480651999997 0.0
45 -0.0019286480651999997 0.0
46 -0.0019286480651999997 0.0
47 -0.0019286480651999997 0.0
48 -0.0019286480651999997 0.0
49 -0.0019286480651999997 0.0
50 -0.0019286480651999997 0.0
51 -0.0019286480651999997 0.0
52 -0.0019286480651999997 0.0
53 -0.0019286480651999997 0.0
54 -0.0019286480651999997 0.0
55 -0.0019286480651999997 0.0
56 -0.0019286480651999997 0.0
57 -0.0019286480651999997 0.0
58 -0.0019286480651999997 0.0
59 -0.0019286480651999997 0.0
60 -0.0019286480651999997 0.0
61 -0.0019286480651999997 0.0
62 -0.0019286480651999997 0.0
63 -0.0019286480651999997 0.0
64 -0.0019286480651999997 0.0
65 -0.0019286480651999997 0.0
66 -0.0019286480651999997 0.0
67 -0.0019286480651999997 0.0
68 -0.0019286480651999997 0.0
69 -0.0019286480651999997 0.0
70 -0.0019286480651999997 0.0
71 -0.0019286480651999997 0.0
72 -0.0019286480651999997 0.0
73 -0.0019286480651999997 0.0
74 -0.0019286480651999997 0.0
75 -0.0019286480651999997 0.0
76 -0.0019286480651999997 0.0
77 -0.0019286480651999997 0.0
78 -0.0019286480651999997 0.0
79 -0.0019286480651999997 0.0
80 -0.0019286480651999997 0.0
81 -0.0019286480651999997 0.0
82 -0.0019286480651999997 0.0
83 -0.0019286480651999997 0.0
84 -0.0019286480651999997 0.0
85 -0.0019286480651999997 0.0
86 -0.0019286480651999997 0.0
87 -0.0019286480651999997 0.0
88 -0.0019286480651999997 0.0
89 -0.0019286480651999997 0.0
90 -0.0019286480651999997 0.0
91 -0.0019286480651999997 0.0
92 -0.0019286480651999997 0.0
93 -0.0019286480651999997 0.0
94 -0.0019286480651999997 0.0
95 -0.0019286480651999997 0.0
96 -0.0019286480651999997 0.0
97 -0.0019286480651999997 0.0
98 -0.0019286480651999997 0.0
99 -0.0019286480651999997 0.0
100 -0.0019286480651999997 0.0
101 -0.0019286480651999997 0.0
102 -0.0019286480651999997 0.0
103 -0.0019286480651999997 0.0
104 -0.0019286480651999997 0.0
105 -0.0019286480651999997 0.0
106 -0.0019286480651999997 0.0
107 -0.0019286480651999997 0.0
108 -0.0019286480651999997 0.0
109 -0.0019286480651999997 0.0
110 -0.0019286480651999997 0.0
111 -0.0019286480651999997 0.0
112 -0.0019286480651999997 0.0
113 -0.0019286480651999997 0.0
114 -0.0019286480651999997 0.0
115 -0.0019286480651999997 0.0
116 -0.0019286480651999997 0.0
117 -0.0019286480651999997 0.0
118 -0.0019286480651999997 0.0
119 -0.0019286480651999997 0.0
120 -0.0019286480651999997 0.0
121 -0.0019286480651999997 0.0
122 -0.0019286480651999997 0.0
123 -0.0019286480651999997 0.0
124 -0.0019286480651999997 0.0
125 -0.0019286480651999997 0.0
126 -0.0019286480651999997 0.0
127 -0.0019286480651999997 0.0
128 -0.0019286480651999997 0.0
129 -0.0019286480651999997 0.0
130 -0.0019286480651999997 0.0
131 -0.0019286480651999997 0.0
132 -0.0019286480651999997 0.0
133 -0.0019286480651999997 0.0
134 -0.0019286480651999997 0.0
135 -0.0019286480651999997 0.0
136 -0.0019286480651999997 0.0
137 -0.0019286480651999997 0.0
138 -0.0019286480651999997 0.0
139 -0.0019286480651999997 0.0
140 -0.0019286480651999997 0.0
141 -0.0019286480651999997 0.0
142 -0.0019286480651999997 0.0
143 -0.0019286480651999997 0.0
144 -0.0019286480651999997 0.0
145 -0.0019286480651999997 0.0
146 -0.0019286480651999997 0.0
147 -0.0019286480651999997 0.0
148 -0.0019286480651999997 0.0
149 -0.0019286480651999997 0.0
150 -0.0019286480651999997 0.0
151 -0.0019286480651999997 0.0
152 -0.0019286480651999997 0.0
153 -0.0019286480651999997 0.0
154 -0.0019286480651999997 0.0
155 -0.0019286480651999997 0.0
156 -0.0019286480651999997 0.0
157 -0.0019286480651999997 0.0
158 -0.0019286480651999997 0.0
159 -0.0019286480651999997 0.0
160 -0.0019286480651999997 0.0
161 -0.0019286480651999997 0.0
162 -0.0019286480651999997 0.0
163 -0.0019286480651999997 0.0
164 -0.0019286480651999997 0.0
165 -0.0019286480651999997 0.0
166 -0.0019286480651999997 0.0
167 -0.0019286480651999997 0.0
168 -0.0019286480651999997 0.0
169 -0.0019286480651999997 0.0
170 -0.0019286480651999997 0.0
171 -0.0019286480651999997 0.0
172 -0.0019286480651999997 0.0
173 -0.0019286480651999997 0.0
174 -0.0019286480651999997 0.0
175 -0.0019286480651999997 0.0
176 -0.0019286480651999997 0.0
177 -0.0019286480651999997 0.0
178 -0.0019286480651999997 0.0
179 -0.0019286480651999997 0.0
180 -0.0019286480651999997 0.0
181 -0.0019286480651999997 0.0
182 -0.0019286480651999997 0.0
183 -0.0019286480651999997 0.0
184 -0.0019286480651999997 0.0
185 -0.0019286480651999997 0.0
186 -0.0019286480651999997 0.0
187 -0.0019286480651999997 0.0
188 -0.0019286480651999997 0.0
189 -0.0019286480651999997 0.0
190 -0.0019286480651999997 0.0
191 -0.0019286480651999997 0.0
192 -0.0019286480651999997 0.0
193 -0.0019286480651999997 0.0
194 -0.0019286480651999997 0.0
195 -0.0019286480651999997 0.0
196 -0.0019286480651999997 0.0
197 -0.0019286480651999997 0.0
198 -0.0019286480651999997 0.0
199 -0.0019286480651999997 0.0
200 -0.0019286480651999997 0.0
201 -0.0019237037784721595 0.0
202 -0.001918759491744319 0.0
203 -0.0019138152050164788 0.0
204 -0.0019088709182886383 0.0
205 -0.001903926631560798 0.0
206 -0.0018989823448329576 0.0
207 -0.0018940380581051173 0.0
208 -0.001889093771377277 0.0
209 -0.0018841494846494366 0.0
210 -0.0018792051979215963 0.0
211 -0.0018742609111937559 0.0
212 -0.0018693166244659156 0.0
213 -0.0018643723377380751 0.0
214 -0.0018594280510102349 0.0
215 -0.0018544837642823944 0.0
216 -0.0018495394775545541 0.0
217 -0.001844595190826714 0.0
218 -0.0018396509040988734 0.0
219 -0.0018347066173710332 0.0
220 -0.0018297623306431927 0.0
221 -0.0018248180439153524 0.0
222 -0.001819873757187512 0.0
223 -0.0018149294704596717 0.0
224 -0.0018099851837318315 0.0
225 -0.001805040897003991 0.0
226 -0.0018000966102761507 0.0
227 -0.0017951523235483103 0.0
228 -0.00179020803682047 0.0
229 -0.0017852637500926295 0.0
230 -0.0017803194633647893 0.0
231 -0.001775375176636949 0.0
232 -0.0017704308899091086 0.0
233 -0.0017654866031812683 0.0
234 -0.0017605423164534278 0.0
235 -0.0017555980297255876 0.0
236 -0.0017506537429977471 0.0
237 -0.0017457094562699069 0.0
238 -0.0017407651695420666 0.0
239 -0.0017358208828142261 0.0
240 -0.0017308765960863859 0.0
241 -0.0017259323093585454 0.0
242 -0.0017209880226307052 0.0
243 -0.0017160437359028647 0.0
244 -0.0017110994491750244 0.0
245 -0.0017061551624471842 0.0
246 -0.0017012108757193437 0.0
247 -0.0016962665889915034 0.0
248 -0.001691322302263663 0.0
249 -0.0016863780155358227 0.0
250 -0.0016814337288079823 0.0
251 -0.001676489442080142 0.0
252 -0.0016715451553523017 0.0
253 -0.0016666008686244613 0.0
254 -0.001661656581896621 0.0
255 -0.0016567122951687805 0.0
256 -0.0016517680084409403 0.0
257 -0.0016468237217130998 0.0
258 -0.0016418794349852596 0.0
259 -0.0016369351482574193 0.0
260 -0.0016319908615295788 0.0
261 -0.0016270465748017386 0.0
262 -0.0016221022880738981 0.0
263 -0.0016171580013460579 0.0
264 -0.0016122137146182174 0.0
265 -0.0016072694278903771 0.0
266 -0.0016023251411625369 0.0
267 -0.0015973808544346964 0.0
268 -0.0015924365677068562 0.0
269 -0.0015874922809790157 0.0
270 -0.0015825479942511754 0.0
271 -0.001577603707523335 0.0
272 -0.0015726594207954947 0.0
273 -0.0015677151340676545 0.0
274 -0.001562770847339814 0.0
275 -0.0015578265606119737 0.0
276 -0.0015528822738841333 0.0
277 -0.001547937987156293 0.0
278 -0.0015429937004284525 0.0
279 -0.0015380494137006123 0.0
280 -0.001533105126972772 0.0
281 -0.0015281608402449316 0.0
282 -0.0015232165535170913 0.0
283 -0.0015182722667892508 0.0
284 -0.0015133279800614106 0.0
285 -0.00150838369333357 0.0
286 -0.0015034394066057298 0.0
287 -0.0014984951198778896 0.0
288 -0.0014935508331500491 0.0
289 -0.0014886065464222089 0.0
290 -0.0014836622596943684 0.0
291 -0.0014787179729665281 0.0
292 -0.0014737736862386877 0.0
293 -0.0014688293995108474 0.0
294 -0.0014638851127830072 0.0
295 -0.0014589408260551667 0.0
296 -0.0014539965393273262 0.0
297 -0.001449052252599486 0.0
298 -0.0014441079658716457 0.0
299 -0.0014391636791438052 0.0
300 -0.0014342193924159648 0.0
301 -0.0014292751056881247 0.0
302 -0.0014243308189602843 0.0
303 -0.0014193865322324438 0.0
304 -0.0014144422455046035 0.0
305 -0.0014094979587767633 0.0
306 -0.0014045536720489228 0.0
307 -0.0013996093853210823 0.0
308 -0.0013946650985932423 0.0
309 -0.0013897208118654018 0.0
310 -0.0013847765251375614 0.0
311 -0.0013798322384097211 0.0
312 -0.0013748879516818809 0.0
313 -0.0013699436649540404 0.0
314 -0.0013649993782262 0.0
315 -0.0013600550914983599 0.0
316 -0.0013551108047705194 0.0
317 -0.001350166518042679 0.0
318 -0.0013452222313148387 0.0
319 -0.0013402779445869984 0.0
320 -0.001335333657859158 0.0
321 -0.0013303893711313175 0.0
322 -0.0013254450844034774 0.0
323 -0.001320500797675637 0.0
324 -0.0013155565109477965 0.0
325 -0.0013106122242199562 0.0
326 -0.001305667937492116 0.0
327 -0.0013007236507642755 0.0
328 -0.001295779364036435 0.0
329 -0.001290835077308595 0.0
330 -0.0012858907905807545 0.0
331 -0.001280946503852914 0.0
332 -0.0012760022171250738 0.0
333 -0.0012710579303972336 0.0
334 -0.001266113643669393 0.0
335 -0.0012611693569415526 0.0
336 -0.0012562250702137126 0.0
337 -0.0012512807834858721 0.0
338 -0.0012463364967580316 0.0
339 -0.0012413922100301914 0.0
340 -0.0012364479233023511 0.0
341 -0.0012315036365745107 0.0
342 -0.0012265593498466702 0.0
343 -0.0012216150631188302 0.0
344 -0.0012166707763909897 0.0
345 -0.0012117264896631492 0.0
346 -0.001206782202935309 0.0
347 -0.0012018379162074687 0.0
348 -0.0011968936294796282 0.0
349 -0.0011919493427517878 0.0
350 -0.0011870050560239477 0.0
351 -0.0011820607692961073 0.0
352 -0.0011771164825682668 0.0
353 -0.0011721721958404265 0.0
354 -0.001167227909112586 0.0
355 -0.0011622836223847458 0.0
356 -0.0011573393356569053 0.0
357 -0.0011523950489290653 0.0
358 -0.0011474507622012248 0.0
359 -0.0011425064754733844 0.0
360 -0.001137562188745544 0.0
361 -0.0011326179020177036 0.0
362 -0.0011276736152898634 0.0
363 -0.001122729328562023 0.0
364 -0.0011177850418341829 0.0
365 -0.0011128407551063424 0.0
366 -0.001107896468378502 0.0
367 -0.0011029521816506617 0.0
368 -0.0010980078949228212 0.0
369 -0.001093063608194981 0.0
370 -0.0010881193214671405 0.0
371 -0.0010831750347393004 0.0
372 -0.00107823074801146 0.0
373 -0.0010732864612836195 0.0
374 -0.0010683421745557792 0.0
375 -0.0010633978878279388 0.0
376 -0.0010584536011000985 0.0
377 -0.001053509314372258 0.0
378 -0.001048565027644418 0.0
379 -0.0010436207409165775 0.0
380 -0.001038676454188737 0.0
381 -0.0010337321674608968 0.0
382 -0.0010287878807330563 0.0
383 -0.001023843594005216 0.0
384 -0.0010188993072773756 0.0
385 -0.0010139550205495354 0.0
386 -0.001009010733821695 0.0
387 -0.0010040664470938546 0.0
388 -0.0009991221603660144 0.0
389 -0.000994177873638174 0.0
390 -0.0009892335869103337 0.0
391 -0.0009842893001824932 0.0
392 -0.0009793450134546527 0.0
393 -0.0009744007267268126 0.0
394 -0.0009694564399989722 0.0
395 -0.000964512153271132 0.0
396 -0.0009595678665432915 0.0
397 -0.0009546235798154512 0.0
398 -0.000949679293087611 0.0
399 -0.0009447350063597705 0.0
400 -0.00093979071963193 0.0
401 -0.0009348464329040898 0.0
402 -0.0009299021461762495 0.0
403 -0.0009249578594484093 0.0
404 -0.0009200135727205688 0.0
405 -0.0009150692859927283 0.0
406 -0.0009101249992648881 0.0
407 -0.0009051807125370476 0.0
408 -0.0009002364258092073 0.0
409 -0.0008952921390813671 0.0
410 -0.0008903478523535268 0.0
411 -0.0008854035656256864 0.0
412 -0.0008804592788978459 0.0
413 -0.0008755149921700056 0.0
414 -0.0008705707054421652 0.0
415 -0.0008656264187143249 0.0
416 -0.0008606821319864847 0.0
417 -0.0008557378452586444 0.0
418 -0.0008507935585308037 0.0
419 -0.0008458492718029635 0.0
420 -0.0008409049850751232 0.0
421 -0.0008359606983472827 0.0
422 -0.0008310164116194425 0.0
423 -0.0008260721248916022 0.0
424 -0.000821127838163762 0.0
425 -0.0008161835514359213 0.0
426 -0.000811239264708081 0.0
427 -0.0008062949779802408 0.0
428 -0.0008013506912524003 0.0
429 -0.00079640640452456 0.0
430 -0.0007914621177967198 0.0
431 -0.0007865178310688795 0.0
432 -0.0007815735443410389 0.0
433 -0.0007766292576131986 0.0
434 -0.0007716849708853583 0.0
435 -0.0007667406841575179 0.0
436 -0.0007617963974296776 0.0
437 -0.0007568521107018374 0.0
438 -0.0007519078239739969 0.0
439 -0.0007469635372461564 0.0
440 -0.0007420192505183162 0.0
441 -0.0007370749637904759 0.0
442 -0.0007321306770626354 0.0
443 -0.0007271863903347952 0.0
444 -0.0007222421036069549 0.0
445 -0.0007172978168791145 0.0
446 -0.000712353530151274 0.0
447 -0.0007074092434234337 0.0
448 -0.0007024649566955935 0.0
449 -0.000697520669967753 0.0
450 -0.0006925763832399128 0.0
451 -0.0006876320965120725 0.0
452 -0.000682687809784232 0.0
453 -0.0006777435230563916 0.0
454 -0.0006727992363285513 0.0
455 -0.0006678549496007111 0.0
456 -0.0006629106628728706 0.0
457 -0.0006579663761450303 0.0
458 -0.0006530220894171901 0.0
459 -0.0006480778026893496 0.0
460 -0.0006431335159615091 0.0
461 -0.0006381892292336689 0.0
462 -0.0006332449425058286 0.0
463 -0.0006283006557779882 0.0
464 -0.0006233563690501479 0.0
465 -0.0006184120823223076 0.0
466 -0.0006134677955944672 0.0
467 -0.0006085235088666267 0.0
468 -0.0006035792221387865 0.0
469 -0.0005986349354109462 0.0
470 -0.0005936906486831057 0.0
471 -0.0005887463619552655 0.0
472 -0.0005838020752274252 0.0
473 -0.0005788577884995847 0.0
474 -0.0005739135017717443 0.0
475 -0.000568969215043904 0.0
476 -0.0005640249283160638 0.0
477 -0.0005590806415882233 0.0
478 -0.000554136354860383 0.0
479 -0.0005491920681325428 0.0
480 -0.0005442477814047023 0.0
481 -0.0005393034946768618 0.0
482 -0.0005343592079490216 0.0
483 -0.0005294149212211813 0.0
484 -0.0005244706344933409 0.0
485 -0.0005195263477655006 0.0
486 -0.0005145820610376604 0.0
487 -0.0005096377743098199 0.0
488 -0.0005046934875819794 0.0
489 -0.0004997492008541392 0.0
490 -0.0004948049141262989 0.0
491 -0.0004898606273984584 0.0
492 -0.0004849163406706182 0.0
493 -0.00047997205394277793 0.0
494 -0.00047502776721493746 0.0
495 -0.000470083480487097 0.0
496 -0.00046513919375925673 0.0
497 -0.0004601949070314165 0.0
498 -0.000455250620303576 0.0
499 -0.00045030633357573575 0.0
500 -0.0004453620468478955 0.0
501 -0.0004404177601200548 0.0
502 -0.00043547347339221456 0.0
503 -0.0004305291866643743 0.0
504 -0.00042558489993653383 0.0
505 -0.0004206406132086936 0.0
506 -0.0004156963264808533 0.0
507 -0.00041075203975301307 0.0
508 -0.0004058077530251724 0.0
509 -0.00040086346629733213 0.0
510 -0.0003959191795694919 0.0
511 -0.0003909748928416514 0.0
512 -0.00038603060611381115 0.0
513 -0.0003810863193859709 0.0
514 -0.00037614203265813064 0.0
515 -0.00037119774593028995 0.0
516 -0.0003662534592024497 0.0
517 -0.00036130917247460944 0.0
518 -0.00035636488574676897 0.0
519 -0.0003514205990189287 0.0
520 -0.00034647631229108846 0.0
521 -0.0003415320255632482 0.0
522 -0.0003365877388354075 0.0
523 -0.00033164345210756727 0.0
524 -0.000326699165379727 0.0
525 -0.00032175487865188654 0.0
526 -0.0003168105919240463 0.0
527 -0.00031186630519620603 0.0
528 -0.0003069220184683658 0.0
529 -0.0003019777317405251 0.0
530 -0.00029703344501268484 0.0
531 -0.0002920891582848446 0.0
532 -0.0002871448715570041 0.0
533 -0.00028220058482916386 0.0
534 -0.0002772562981013236 0.0
535 -0.00027231201137348335 0.0
536 -0.00026736772464564266 0.0
537 -0.0002624234379178024 0.0
538 -0.00025747915118996215 0.0
539 -0.0002525348644621217 0.0
540 -0.00024759057773428143 0.0
541 -0.00024264629100644117 0.0
542 -0.00023770200427860092 0.0
543 -0.00023275771755076023 0.0
544 -0.00022781343082291998 0.0
545 -0.00022286914409507972 0.0
546 -0.00021792485736723925 0.0
547 -0.000212980570639399 0.0
548 -0.00020803628391155874 0.0
549 -0.0002030919971837185 0.0
550 -0.0001981477104558778 0.0
551 -0.00019320342372803755 0.0
552 -0.0001882591370001973 0.0
553 -0.00018331485027235682 0.0
554 -0.00017837056354451657 0.0
555 -0.00017342627681667631 0.0
556 -0.00016848199008883606 0.0
557 -0.00016353770336099537 0.0
558 -0.00015859341663315512 0.0
559 -0.00015364912990531486 0.0
560 -0.0001487048431774744 0.0
561 -0.00014376055644963414 0.0
562 -0.00013881626972179388 0.0
563 -0.00013387198299395363 0.0
564 -0.00012892769626611294 0.0
565 -0.0001239834095382727 0.0
566 -0.00011903912281043243 0.0
567 -0.00011409483608259196 0.0
568 -0.00010915054935475171 0.0
569 -0.00010420626262691145 0.0
570 -9.926197589907098e-05 0.0
571 -9.431768917123051e-05 0.0
572 -8.937340244339026e-05 0.0
573 -8.442911571555e-05 0.0
574 -7.948482898770953e-05 0.0
575 -7.454054225986928e-05 0.0
576 -6.959625553202902e-05 0.0
577 -6.465196880418855e-05 0.0
578 -5.970768207634808e-05 0.0
579 -5.476339534850783e-05 0.0
580 -4.9819108620667574e-05 0.0
581 -4.48748218928271e-05 0.0
582 -3.993053516498685e-05 0.0
583 -3.4986248437146594e-05 0.0
584 -3.0041961709305906e-05 0.0
585 -2.5097674981465652e-05 0.0
586 -2.0153388253625398e-05 0.0
587 -1.5209101525785144e-05 0.0
588 -1.0264814797944673e-05 0.0
589 -5.3205280701044185e-06 0.0
590 -3.762413422641643e-07 0.0
591 4.568045385576524e-06 0.0
592 9.512332113416778e-06 0.0
593 1.4456618841257032e-05 0.0
594 1.9400905569097286e-05 0.0
595 2.4345192296937757e-05 0.0
596 2.9289479024777795e-05 0.0
597 3.4233765752618266e-05 0.0
598 3.917805248045874e-05 0.0
599 4.412233920829921e-05 0.0
600 4.906662593613968e-05 0.0
601 5.4010912663979716e-05 0.0
602 5.895519939182019e-05 0.0
603 6.389948611966066e-05 0.0
604 6.88437728475007e-05 0.0
605 7.378805957534117e-05 0.0
606 7.87323463031812e-05 0.0
607 8.367663303102211e-05 0.0
608 8.862091975886215e-05 0.0
609 9.356520648670262e-05 0.0
610 9.850949321454309e-05 0.0
611 0.00010345377994238313 0.0
612 0.0001083980666702236 0.0
613 0.00011334235339806363 0.0
614 0.00011828664012590454 0.0
615 0.00012323092685374458 0.0
616 0.00012817521358158505 0.0
617 0.00013311950030942552 0.0
618 0.00013806378703726556 0.0
619 0.00014300807376510603 0.0
620 0.00014795236049294606 0.0
621 0.00015289664722078697 0.0
622 0.000157840933948627 0.0
623 0.00016278522067646748 0.0
624 0.00016772950740430795 0.0
625 0.00017267379413214799 0.0
626 0.00017761808085998846 0.0
627 0.0001825623675878285 0.0
628 0.0001875066543156694 0.0
629 0.00019245094104350987 0.0
630 0.0001973952277713499 0.0
631 0.00020233951449919038 0.0
632 0.00020728380122703042 0.0
633 0.0002122280879548709 0.0
634 0.00021717237468271092 0.0
635 0.00022211666141055183 0.0
636 0.0002270609481383923 0.0
637 0.00023200523486623234 0.0
638 0.0002369495215940728 0.0
639 0.00024189380832191285 0.0
640 0.0002468380950497533 0.0
641 0.00025178238177759335 0.0
642 0.00025672666850543426 0.0
643 0.00026167095523327473 0.0
644 0.00026661524196111477 0.0
645 0.00027155952868895524 0.0
646 0.0002765038154167953 0.0
647 0.00028144810214463575 0.0
648 0.0002863923888724758 0.0
649 0.0002913366756003167 0.0
650 0.00029628096232815716 0.0
651 0.0003012252490559972 0.0
652 0.00030616953578383767 0.0
653 0.0003111138225116777 0.0
654 0.0003160581092395182 0.0
655 0.0003210023959673582 0.0
656 0.0003259466826951991 0.0
657 0.0003308909694230396 0.0
658 0.0003358352561508796 0.0
659 0.0003407795428787201 0.0
660 0.00034572382960656014 0.0
661 0.0003506681163344006 0.0
662 0.00035561240306224064 0.0
663 0.00036055668979008155 0.0
664 0.000365500976517922 0.0
665 0.00037044526324576206 0.0
666 0.00037538954997360253 0.0
667 0.00038033383670144257 0.0
668 0.00038527812342928304 0.0
669 0.0003902224101571235 0.0
670 0.000395166696884964 0.0
671 0.00040011098361280445 0.0
672 0.0004050552703406445 0.0
673 0.00040999955706848496 0.0
674 0.000414943843796325 0.0
675 0.00041988813052416547 0.0
676 0.00042483241725200594 0.0
677 0.0004297767039798464 0.0
678 0.0004347209907076869 0.0
679 0.0004396652774355269 0.0
680 0.0004446095641633674 0.0
681 0.0004495538508912074 0.0
682 0.0004544981376190479 0.0
683 0.00045944242434688837 0.0
684 0.00046438671107472884 0.0
685 0.0004693309978025693 0.0
686 0.00047427528453040935 0.0
687 0.0004792195712582498 0.0
688 0.00048416385798608986 0.0
689 0.0004891081447139303 0.0
690 0.0004940524314417708 0.0
691 0.0004989967181696113 0.0
692 0.0005039410048974517 0.0
693 0.0005088852916252918 0.0
694 0.0005138295783531322 0.0
695 0.0005187738650809723 0.0
696 0.0005237181518088128 0.0
697 0.0005286624385366532 0.0
698 0.0005336067252644937 0.0
699 0.0005385510119923342 0.0
700 0.0005434952987201742 0.0
701 0.0005484395854480147 0.0
702 0.0005533838721758547 0.0
703 0.0005583281589036952 0.0
704 0.0005632724456315357 0.0
705 0.0005682167323593761 0.0
706 0.0005731610190872166 0.0
707 0.0005781053058150566 0.0
708 0.0005830495925428971 0.0
709 0.0005879938792707371 0.0
710 0.0005929381659985776 0.0
711 0.0005978824527264181 0.0
712 0.0006028267394542586 0.0
713 0.000607771026182099 0.0
714 0.0006127153129099391 0.0
715 0.0006176595996377795 0.0
716 0.0006226038863656196 0.0
717 0.00062754817309346 0.0
718 0.0006324924598213005 0.0
719 0.000637436746549141 0.0
720 0.0006423810332769815 0.0
721 0.0006473253200048215 0.0
722 0.000652269606732662 0.0
723 0.000657213893460502 0.0
724 0.0006621581801883425 0.0
725 0.000667102466916183 0.0
726 0.0006720467536440234 0.0
727 0.0006769910403718639 0.0
728 0.0006819353270997039 0.0
729 0.0006868796138275444 0.0
730 0.0006918239005553844 0.0
731 0.0006967681872832249 0.0
732 0.0007017124740110654 0.0
733 0.0007066567607389058 0.0
734 0.0007116010474667463 0.0
735 0.0007165453341945864 0.0
736 0.0007214896209224268 0.0
737 0.0007264339076502669 0.0
738 0.0007313781943781073 0.0
739 0.0007363224811059478 0.0
740 0.0007412667678337883 0.0
741 0.0007462110545616287 0.0
742 0.0007511553412894688 0.0
743 0.0007560996280173093 0.0
744 0.0007610439147451493 0.0
745 0.0007659882014729898 0.0
746 0.0007709324882008302 0.0
747 0.0007758767749286707 0.0
748 0.0007808210616565112 0.0
749 0.0007857653483843512 0.0
750 0.0007907096351121917 0.0
751 0.0007956539218400317 0.0
752 0.0008005982085678722 0.0
753 0.0008055424952957127 0.0
754 0.0008104867820235531 0.0
755 0.0008154310687513936 0.0
756 0.0008203753554792336 0.0
757 0.0008253196422070741 0.0
758 0.0008302639289349142 0.0
759 0.0008352082156627546 0.0
760 0.0008401525023905951 0.0
761 0.0008450967891184356 0.0
762 0.000850041075846276 0.0
763 0.0008549853625741161 0.0
764 0.0008599296493019565 0.0
765 0.0008648739360297966 0.0
766 0.0008698182227576371 0.0
767 0.0008747625094854775 0.0
768 0.000879706796213318 0.0
769 0.0008846510829411585 0.0
770 0.0008895953696689985 0.0
771 0.000894539656396839 0.0
772 0.000899483943124679 0.0
773 0.0009044282298525195 0.0
774 0.00090937251658036 0.0
775 0.0009143168033082004 0.0
776 0.0009192610900360409 0.0
777 0.0009242053767638809 0.0
778 0.0009291496634917214 0.0
779 0.0009340939502195614 0.0
780 0.0009390382369474019 0.0
781 0.0009439825236752424 0.0
782 0.0009489268104030829 0.0
783 0.0009538710971309233 0.0
784 0.0009588153838587634 0.0
785 0.0009637596705866038 0.0
786 0.0009687039573144439 0.0
787 0.0009736482440422843 0.0
788 0.0009785925307701248 0.0
789 0.0009835368174979653 0.0
790 0.0009884811042258058 0.0
791 0.0009934253909536458 0.0
792 0.0009983696776814863 0.0
793 0.0010033139644093263 0.0
794 0.0010082582511371668 0.0
795 0.0010132025378650072 0.0
796 0.0010181468245928477 0.0
797 0.0010230911113206882 0.0
798 0.0010280353980485282 0.0
799 0.0010329796847763687 0.0
800 0.0010379239715042087 0.0
801 0.0010428682582320496 0.0
802 0.0010478125449598901 0.0
803 0.0010527568316877301 0.0
804 0.0010577011184155706 0.0
805 0.0010626454051434107 0.0
806 0.0010675896918712511 0.0
807 0.0010725339785990912 0.0
808 0.001077478265326932 0.0
809 0.0010824225520547725 0.0
810 0.0010873668387826126 0.0
811 0.001092311125510453 0.0
812 0.001097255412238293 0.0
813 0.0011021996989661336 0.0
814 0.0011071439856939736 0.0
815 0.0011120882724218145 0.0
816 0.001117032559149655 0.0
817 0.001121976845877495 0.0
818 0.0011269211326053355 0.0
819 0.0011318654193331755 0.0
820 0.001136809706061016 0.0
821 0.001141753992788856 0.0
822 0.001146698279516697 0.0
823 0.0011516425662445374 0.0
824 0.0011565868529723774 0.0
825 0.001161531139700218 0.0
826 0.001166475426428058 0.0
827 0.0011714197131558984 0.0
828 0.0011763639998837385 0.0
829 0.0011813082866115794 0.0
830 0.0011862525733394198 0.0
831 0.0011911968600672599 0.0
832 0.0011961411467951003 0.0
833 0.0012010854335229404 0.0
834 0.0012060297202507808 0.0
835 0.0012109740069786209 0.0
836 0.0012159182937064618 0.0
837 0.0012208625804343023 0.0
838 0.0012258068671621423 0.0
839 0.0012307511538899828 0.0
840 0.0012356954406178228 0.0
841 0.0012406397273456633 0.0
842 0.0012455840140735033 0.0
843 0.0012505283008013442 0.0
844 0.0012554725875291847 0.0
845 0.0012604168742570247 0.0
846 0.0012653611609848652 0.0
847 0.0012703054477127052 0.0
848 0.0012752497344405457 0.0
849 0.0012801940211683857 0.0
850 0.0012851383078962266 0.0
851 0.0012900825946240671 0.0
852 0.0012950268813519072 0.0
853 0.0012999711680797476 0.0
854 0.0013049154548075877 0.0
855 0.0013098597415354281 0.0
856 0.0013148040282632682 0.0
857 0.001319748314991109 0.0
858 0.0013246926017189496 0.0
859 0.0013296368884467896 0.0
860 0.00133458117517463 0.0
861 0.00133952546190247 0.0
862 0.0013444697486303106 0.0
863 0.0013494140353581506 0.0
864 0.0013543583220859915 0.0
865 0.001359302608813832 0.0
866 0.001364246895541672 0.0
867 0.0013691911822695125 0.0
868 0.0013741354689973525 0.0
869 0.001379079755725193 0.0
870 0.001384024042453033 0.0
871 0.001388968329180874 0.0
872 0.0013939126159087144 0.0
873 0.0013988569026365544 0.0
874 0.001403801189364395 0.0
875 0.001408745476092235 0.0
876 0.0014136897628200754 0.0
877 0.0014186340495479155 0.0
878 0.0014235783362757564 0.0
879 0.0014285226230035968 0.0
880 0.0014334669097314369 0.0
881 0.0014384111964592773 0.0
882 0.0014433554831871174 0.0
883 0.0014482997699149579 0.0
884 0.001453244056642798 0.0
885 0.0014581883433706388 0.0
886 0.0014631326300984793 0.0
887 0.0014680769168263193 0.0
888 0.0014730212035541598 0.0
889 0.0014779654902819998 0.0
890 0.0014829097770098403 0.0
891 0.0014878540637376803 0.0
892 0.0014927983504655212 0.0
893 0.0014977426371933617 0.0
894 0.0015026869239212017 0.0
895 0.0015076312106490422 0.0
896 0.0015125754973768822 0.0
897 0.0015175197841047227 0.0
898 0.0015224640708325628 0.0
899 0.0015274083575604037 0.0
900 0.0015323526442882441 0.0
901 0.0015372969310160842 0.0
902 0.0015422412177439246 0.0
903 0.0015471855044717647 0.0
904 0.0015521297911996051 0.0
905 0.0015570740779274452 0.0
906 0.001562018364655286 0.0
907 0.0015669626513831266 0.0
908 0.0015719069381109666 0.0
909 0.001576851224838807 0.0
910 0.001581795511566647 0.0
911 0.0015867397982944876 0.0
912 0.0015916840850223276 0.0
913 0.0015966283717501685 0.0
914 0.001601572658478009 0.0
915 0.001606516945205849 0.0
916 0.0016114612319336895 0.0
917 0.0016164055186615295 0.0
918 0.00162134980538937 0.0
919 0.00162629409211721 0.0
920 0.001631238378845051 0.0
921 0.0016361826655728914 0.0
922 0.0016411269523007315 0.0
923 0.001646071239028572 0.0
924 0.001651015525756412 0.0
925 0.0016559598124842524 0.0
926 0.0016609040992120925 0.0
927 0.0016658483859399334 0.0
928 0.0016707926726677738 0.0
929 0.0016757369593956139 0.0
930 0.0016806812461234544 0.0
931 0.0016856255328512944 0.0
932 0.0016905698195791349 0.0
933 0.001695514106306975 0.0
934 0.0017004583930348158 0.0
935 0.0017054026797626563 0.0
936 0.0017103469664904963 0.0
937 0.0017152912532183368 0.0
938 0.0017202355399461768 0.0
939 0.0017251798266740173 0.0
940 0.0017301241134018578 0.0
941 0.0017350684001296982 0.0
942 0.0017400126868575387 0.0
943 0.0017449569735853787 0.0
944 0.0017499012603132192 0.0
945 0.0017548455470410593 0.0
946 0.0017597898337688997 0.0
947 0.0017647341204967402 0.0
948 0.0017696784072245807 0.0
949 0.0017746226939524211 0.0
950 0.0017795669806802612 0.0
951 0.0017845112674081016 0.0
952 0.0017894555541359417 0.0
953 0.0017943998408637822 0.0
954 0.0017993441275916226 0.0
955 0.001804288414319463 0.0
956 0.0018092327010473036 0.0
957 0.0018141769877751436 0.0
958 0.001819121274502984 0.0
959 0.0018240655612308241 0.0
960 0.0018290098479586646 0.0
961 0.001833954134686505 0.0
962 0.0018388984214143455 0.0
963 0.001843842708142186 0.0
964 0.001848786994870026 0.0
965 0.0018537312815978665 0.0
966 0.0018586755683257065 0.0
967 0.001863619855053547 0.0
968 0.001868564141781388 0.0
969 0.001873508428509228 0.0
970 0.0018784527152370684 0.0
971 0.0018833970019649085 0.0
972 0.001888341288692749 0.0
973 0.001893285575420589 0.0
974 0.0018982298621484294 0.0
975 0.0019031741488762704 0.0
976 0.0019081184356041104 0.0
977 0.0019130627223319509 0.0
978 0.001918007009059791 0.0
979 0.0019229512957876314 0.0
980 0.0019278955825154714 0.0
981 0.0019328398692433119 0.0
982 0.0019377841559711528 0.0
983 0.0019427284426989928 0.0
984 0.0019476727294268333 0.0
985 0.0019526170161546733 0.0
986 0.001957561302882514 0.0
987 0.001962505589610354 0.0
988 0.0019674498763381943 0.0
989 0.001972394163066035 0.0
990 0.0019773384497938752 0.0
991 0.0019822827365217153 0.0
992 0.0019872270232495553 0.0
993 0.0019921713099773962 0.0
994 0.0019971155967052363 0.0
995 0.002002059883433077 0.0
996 0.002007004170160917 0.0
997 0.0020119484568887572 0.0
998 0.002016892743616598 0.0
999 0.002021837030344438 0.0
1000 [0.00202184] 0.0
1001 [0.00202184] 0.0
1002 [0.00202184] 0.0
1003 [0.00202184] 0.0
1004 [0.00202184] 0.0
1005 [0.00202184] 0.0
1006 [0.00202184] 0.0
1007 [0.00202184] 0.0
1008 [0.00202184] 0.0
1009 [0.00202184] 0.0
1010 [0.00202184] 0.0
1011 [0.00202184] 0.0
1012 [0.00202184] 0.0
1013 [0.00202184] 0.0
1014 [0.00202184] 0.0
1015 [0.00202184] 0.0
1016 [0.00202184] 0.0
1017 [0.00202184] 0.0
1018 [0.00202184] 0.0
1019 [0.00202184] 0.0
1020 [0.00202184] 0.0
1021 [0.00202184] 0.0
1022 [0.00202184] 0.0
1023 [0.00202184] 0.0
1024 [0.00202184] 0.0
1025 [0.00202184] 0.0
1026 [0.00202184] 0.0
1027 [0.00202184] 0.0
1028 [0.00202184] 0.0
1029 [0.00202184] 0.0
1030 [0.00202184] 0.0
1031 [0.00202184] 0.0
1032 [0.00202184] 0.0
1033 [0.00202184] 0.0
1034 [0.00202184] 0.0
1035 [0.00202184] 0.0
1036 [0.00202184] 0.0
1037 [0.00202184] 0.0
1038 [0.00202184] 0.0
1039 [0.00202184] 0.0
1040 [0.00202184] 0.0
1041 [0.00202184] 0.0
1042 [0.00202184] 0.0
1043 [0.00202184] 0.0
1044 [0.00202184] 0.0
1045 [0.00202184] 0.0
1046 [0.00202184] 0.0
1047 [0.00202184] 0.0
1048 [0.00202184] 0.0
1049 [0.00202184] 0.0
1050 [0.00202184] 0.0
1051 [0.00202184] 0.0
1052 [0.00202184] 0.0
1053 [0.00202184] 0.0
1054 [0.00202184] 0.0
1055 [0.00202184] 0.0
1056 [0.00202184] 0.0
1057 [0.00202184] 0.0
1058 [0.00202184] 0.0
1059 [0.00202184] 0.0
1060 [0.00202184] 0.0
1061 [0.00202184] 0.0
1062 [0.00202184] 0.0
1063 [0.00202184] 0.0
1064 [0.00202184] 0.0
1065 [0.00202184] 0.0
1066 [0.00202184] 0.0
1067 [0.00202184] 0.0
1068 [0.00202184] 0.0
1069 [0.00202184] 0.0
1070 [0.00202184] 0.0
1071 [0.00202184] 0.0
1072 [0.00202184] 0.0
1073 [0.00202184] 0.0
1074 [0.00202184] 0.0
1075 [0.00202184] 0.0
1076 [0.00202184] 0.0
1077 [0.00202184] 0.0
1078 [0.00202184] 0.0
1079 [0.00202184] 0.0
1080 [0.00202184] 0.0
1081 [0.00202184] 0.0
1082 [0.00202184] 0.0
1083 [0.00202184] 0.0
1084 [0.00202184] 0.0
1085 [0.00202184] 0.0
1086 [0.00202184] 0.0
1087 [0.00202184] 0.0
1088 [0.00202184] 0.0
1089 [0.00202184] 0.0
1090 [0.00202184] 0.0
1091 [0.00202184] 0.0
1092 [0.00202184] 0.0
1093 [0.00202184] 0.0
1094 [0.00202184] 0.0
1095 [0.00202184] 0.0
1096 [0.00202184] 0.0
1097 [0.00202184] 0.0
1098 [0.00202184] 0.0
1099 [0.00202184] 0.0
1100 [0.00202184] 0.0
1101 [0.00202184] 0.0
1102 [0.00202184] 0.0
1103 [0.00202184] 0.0
1104 [0.00202184] 0.0
1105 [0.00202184] 0.0
1106 [0.00202184] 0.0
1107 [0.00202184] 0.0
1108 [0.00202184] 0.0
1109 [0.00202184] 0.0
1110 [0.00202184] 0.0
1111 [0.00202184] 0.0
1112 [0.00202184] 0.0
1113 [0.00202184] 0.0
1114 [0.00202184] 0.0
1115 [0.00202184] 0.0
1116 [0.00202184] 0.0
1117 [0.00202184] 0.0
1118 [0.00202184] 0.0
1119 [0.00202184] 0.0
1120 [0.00202184] 0.0
1121 [0.00202184] 0.0
1122 [0.00202184] 0.0
1123 [0.00202184] 0.0
1124 [0.00202184] 0.0
1125 [0.00202184] 0.0
1126 [0.00202184] 0.0
1127 [0.00202184] 0.0
1128 [0.00202184] 0.0
1129 [0.00202184] 0.0
1130 [0.00202184] 0.0
1131 [0.00202184] 0.0
1132 [0.00202184] 0.0
1133 [0.00202184] 0.0
1134 [0.00202184] 0.0
1135 [0.00202184] 0.0
1136 [0.00202184] 0.0
1137 [0.00202184] 0.0
1138 [0.00202184] 0.0
1139 [0.00202184] 0.0
1140 [0.00202184] 0.0
1141 [0.00202184] 0.0
1142 [0.00202184] 0.0
1143 [0.00202184] 0.0
1144 [0.00202184] 0.0
1145 [0.00202184] 0.0
1146 [0.00202184] 0.0
1147 [0.00202184] 0.0
1148 [0.00202184] 0.0
1149 [0.00202184] 0.0
1150 [0.00202184] 0.0
1151 [0.00202184] 0.0
1152 [0.00202184] 0.0
1153 [0.00202184] 0.0
1154 [0.00202184] 0.0
1155 [0.00202184] 0.0
1156 [0.00202184] 0.0
1157 [0.00202184] 0.0
1158 [0.00202184] 0.0
1159 [0.00202184] 0.0
1160 [0.00202184] 0.0
1161 [0.00202184] 0.0
1162 [0.00202184] 0.0
1163 [0.00202184] 0.0
1164 [0.00202184] 0.0
1165 [0.00202184] 0.0
1166 [0.00202184] 0.0
1167 [0.00202184] 0.0
1168 [0.00202184] 0.0
1169 [0.00202184] 0.0
1170 [0.00202184] 0.0
1171 [0.00202184] 0.0
1172 [0.00202184] 0.0
1173 [0.00202184] 0.0
1174 [0.00202184] 0.0
1175 [0.00202184] 0.0
1176 [0.00202184] 0.0
1177 [0.00202184] 0.0
1178 [0.00202184] 0.0
1179 [0.00202184] 0.0
1180 [0.00202184] 0.0
1181 [0.00202184] 0.0
1182 [0.00202184] 0.0
1183 [0.00202184] 0.0
1184 [0.00202184] 0.0
1185 [0.00202184] 0.0
1186 [0.00202184] 0.0
1187 [0.00202184] 0.0
1188 [0.00202184] 0.0
1189 [0.00202184] 0.0
1190 [0.00202184] 0.0
1191 [0.00202184] 0.0
1192 [0.00202184] 0.0
1193 [0.00202184] 0.0
1194 [0.00202184] 0.0
1195 [0.00202184] 0.0
1196 [0.00202184] 0.0
1197 [0.00202184] 0.0
1198 [0.00202184] 0.0
1199 [0.00202184] 0.0
1200 0.002021837030344438 0.0
1201 0.0020168927436165973 0.0
1202 0.0020119484568887572 0.0
1203 0.002007004170160917 0.0
1204 0.002002059883433077 0.0
1205 0.0019971155967052363 0.0
1206 0.0019921713099773962 0.0
1207 0.0019872270232495553 0.0
1208 0.0019822827365217153 0.0
1209 0.0019773384497938752 0.0
1210 0.0019723941630660348 0.0
1211 0.0019674498763381943 0.0
1212 0.001962505589610354 0.0
1213 0.001957561302882514 0.0
1214 0.0019526170161546733 0.0
1215 0.0019476727294268329 0.0
1216 0.0019427284426989928 0.0
1217 0.0019377841559711523 0.0
1218 0.0019328398692433119 0.0
1219 0.0019278955825154714 0.0
1220 0.0019229512957876314 0.0
1221 0.001918007009059791 0.0
1222 0.0019130627223319504 0.0
1223 0.0019081184356041104 0.0
1224 0.00190317414887627 0.0
1225 0.0018982298621484294 0.0
1226 0.001893285575420589 0.0
1227 0.001888341288692749 0.0
1228 0.0018833970019649085 0.0
1229 0.001878452715237068 0.0
1230 0.001873508428509228 0.0
1231 0.0018685641417813875 0.0
1232 0.001863619855053547 0.0
1233 0.0018586755683257065 0.0
1234 0.0018537312815978665 0.0
1235 0.001848786994870026 0.0
1236 0.0018438427081421856 0.0
1237 0.0018388984214143455 0.0
1238 0.001833954134686505 0.0
1239 0.0018290098479586646 0.0
1240 0.0018240655612308241 0.0
1241 0.001819121274502984 0.0
1242 0.0018141769877751436 0.0
1243 0.0018092327010473031 0.0
1244 0.001804288414319463 0.0
1245 0.0017993441275916226 0.0
1246 0.0017943998408637822 0.0
1247 0.0017894555541359417 0.0
1248 0.0017845112674081012 0.0
1249 0.0017795669806802612 0.0
1250 0.0017746226939524207 0.0
1251 0.0017696784072245807 0.0
1252 0.0017647341204967402 0.0
1253 0.0017597898337688997 0.0
1254 0.0017548455470410593 0.0
1255 0.0017499012603132192 0.0
1256 0.0017449569735853787 0.0
1257 0.0017400126868575383 0.0
1258 0.0017350684001296982 0.0
1259 0.0017301241134018578 0.0
1260 0.0017251798266740173 0.0
1261 0.0017202355399461768 0.0
1262 0.0017152912532183364 0.0
1263 0.0017103469664904963 0.0
1264 0.0017054026797626558 0.0
1265 0.0017004583930348158 0.0
1266 0.001695514106306975 0.0
1267 0.0016905698195791349 0.0
1268 0.0016856255328512944 0.0
1269 0.0016806812461234544 0.0
1270 0.0016757369593956139 0.0
1271 0.0016707926726677734 0.0
1272 0.0016658483859399334 0.0
1273 0.0016609040992120925 0.0
1274 0.0016559598124842524 0.0
1275 0.001651015525756412 0.0
1276 0.0016460712390285715 0.0
1277 0.0016411269523007315 0.0
1278 0.001636182665572891 0.0
1279 0.001631238378845051 0.0
1280 0.00162629409211721 0.0
1281 0.00162134980538937 0.0
1282 0.0016164055186615295 0.0
1283 0.0016114612319336895 0.0
1284 0.001606516945205849 0.0
1285 0.0016015726584780086 0.0
1286 0.0015966283717501685 0.0
1287 0.0015916840850223276 0.0
1288 0.0015867397982944876 0.0
1289 0.001581795511566647 0.0
1290 0.0015768512248388066 0.0
1291 0.0015719069381109666 0.0
1292 0.0015669626513831261 0.0
1293 0.001562018364655286 0.0
1294 0.0015570740779274452 0.0
1295 0.0015521297911996051 0.0
1296 0.0015471855044717647 0.0
1297 0.0015422412177439246 0.0
1298 0.0015372969310160842 0.0
1299 0.0015323526442882437 0.0
1300 0.0015274083575604037 0.0
1301 0.0015224640708325628 0.0
1302 0.0015175197841047227 0.0
1303 0.0015125754973768822 0.0
1304 0.0015076312106490418 0.0
1305 0.0015026869239212017 0.0
1306 0.0014977426371933613 0.0
1307 0.0014927983504655212 0.0
1308 0.0014878540637376803 0.0
1309 0.0014829097770098399 0.0
1310 0.0014779654902819998 0.0
1311 0.0014730212035541598 0.0
1312 0.0014680769168263193 0.0
1313 0.0014631326300984788 0.0
1314 0.0014581883433706388 0.0
1315 0.001453244056642798 0.0
1316 0.0014482997699149579 0.0
1317 0.0014433554831871174 0.0
1318 0.001438411196459277 0.0
1319 0.0014334669097314369 0.0
1320 0.0014285226230035964 0.0
1321 0.0014235783362757564 0.0
1322 0.0014186340495479155 0.0
1323 0.001413689762820075 0.0
1324 0.001408745476092235 0.0
1325 0.001403801189364395 0.0
1326 0.0013988569026365544 0.0
1327 0.001393912615908714 0.0
1328 0.001388968329180874 0.0
1329 0.001384024042453033 0.0
1330 0.001379079755725193 0.0
1331 0.0013741354689973525 0.0
1332 0.001369191182269512 0.0
1333 0.001364246895541672 0.0
1334 0.0013593026088138315 0.0
1335 0.0013543583220859915 0.0
1336 0.0013494140353581506 0.0
1337 0.0013444697486303101 0.0
1338 0.00133952546190247 0.0
1339 0.00133458117517463 0.0
1340 0.0013296368884467896 0.0
1341 0.0013246926017189491 0.0
1342 0.001319748314991109 0.0
1343 0.0013148040282632682 0.0
1344 0.0013098597415354281 0.0
1345 0.0013049154548075877 0.0
1346 0.0012999711680797472 0.0
1347 0.0012950268813519072 0.0
1348 0.0012900825946240667 0.0
1349 0.0012851383078962266 0.0
1350 0.0012801940211683857 0.0
1351 0.0012752497344405453 0.0
1352 0.0012703054477127052 0.0
1353 0.0012653611609848652 0.0
1354 0.0012604168742570247 0.0
1355 0.0012554725875291843 0.0
1356 0.0012505283008013442 0.0
1357 0.0012455840140735033 0.0
1358 0.0012406397273456633 0.0
1359 0.0012356954406178228 0.0
1360 0.0012307511538899823 0.0
1361 0.0012258068671621423 0.0
1362 0.0012208625804343018 0.0
1363 0.0012159182937064618 0.0
1364 0.0012109740069786209 0.0
1365 0.0012060297202507804 0.0
1366 0.0012010854335229404 0.0
1367 0.0011961411467951003 0.0
1368 0.0011911968600672599 0.0
1369 0.0011862525733394194 0.0
1370 0.0011813082866115794 0.0
1371 0.0011763639998837385 0.0
1372 0.0011714197131558984 0.0
1373 0.001166475426428058 0.0
1374 0.0011615311397002175 0.0
1375 0.0011565868529723774 0.0
1376 0.001151642566244537 0.0
1377 0.001146698279516697 0.0
1378 0.001141753992788856 0.0
1379 0.0011368097060610156 0.0
1380 0.0011318654193331755 0.0
1381 0.0011269211326053355 0.0
1382 0.001121976845877495 0.0
1383 0.0011170325591496545 0.0
1384 0.0011120882724218145 0.0
1385 0.0011071439856939736 0.0
1386 0.0011021996989661336 0.0
1387 0.001097255412238293 0.0
1388 0.0010923111255104526 0.0
1389 0.0010873668387826126 0.0
1390 0.001082422552054772 0.0
1391 0.001077478265326932 0.0
1392 0.0010725339785990912 0.0
1393 0.0010675896918712507 0.0
1394 0.0010626454051434107 0.0
1395 0.0010577011184155706 0.0
1396 0.0010527568316877301 0.0
1397 0.0010478125449598897 0.0
1398 0.0010428682582320496 0.0
1399 0.0010379239715042087 0.0
1400 0.0010329796847763687 0.0
1401 0.0010280353980485282 0.0
1402 0.0010230911113206878 0.0
1403 0.0010181468245928477 0.0
1404 0.0010132025378650077 0.0
1405 0.0010082582511371668 0.0
1406 0.0010033139644093263 0.0
1407 0.0009983696776814858 0.0
1408 0.0009934253909536458 0.0
1409 0.0009884811042258058 0.0
1410 0.0009835368174979653 0.0
1411 0.0009785925307701248 0.0
1412 0.0009736482440422839 0.0
1413 0.0009687039573144439 0.0
1414 0.0009637596705866038 0.0
1415 0.0009588153838587634 0.0
1416 0.0009538710971309229 0.0
1417 0.0009489268104030829 0.0
1418 0.0009439825236752424 0.0
1419 0.0009390382369474019 0.0
1420 0.0009340939502195614 0.0
1421 0.000929149663491721 0.0
1422 0.0009242053767638809 0.0
1423 0.0009192610900360409 0.0
1424 0.0009143168033082004 0.0
1425 0.00090937251658036 0.0
1426 0.000904428229852519 0.0
1427 0.000899483943124679 0.0
1428 0.000894539656396839 0.0
1429 0.0008895953696689985 0.0
1430 0.000884651082941158 0.0
1431 0.000879706796213318 0.0
1432 0.0008747625094854775 0.0
1433 0.0008698182227576371 0.0
1434 0.0008648739360297966 0.0
1435 0.0008599296493019561 0.0
1436 0.0008549853625741161 0.0
1437 0.000850041075846276 0.0
1438 0.0008450967891184356 0.0
1439 0.0008401525023905951 0.0
1440 0.0008352082156627542 0.0
1441 0.0008302639289349142 0.0
1442 0.0008253196422070741 0.0
1443 0.0008203753554792336 0.0
1444 0.0008154310687513932 0.0
1445 0.0008104867820235531 0.0
1446 0.0008055424952957127 0.0
1447 0.0008005982085678722 0.0
1448 0.0007956539218400317 0.0
1449 0.0007907096351121913 0.0
1450 0.0007857653483843512 0.0
1451 0.0007808210616565112 0.0
1452 0.0007758767749286707 0.0
1453 0.0007709324882008302 0.0
1454 0.0007659882014729893 0.0
1455 0.0007610439147451493 0.0
1456 0.0007560996280173093 0.0
1457 0.0007511553412894688 0.0
1458 0.0007462110545616283 0.0
1459 0.0007412667678337883 0.0
1460 0.0007363224811059478 0.0
1461 0.0007313781943781073 0.0
1462 0.0007264339076502669 0.0
1463 0.0007214896209224264 0.0
1464 0.0007165453341945864 0.0
1465 0.0007116010474667463 0.0
1466 0.0007066567607389058 0.0
1467 0.0007017124740110654 0.0
1468 0.0006967681872832245 0.0
1469 0.0006918239005553844 0.0
1470 0.0006868796138275444 0.0
1471 0.0006819353270997039 0.0
1472 0.0006769910403718635 0.0
1473 0.0006720467536440234 0.0
1474 0.000667102466916183 0.0
1475 0.0006621581801883425 0.0
1476 0.000657213893460502 0.0
1477 0.0006522696067326615 0.0
1478 0.0006473253200048215 0.0
1479 0.0006423810332769815 0.0
1480 0.000637436746549141 0.0
1481 0.0006324924598213005 0.0
1482 0.0006275481730934596 0.0
1483 0.0006226038863656196 0.0
1484 0.0006176595996377795 0.0
1485 0.0006127153129099391 0.0
1486 0.0006077710261820986 0.0
1487 0.0006028267394542586 0.0
1488 0.0005978824527264181 0.0
1489 0.0005929381659985776 0.0
1490 0.0005879938792707371 0.0
1491 0.0005830495925428967 0.0
1492 0.0005781053058150566 0.0
1493 0.0005731610190872166 0.0
1494 0.0005682167323593761 0.0
1495 0.0005632724456315357 0.0
1496 0.0005583281589036948 0.0
1497 0.0005533838721758547 0.0
1498 0.0005484395854480147 0.0
1499 0.0005434952987201742 0.0
1500 0.0005385510119923337 0.0
1501 0.0005336067252644933 0.0
1502 0.0005286624385366532 0.0
1503 0.0005237181518088128 0.0
1504 0.0005187738650809723 0.0
1505 0.0005138295783531318 0.0
1506 0.0005088852916252918 0.0
1507 0.0005039410048974517 0.0
1508 0.0004989967181696113 0.0
1509 0.0004940524314417708 0.0
1510 0.0004891081447139299 0.0
1511 0.00048416385798608986 0.0
1512 0.0004792195712582498 0.0
1513 0.00047427528453040935 0.0
1514 0.0004693309978025689 0.0
1515 0.0004643867110747284 0.0
1516 0.00045944242434688837 0.0
1517 0.0004544981376190479 0.0
1518 0.0004495538508912074 0.0
1519 0.00044460956416336695 0.0
1520 0.0004396652774355269 0.0
1521 0.0004347209907076869 0.0
1522 0.0004297767039798464 0.0
1523 0.00042483241725200594 0.0
1524 0.00041988813052416503 0.0
1525 0.000414943843796325 0.0
1526 0.00040999955706848496 0.0
1527 0.0004050552703406445 0.0
1528 0.000400110983612804 0.0
1529 0.00039516669688496354 0.0
1530 0.0003902224101571235 0.0
1531 0.00038527812342928304 0.0
1532 0.00038033383670144257 0.0
1533 0.0003753895499736021 0.0
1534 0.00037044526324576206 0.0
1535 0.000365500976517922 0.0
1536 0.00036055668979008155 0.0
1537 0.00035561240306224064 0.0
1538 0.00035066811633440017 0.0
1539 0.00034572382960656014 0.0
1540 0.0003407795428787201 0.0
1541 0.0003358352561508796 0.0
1542 0.00033089096942303916 0.0
1543 0.0003259466826951987 0.0
1544 0.0003210023959673582 0.0
1545 0.0003160581092395182 0.0
1546 0.0003111138225116777 0.0
1547 0.00030616953578383723 0.0
1548 0.0003012252490559972 0.0
1549 0.00029628096232815716 0.0
1550 0.0002913366756003167 0.0
1551 0.0002863923888724758 0.0
1552 0.0002814481021446353 0.0
1553 0.0002765038154167953 0.0
1554 0.00027155952868895524 0.0
1555 0.00026661524196111477 0.0
1556 0.0002616709552332743 0.0
1557 0.0002567266685054338 0.0
1558 0.00025178238177759335 0.0
1559 0.0002468380950497533 0.0
1560 0.00024189380832191285 0.0
1561 0.00023694952159407237 0.0
1562 0.00023200523486623234 0.0
1563 0.0002270609481383923 0.0
1564 0.00022211666141055183 0.0
1565 0.00021717237468271092 0.0
1566 0.00021222808795487045 0.0
1567 0.00020728380122703042 0.0
1568 0.00020233951449919038 0.0
1569 0.0001973952277713499 0.0
1570 0.00019245094104350944 0.0
1571 0.00018750665431566896 0.0
1572 0.0001825623675878285 0.0
1573 0.00017761808085998846 0.0
1574 0.00017267379413214799 0.0
1575 0.00016772950740430751 0.0
1576 0.00016278522067646748 0.0
1577 0.00015784093394862744 0.0
1578 0.00015289664722078697 0.0
1579 0.00014795236049294606 0.0
1580 0.0001430080737651056 0.0
1581 0.00013806378703726556 0.0
1582 0.00013311950030942552 0.0
1583 0.00012817521358158505 0.0
1584 0.00012323092685374458 0.0
1585 0.0001182866401259041 0.0
1586 0.00011334235339806363 0.0
1587 0.0001083980666702236 0.0
1588 0.00010345377994238313 0.0
1589 9.850949321454265e-05 0.0
1590 9.356520648670262e-05 0.0
1591 8.862091975886215e-05 0.0
1592 8.367663303102211e-05 0.0
1593 7.87323463031812e-05 0.0
1594 7.378805957534073e-05 0.0
1595 6.88437728475007e-05 0.0
1596 6.389948611966066e-05 0.0
1597 5.895519939182019e-05 0.0
1598 5.4010912663979716e-05 0.0
1599 4.9066625936139245e-05 0.0
1600 4.4122339208298774e-05 0.0
1601 3.917805248045874e-05 0.0
1602 3.4233765752618266e-05 0.0
1603 2.9289479024777795e-05 0.0
1604 2.4345192296937757e-05 0.0
1605 1.940090556909707e-05 0.0
1606 1.4456618841257032e-05 0.0
1607 9.512332113416561e-06 0.0
1608 4.568045385576524e-06 0.0
1609 -3.762413422641643e-07 0.0
1610 -5.320528070104635e-06 0.0
1611 -1.0264814797944673e-05 0.0
1612 -1.520910152578536e-05 0.0
1613 -2.0153388253625398e-05 0.0
1614 -2.509767498146587e-05 0.0
1615 -3.0041961709305906e-05 0.0
1616 -3.4986248437146594e-05 0.0
1617 -3.9930535164987065e-05 0.0
1618 -4.48748218928271e-05 0.0
1619 -4.981910862066779e-05 0.0
1620 -5.476339534850783e-05 0.0
1621 -5.97076820763483e-05 0.0
1622 -6.465196880418834e-05 0.0
1623 -6.959625553202902e-05 0.0
1624 -7.45405422598695e-05 0.0
1625 -7.948482898770953e-05 0.0
1626 -8.442911571555022e-05 0.0
1627 -8.937340244339026e-05 0.0
1628 -9.431768917123073e-05 0.0
1629 -9.926197589907142e-05 0.0
1630 -0.00010420626262691145 0.0
1631 -0.00010915054935475193 0.0
1632 -0.00011409483608259196 0.0
1633 -0.00011903912281043265 0.0
1634 -0.0001239834095382727 0.0
1635 -0.00012892769626611316 0.0
1636 -0.00013387198299395385 0.0
1637 -0.00013881626972179388 0.0
1638 -0.00014376055644963436 0.0
1639 -0.0001487048431774744 0.0
1640 -0.00015364912990531508 0.0
1641 -0.00015859341663315512 0.0
1642 -0.0001635377033609956 0.0
1643 -0.00016848199008883628 0.0
1644 -0.00017342627681667631 0.0
1645 -0.00017837056354451679 0.0
1646 -0.00018331485027235682 0.0
1647 -0.0001882591370001975 0.0
1648 -0.00019320342372803755 0.0
1649 -0.00019814771045587802 0.0
1650 -0.0002030919971837187 0.0
1651 -0.00020803628391155874 0.0
1652 -0.00021298057063939922 0.0
1653 -0.00021792485736723925 0.0
1654 -0.00022286914409507994 0.0
1655 -0.00022781343082291998 0.0
1656 -0.00023275771755076045 0.0
1657 -0.00023770200427860114 0.0
1658 -0.00024264629100644117 0.0
1659 -0.00024759057773428165 0.0
1660 -0.0002525348644621217 0.0
1661 -0.00025747915118996237 0.0
1662 -0.0002624234379178024 0.0
1663 -0.0002673677246456429 0.0
1664 -0.00027231201137348357 0.0
1665 -0.0002772562981013236 0.0
1666 -0.0002822005848291641 0.0
1667 -0.0002871448715570041 0.0
1668 -0.0002920891582848448 0.0
1669 -0.00029703344501268484 0.0
1670 -0.0003019777317405253 0.0
1671 -0.000306922018468366 0.0
1672 -0.00031186630519620603 0.0
1673 -0.0003168105919240465 0.0
1674 -0.00032175487865188654 0.0
1675 -0.00032669916537972723 0.0
1676 -0.00033164345210756727 0.0
1677 -0.00033658773883540774 0.0
1678 -0.0003415320255632484 0.0
1679 -0.00034647631229108846 0.0
1680 -0.00035142059901892893 0.0
1681 -0.00035636488574676897 0.0
1682 -0.00036130917247460966 0.0
1683 -0.0003662534592024497 0.0
1684 -0.00037119774593029017 0.0
1685 -0.00037614203265813086 0.0
1686 -0.0003810863193859709 0.0
1687 -0.00038603060611381136 0.0
1688 -0.0003909748928416514 0.0
1689 -0.0003959191795694921 0.0
1690 -0.00040086346629733213 0.0
1691 -0.0004058077530251726 0.0
1692 -0.0004107520397530133 0.0
1693 -0.0004156963264808533 0.0
1694 -0.0004206406132086938 0.0
1695 -0.00042558489993653383 0.0
1696 -0.0004305291866643745 0.0
1697 -0.00043547347339221456 0.0
1698 -0.00044041776012005503 0.0
1699 -0.0004453620468478957 0.0
1700 -0.00045030633357573575 0.0
1701 -0.0004552506203035762 0.0
1702 -0.0004601949070314165 0.0
1703 -0.00046513919375925695 0.0
1704 -0.000470083480487097 0.0
1705 -0.00047502776721493746 0.0
1706 -0.00047997205394277815 0.0
1707 -0.0004849163406706182 0.0
1708 -0.0004898606273984587 0.0
1709 -0.0004948049141262989 0.0
1710 -0.0004997492008541394 0.0
1711 -0.0005046934875819794 0.0
1712 -0.0005096377743098199 0.0
1713 -0.0005145820610376606 0.0
1714 -0.0005195263477655006 0.0
1715 -0.0005244706344933411 0.0
1716 -0.0005294149212211813 0.0
1717 -0.0005343592079490218 0.0
1718 -0.0005393034946768618 0.0
1719 -0.0005442477814047023 0.0
1720 -0.000549192068132543 0.0
1721 -0.000554136354860383 0.0
1722 -0.0005590806415882235 0.0
1723 -0.0005640249283160638 0.0
1724 -0.0005689692150439042 0.0
1725 -0.0005739135017717443 0.0
1726 -0.0005788577884995847 0.0
1727 -0.0005838020752274254 0.0
1728 -0.0005887463619552655 0.0
1729 -0.0005936906486831059 0.0
1730 -0.0005986349354109462 0.0
1731 -0.0006035792221387867 0.0
1732 -0.0006085235088666267 0.0
1733 -0.0006134677955944672 0.0
1734 -0.0006184120823223079 0.0
1735 -0.0006233563690501479 0.0
1736 -0.0006283006557779884 0.0
1737 -0.0006332449425058286 0.0
1738 -0.0006381892292336691 0.0
1739 -0.0006431335159615091 0.0
1740 -0.0006480778026893496 0.0
1741 -0.0006530220894171903 0.0
1742 -0.0006579663761450303 0.0
1743 -0.0006629106628728708 0.0
1744 -0.0006678549496007111 0.0
1745 -0.0006727992363285515 0.0
1746 -0.0006777435230563916 0.0
1747 -0.000682687809784232 0.0
1748 -0.0006876320965120727 0.0
1749 -0.0006925763832399128 0.0
1750 -0.0006975206699677532 0.0
1751 -0.0007024649566955935 0.0
1752 -0.000707409243423434 0.0
1753 -0.000712353530151274 0.0
1754 -0.0007172978168791145 0.0
1755 -0.0007222421036069552 0.0
1756 -0.0007271863903347952 0.0
1757 -0.0007321306770626357 0.0
1758 -0.0007370749637904759 0.0
1759 -0.0007420192505183164 0.0
1760 -0.0007469635372461564 0.0
1761 -0.0007519078239739969 0.0
1762 -0.0007568521107018376 0.0
1763 -0.0007617963974296776 0.0
1764 -0.0007667406841575181 0.0
1765 -0.0007716849708853583 0.0
1766 -0.0007766292576131988 0.0
1767 -0.0007815735443410389 0.0
1768 -0.0007865178310688795 0.0
1769 -0.00079146211779672 0.0
1770 -0.00079640640452456 0.0
1771 -0.0008013506912524005 0.0
1772 -0.0008062949779802408 0.0
1773 -0.0008112392647080812 0.0
1774 -0.0008161835514359213 0.0
1775 -0.000821127838163762 0.0
1776 -0.0008260721248916024 0.0
1777 -0.0008310164116194425 0.0
1778 -0.000835960698347283 0.0
1779 -0.0008409049850751232 0.0
1780 -0.0008458492718029637 0.0
1781 -0.0008507935585308037 0.0
1782 -0.0008557378452586444 0.0
1783 -0.0008606821319864849 0.0
1784 -0.0008656264187143249 0.0
1785 -0.0008705707054421654 0.0
1786 -0.0008755149921700056 0.0
1787 -0.0008804592788978461 0.0
1788 -0.0008854035656256861 0.0
1789 -0.0008903478523535268 0.0
1790 -0.0008952921390813673 0.0
1791 -0.0009002364258092073 0.0
1792 -0.0009051807125370478 0.0
1793 -0.0009101249992648881 0.0
1794 -0.0009150692859927285 0.0
1795 -0.0009200135727205686 0.0
1796 -0.0009249578594484093 0.0
1797 -0.0009299021461762497 0.0
1798 -0.0009348464329040898 0.0
1799 -0.0009397907196319302 0.0
1800 -0.0009447350063597705 0.0
1801 -0.000949679293087611 0.0
1802 -0.0009546235798154515 0.0
1803 -0.0009595678665432916 0.0
1804 -0.0009645121532711322 0.0
1805 -0.0009694564399989722 0.0
1806 -0.0009744007267268128 0.0
1807 -0.0009793450134546527 0.0
1808 -0.0009842893001824934 0.0
1809 -0.000989233586910334 0.0
1810 -0.0009941778736381741 0.0
1811 -0.0009991221603660146 0.0
1812 -0.0010040664470938546 0.0
1813 -0.001009010733821695 0.0
1814 -0.0010139550205495351 0.0
1815 -0.0010188993072773758 0.0
1816 -0.0010238435940052165 0.0
1817 -0.0010287878807330566 0.0
1818 -0.001033732167460897 0.0
1819 -0.001038676454188737 0.0
1820 -0.0010436207409165775 0.0
1821 -0.0010485650276444178 0.0
1822 -0.0010535093143722583 0.0
1823 -0.001058453601100099 0.0
1824 -0.001063397887827939 0.0
1825 -0.0010683421745557795 0.0
1826 -0.0010732864612836195 0.0
1827 -0.00107823074801146 0.0
1828 -0.0010831750347393002 0.0
1829 -0.0010881193214671407 0.0
1830 -0.0010930636081949814 0.0
1831 -0.0010980078949228214 0.0
1832 -0.0011029521816506619 0.0
1833 -0.001107896468378502 0.0
1834 -0.0011128407551063424 0.0
1835 -0.0011177850418341826 0.0
1836 -0.0011227293285620231 0.0
1837 -0.0011276736152898638 0.0
1838 -0.0011326179020177038 0.0
1839 -0.0011375621887455443 0.0
1840 -0.0011425064754733844 0.0
1841 -0.0011474507622012248 0.0
1842 -0.001152395048929065 0.0
1843 -0.0011573393356569055 0.0
1844 -0.0011622836223847462 0.0
1845 -0.0011672279091125863 0.0
1846 -0.0011721721958404267 0.0
1847 -0.0011771164825682668 0.0
1848 -0.0011820607692961073 0.0
1849 -0.0011870050560239475 0.0
1850 -0.001191949342751788 0.0
1851 -0.0011968936294796287 0.0
1852 -0.0012018379162074687 0.0
1853 -0.0012067822029353092 0.0
1854 -0.0012117264896631492 0.0
1855 -0.0012166707763909897 0.0
1856 -0.00122161506311883 0.0
1857 -0.0012265593498466704 0.0
1858 -0.001231503636574511 0.0
1859 -0.0012364479233023511 0.0
1860 -0.0012413922100301916 0.0
1861 -0.0012463364967580316 0.0
1862 -0.0012512807834858721 0.0
1863 -0.0012562250702137124 0.0
1864 -0.0012611693569415528 0.0
1865 -0.0012661136436693935 0.0
1866 -0.0012710579303972336 0.0
1867 -0.001276002217125074 0.0
1868 -0.001280946503852914 0.0
1869 -0.0012858907905807545 0.0
1870 -0.0012908350773085948 0.0
1871 -0.0012957793640364353 0.0
1872 -0.001300723650764276 0.0
1873 -0.001305667937492116 0.0
1874 -0.0013106122242199565 0.0
1875 -0.0013155565109477965 0.0
1876 -0.001320500797675637 0.0
1877 -0.0013254450844034772 0.0
1878 -0.0013303893711313177 0.0
1879 -0.0013353336578591584 0.0
1880 -0.0013402779445869984 0.0
1881 -0.001345222231314839 0.0
1882 -0.001350166518042679 0.0
1883 -0.0013551108047705194 0.0
1884 -0.0013600550914983597 0.0
1885 -0.0013649993782262001 0.0
1886 -0.0013699436649540408 0.0
1887 -0.0013748879516818809 0.0
1888 -0.0013798322384097213 0.0
1889 -0.0013847765251375614 0.0
1890 -0.0013897208118654018 0.0
1891 -0.001394665098593242 0.0
1892 -0.0013996093853210826 0.0
1893 -0.0014045536720489232 0.0
1894 -0.0014094979587767633 0.0
1895 -0.0014144422455046038 0.0
1896 -0.0014193865322324438 0.0
1897 -0.0014243308189602843 0.0
1898 -0.0014292751056881245 0.0
1899 -0.001434219392415965 0.0
1900 -0.0014391636791438057 0.0
1901 -0.0014441079658716457 0.0
1902 -0.0014490522525994862 0.0
1903 -0.0014539965393273262 0.0
1904 -0.001458940826055167 0.0
1905 -0.001463885112783007 0.0
1906 -0.0014688293995108474 0.0
1907 -0.001473773686238688 0.0
1908 -0.0014787179729665281 0.0
1909 -0.0014836622596943686 0.0
1910 -0.0014886065464222087 0.0
1911 -0.0014935508331500493 0.0
1912 -0.0014984951198778894 0.0
1913 -0.0015034394066057298 0.0
1914 -0.0015083836933335705 0.0
1915 -0.0015133279800614106 0.0
1916 -0.001518272266789251 0.0
1917 -0.001523216553517091 0.0
1918 -0.0015281608402449318 0.0
1919 -0.0015331051269727718 0.0
1920 -0.0015380494137006123 0.0
1921 -0.001542993700428453 0.0
1922 -0.001547937987156293 0.0
1923 -0.0015528822738841335 0.0
1924 -0.0015578265606119735 0.0
1925 -0.0015627708473398142 0.0
1926 -0.0015677151340676542 0.0
1927 -0.0015726594207954947 0.0
1928 -0.0015776037075233354 0.0
1929 -0.0015825479942511754 0.0
1930 -0.001587492280979016 0.0
1931 -0.001592436567706856 0.0
1932 -0.0015973808544346966 0.0
1933 -0.0016023251411625367 0.0
1934 -0.0016072694278903771 0.0
1935 -0.0016122137146182178 0.0
1936 -0.0016171580013460579 0.0
1937 -0.0016221022880738983 0.0
1938 -0.0016270465748017384 0.0
1939 -0.001631990861529579 0.0
1940 -0.001636935148257419 0.0
1941 -0.0016418794349852596 0.0
1942 -0.0016468237217131003 0.0
1943 -0.0016517680084409403 0.0
1944 -0.0016567122951687808 0.0
1945 -0.0016616565818966208 0.0
1946 -0.0016666008686244615 0.0
1947 -0.0016715451553523015 0.0
1948 -0.001676489442080142 0.0
1949 -0.0016814337288079827 0.0
1950 -0.0016863780155358227 0.0
1951 -0.0016913223022636632 0.0
1952 -0.0016962665889915032 0.0
1953 -0.001701210875719344 0.0
1954 -0.001706155162447184 0.0
1955 -0.0017110994491750244 0.0
1956 -0.0017160437359028651 0.0
1957 -0.0017209880226307052 0.0
1958 -0.0017259323093585456 0.0
1959 -0.0017308765960863857 0.0
1960 -0.0017358208828142264 0.0
1961 -0.0017407651695420664 0.0
1962 -0.0017457094562699069 0.0
1963 -0.0017506537429977475 0.0
1964 -0.0017555980297255876 0.0
1965 -0.001760542316453428 0.0
1966 -0.001765486603181268 0.0
1967 -0.0017704308899091088 0.0
1968 -0.0017753751766369493 0.0
1969 -0.0017803194633647893 0.0
1970 -0.00178526375009263 0.0
1971 -0.00179020803682047 0.0
1972 -0.0017951523235483105 0.0
1973 -0.0018000966102761505 0.0
1974 -0.0018050408970039912 0.0
1975 -0.0018099851837318317 0.0
1976 -0.0018149294704596717 0.0
1977 -0.0018198737571875124 0.0
1978 -0.0018248180439153524 0.0
1979 -0.001829762330643193 0.0
1980 -0.001834706617371033 0.0
1981 -0.0018396509040988736 0.0
1982 -0.0018445951908267141 0.0
1983 -0.0018495394775545541 0.0
1984 -0.0018544837642823948 0.0
1985 -0.0018594280510102349 0.0
1986 -0.0018643723377380753 0.0
1987 -0.0018693166244659156 0.0
1988 -0.001874260911193756 0.0
1989 -0.0018792051979215965 0.0
1990 -0.0018841494846494366 0.0
1991 -0.0018890937713772773 0.0
1992 -0.0018940380581051173 0.0
1993 -0.0018989823448329578 0.0
1994 -0.001903926631560798 0.0
1995 -0.0019088709182886385 0.0
1996 -0.001913815205016479 0.0
1997 -0.001918759491744319 0.0
1998 -0.0019237037784721597 0.0
1999 -0.0019286480651999997 0.0
2000 -0.0019286480651999997 0.0
2001 -0.0019286480651999997 0.0
2002 -0.0019286480651999997 0.0
2003 -0.0019286480651999997 0.0
2004 -0.0019286480651999997 0.0
2005 -0.0019286480651999997 0.0
2006 -0.0019286480651999997 0.0
2007 -0.0019286480651999997 0.0
2008 -0.0019286480651999997 0.0
2009 -0.0019286480651999997 0.0
2010 -0.0019286480651999997 0.0
2011 -0.0019286480651999997 0.0
2012 -0.0019286480651999997 0.0
2013 -0.0019286480651999997 0.0
2014 -0.0019286480651999997 0.0
2015 -0.0019286480651999997 0.0
2016 -0.0019286480651999997 0.0
2017 -0.0019286480651999997 0.0
2018 -0.0019286480651999997 0.0
2019 -0.0019286480651999997 0.0
2020 -0.0019286480651999997 0.0
2021 -0.0019286480651999997 0.0
2022 -0.0019286480651999997 0.0
2023 -0.0019286480651999997 0.0
2024 -0.0019286480651999997 0.0
2025 -0.0019286480651999997 0.0
2026 -0.0019286480651999997 0.0
2027 -0.0019286480651999997 0.0
2028 -0.0019286480651999997 0.0
2029 -0.0019286480651999997 0.0
2030 -0.0019286480651999997 0.0
2031 -0.0019286480651999997 0.0
2032 -0.0019286480651999997 0.0
2033 -0.0019286480651999997 0.0
2034 -0.0019286480651999997 0.0
2035 -0.0019286480651999997 0.0
2036 -0.0019286480651999997 0.0
2037 -0.0019286480651999997 0.0
2038 -0.0019286480651999997 0.0
2039 -0.0019286480651999997 0.0
2040 -0.0019286480651999997 0.0
2041 -0.0019286480651999997 0.0
2042 -0.0019286480651999997 0.0
2043 -0.0019286480651999997 0.0
2044 -0.0019286480651999997 0.0
2045 -0.0019286480651999997 0.0
2046 -0.0019286480651999997 0.0
2047 -0.0019286480651999997 0.0
2048 -0.0019286480651999997 0.0
2049 -0.0019286480651999997 0.0
2050 -0.0019286480651999997 0.0
2051 -0.0019286480651999997 0.0
2052 -0.0019286480651999997 0.0
2053 -0.0019286480651999997 0.0
2054 -0.0019286480651999997 0.0
2055 -0.0019286480651999997 0.0
2056 -0.0019286480651999997 0.0
2057 -0.0019286480651999997 0.0
2058 -0.0019286480651999997 0.0
2059 -0.0019286480651999997 0.0
2060 -0.0019286480651999997 0.0
2061 -0.0019286480651999997 0.0
2062 -0.0019286480651999997 0.0
2063 -0.0019286480651999997 0.0
2064 -0.0019286480651999997 0.0
2065 -0.0019286480651999997 0.0
2066 -0.0019286480651999997 0.0
2067 -0.0019286480651999997 0.0
2068 -0.0019286480651999997 0.0
2069 -0.0019286480651999997 0.0
2070 -0.0019286480651999997 0.0
2071 -0.0019286480651999997 0.0
2072 -0.0019286480651999997 0.0
2073 -0.0019286480651999997 0.0
2074 -0.0019286480651999997 0.0
2075 -0.0019286480651999997 0.0
2076 -0.0019286480651999997 0.0
2077 -0.0019286480651999997 0.0
2078 -0.0019286480651999997 0.0
2079 -0.0019286480651999997 0.0
2080 -0.0019286480651999997 0.0
2081 -0.0019286480651999997 0.0
2082 -0.0019286480651999997 0.0
2083 -0.0019286480651999997 0.0
2084 -0.0019286480651999997 0.0
2085 -0.0019286480651999997 0.0
2086 -0.0019286480651999997 0.0
2087 -0.0019286480651999997 0.0
2088 -0.0019286480651999997 0.0
2089 -0.0019286480651999997 0.0
2090 -0.0019286480651999997 0.0
2091 -0.0019286480651999997 0.0
2092 -0.0019286480651999997 0.0
2093 -0.0019286480651999997 0.0
2094 -0.0019286480651999997 0.0
2095 -0.0019286480651999997 0.0
2096 -0.0019286480651999997 0.0
2097 -0.0019286480651999997 0.0
2098 -0.0019286480651999997 0.0
2099 -0.0019286480651999997 0.0
2100 -0.0019286480651999997 0.0
2101 -0.0019286480651999997 0.0
2102 -0.0019286480651999997 0.0
2103 -0.0019286480651999997 0.0
2104 -0.0019286480651999997 0.0
2105 -0.0019286480651999997 0.0
2106 -0.0019286480651999997 0.0
2107 -0.0019286480651999997 0.0
2108 -0.0019286480651999997 0.0
2109 -0.0019286480651999997 0.0
2110 -0.0019286480651999997 0.0
2111 -0.0019286480651999997 0.0
2112 -0.0019286480651999997 0.0
2113 -0.0019286480651999997 0.0
2114 -0.0019286480651999997 0.0
2115 -0.0019286480651999997 0.0
2116 -0.0019286480651999997 0.0
2117 -0.0019286480651999997 0.0
2118 -0.0019286480651999997 0.0
2119 -0.0019286480651999997 0.0
2120 -0.0019286480651999997 0.0
2121 -0.0019286480651999997 0.0
2122 -0.0019286480651999997 0.0
2123 -0.0019286480651999997 0.0
2124 -0.0019286480651999997 0.0
2125 -0.0019286480651999997 0.0
2126 -0.0019286480651999997 0.0
2127 -0.0019286480651999997 0.0
2128 -0.0019286480651999997 0.0
2129 -0.0019286480651999997 0.0
2130 -0.0019286480651999997 0.0
2131 -0.0019286480651999997 0.0
2132 -0.0019286480651999997 0.0
2133 -0.0019286480651999997 0.0
2134 -0.0019286480651999997 0.0
2135 -0.0019286480651999997 0.0
2136 -0.0019286480651999997 0.0
2137 -0.0019286480651999997 0.0
2138 -0.0019286480651999997 0.0
2139 -0.0019286480651999997 0.0
2140 -0.0019286480651999997 0.0
2141 -0.0019286480651999997 0.0
2142 -0.0019286480651999997 0.0
2143 -0.0019286480651999997 0.0
2144 -0.0019286480651999997 0.0
2145 -0.0019286480651999997 0.0
2146 -0.0019286480651999997 0.0
2147 -0.0019286480651999997 0.0
2148 -0.0019286480651999997 0.0
2149 -0.0019286480651999997 0.0
2150 -0.0019286480651999997 0.0
2151 -0.0019286480651999997 0.0
2152 -0.0019286480651999997 0.0
2153 -0.0019286480651999997 0.0
2154 -0.0019286480651999997 0.0
2155 -0.0019286480651999997 0.0
2156 -0.0019286480651999997 0.0
2157 -0.0019286480651999997 0.0
2158 -0.0019286480651999997 0.0
2159 -0.0019286480651999997 0.0
2160 -0.0019286480651999997 0.0
2161 -0.0019286480651999997 0.0
2162 -0.0019286480651999997 0.0
2163 -0.0019286480651999997 0.0
2164 -0.0019286480651999997 0.0
2165 -0.0019286480651999997 0.0
2166 -0.0019286480651999997 0.0
2167 -0.0019286480651999997 0.0
2168 -0.0019286480651999997 0.0
2169 -0.0019286480651999997 0.0
2170 -0.0019286480651999997 0.0
2171 -0.0019286480651999997 0.0
2172 -0.0019286480651999997 0.0
2173 -0.0019286480651999997 0.0
2174 -0.0019286480651999997 0.0
2175 -0.0019286480651999997 0.0
2176 -0.0019286480651999997 0.0
2177 -0.0019286480651999997 0.0
2178 -0.0019286480651999997 0.0
2179 -0.0019286480651999997 0.0
2180 -0.0019286480651999997 0.0
2181 -0.0019286480651999997 0.0
2182 -0.0019286480651999997 0.0
2183 -0.0019286480651999997 0.0
2184 -0.0019286480651999997 0.0
2185 -0.0019286480651999997 0.0
2186 -0.0019286480651999997 0.0
2187 -0.0019286480651999997 0.0
2188 -0.0019286480651999997 0.0
2189 -0.0019286480651999997 0.0
2190 -0.0019286480651999997 0.0
2191 -0.0019286480651999997 0.0
2192 -0.0019286480651999997 0.0
2193 -0.0019286480651999997 0.0
2194 -0.0019286480651999997 0.0
2195 -0.0019286480651999997 0.0
2196 -0.0019286480651999997 0.0
2197 -0.0019286480651999997 0.0
2198 -0.0019286480651999997 0.0
2199 -0.0019286480651999997 0.0