2200 0.000002100546602 1.0
2
0 -0.0019286480651999997 0.0
1 -0.0019286480651999997 0.0
2 -0.0019286480651999997 0.0
3 -0.0019286480651999997 0.0
4 -0.0019286480651999997 0.0
5 -0.0019286480651999997 0.0
6 -0.0019286480651999997 0.0
7 -0.0019286480651999997 0.0
8 -0.0019286480651999997 0.0
9 -0.0019286480651999997 0.0
10 -0.0019286480651999997 0.0
11 -0.0019286480651999997 0.0
12 -0.0019286480651999997 0.0
13 -0.0019286480651999997 0.0
14 -0.0019286480651999997 0.0
15 -0.0019286480651999997 0.0
16 -0.0019286480651999997 0.0
17 -0.0019286480651999997 0.0
18 -0.0019286480651999997 0.0
19 -0.0019286480651999997 0.0
20 -0.0019286480651999997 0.0
21 -0.0019286480651999997 0.0
22 -0.0019286480651999997 0.0
23 -0.0019286480651999997 0.0
24 -0.0019286480651999997 0.0
25 -0.0019286480651999997 0.0
26 -0.0019286480651999997 0.0
27 -0.0019286480651999997 0.0
28 -0.0019286480651999997 0.0
29 -0.0019286480651999997 0.0
30 -0.0019286480651999997 0.0
31 -0.0019286480651999997 0.0
32 -0.0019286480651999997 0.0
33 -0.0019286480651999997 0.0
34 -0.0019286480651999997 0.0
35 -0.0019286480651999997 0.0
36 -0.0019286480651999997 0.0
37 -0.0019286480651999997 0.0
38 -0.0019286480651999997 0.0
39 -0.0019286480651999997 0.0
40 -0.0019286480651999997 0.0
41 -0.0019286480651999997 0.0
42 -0.0019286480651999997 0.0
43 -0.0019286480651999997 0.0
44 -0.0019286480651999997 0.0
45 -0.0019286480651999997 0.0
46 -0.0019286480651999997 0.0
47 -0.0019286480651999997 0.0
48 -0.0019286480651999997 0.0
49 -0.0019286480651999997 0.0
50 -0.0019286480651999997 0.0
51 -0.0019286480651999997 0.0
52 -0.0019286480651999997 0.0
53 -0.0019286480651999997 0.0
54 -0.0019286480651999997 0.0
55 -0.0019286480651999997 0.0
56 -0.0019286480651999997 0.0
57 -0.0019286480651999997 0.0
58 -0.0019286480651999997 0.0
59 -0.0019286480651999997 0.0
60 -0.0019286480651999997 0.0
61 -0.0019286480651999997 0.0
62 -0.0019286480651999997 0.0
63 -0.0019286480651999997 0.0
64 -0.0019286480651999997 0.0
65 -0.0019286480651999997 0.0
66 -0.0019286480651999997 0.0
67 -0.0019286480651999997 0.0
68 -0.0019286480651999997 0.0
69 -0.0019286480651999997 0.0
70 -0.0019286480651999997 0.0
71 -0.0019286480651999997 0.0
72 -0.0019286480651999997 0.0
73 -0.0019286480651999997 0.0
74 -0.0019286480651999997 0.0
75 -0.0019286480651999997 0.0
76 -0.0019286480651999997 0.0
77 -0.0019286480651999997 0.0
78 -0.0019286480651999997 0.0
79 -0.0019286480651999997 0.0
80 -0.0019286480651999997 0.0
81 -0.0019286480651999997 0.0
82 -0.0019286480651999997 0.0
83 -0.0019286480651999997 0.0
84 -0.0019286480651999997 0.0
85 -0.0019286480651999997 0.0
86 -0.0019286480651999997 0.0
87 -0.0019286480651999997 0.0
88 -0.0019286480651999997 0.0
89 -0.0019286480651999997 0.0
90 -0.0019286480651999997 0.0
91 -0.0019286480651999997 0.0
92 -0.0019286480651999997 0.0
93 -0.0019286480651999997 0.0
94 -0.0019286480651999997 0.0
95 -0.0019286480651999997 0.0
96 -0.0019286480651999997 0.0
97 -0.0019286480651999997 0.0
98 -0.0019286480651999997 0.0
99 -0.0019286480651999997 0.0
100 -0.0019286480651999997 0.0
101 -0.0019286480651999997 0.0
102 -0.0019286480651999997 0.0
103 -0.0019286480651999997 0.0
104 -0.0019286480651999997 0.0
105 -0.0019286480651999997 0.0
106 -0.0019286480651999997 0.0
107 -0.0019286480651999997 0.0
108 -0.0019286480651999997 0.0
109 -0.0019286480651999997 0.0
110 -0.0019286480651999997 0.0
111 -0.0019286480651999997 0.0
112 -0.0019286480651999997 0.0
113 -0.0019286480651999997 0.0
114 -0.0019286480651999997 0.0
115 -0.0019286480651999997 0.0
116 -0.0019286480651999997 0.0
117 -0.0019286480651999997 0.0
118 -0.0019286480651999997 0.0
119 -0.0019286480651999997 0.0
120 -0.0019286480651999997 0.0
121 -0.0019286480651999997 0.0
122 -0.0019286480651999997 0.0
123 -0.0019286480651999997 0.0
124 -0.0019286480651999997 0.0
125 -0.0019286480651999997 0.0
126 -0.0019286480651999997 0.0
127 -0.0019286480651999997 0.0
128 -0.0019286480651999997 0.0
129 -0.0019286480651999997 0.0
130 -0.0019286480651999997 0.0
131 -0.0019286480651999997 0.0
132 -0.0019286480651999997 0.0
133 -0.0019286480651999997 0.0
134 -0.0019286480651999997 0.0
135 -0.0019286480651999997 0.0
136 -0.0019286480651999997 0.0
137 -0.0019286480651999997 0.0
138 -0.0019286480651999997 0.0
139 -0.0019286480651999997 0.0
140 -0.0019286480651999997 0.0
141 -0.0019286480651999997 0.0
142 -0.0019286480651999997 0.0
143 -0.0019286480651999997 0.0
144 -0.0019286480651999997 0.0
145 -0.0019286480651999997 0.0
146 -0.0019286480651999997 0.0
147 -0.0019286480651999997 0.0
148 -0.0019286480651999997 0.0
149 -0.0019286480651999997 0.0
150 -0.0019286480651999997 0.0
151 -0.0019286480651999997 0.0
152 -0.0019286480651999997 0.0
153 -0.0019286480651999997 0.0
154 -0.0019286480651999997 0.0
155 -0.0019286480651999997 0.0
156 -0.0019286480651999997 0.0
157 -0.0019286480651999997 0.0
158 -0.0019286480651999997 0.0
159 -0.0019286480651999997 0.0
160 -0.0019286480651999997 0.0
161 -0.0019286480651999997 0.0
162 -0.0019286480651999997 0.0
163 -0.0019286480651999997 0.0
164 -0.0019286480651999997 0.0
165 -0.0019286480651999997 0.0
166 -0.0019286480651999997 0.0
167 -0.0019286480651999997 0.0
168 -0.0019286480651999997 0.0
169 -0.0019286480651999997 0.0
170 -0.0019286480651999997 0.0
171 -0.0019286480651999997 0.0
172 -0.0019286480651999997 0.0
173 -0.0019286480651999997 0.0
174 -0.0019286480651999997 0.0
175 -0.0019286480651999997 0.0
176 -0.0019286480651999997 0.0
177 -0.0019286480651999997 0.0
178 -0.0019286480651999997 0.0
179 -0.0019286480651999997 0.0
180 -0.0019286480651999997 0.0
181 -0.0019286480651999997 0.0
182 -0.0019286480651999997 0.0
183 -0.0019286480651999997 0.0
184 -0.0019286480651999997 0.0
185 -0.0019286480651999997 0.0
186 -0.0019286480651999997 0.0
187 -0.0019286480651999997 0.0
188 -0.0019286480651999997 0.0
189 -0.0019286480651999997 0.0
190 -0.0019286480651999997 0.0
191 -0.0019286480651999997 0.0
192 -0.0019286480651999997 0.0
193 -0.0019286480651999997 0.0
194 -0.0019286480651999997 0.0
195 -0.0019286480651999997 0.0
196 -0.0019286480651999997 0.0
197 -0.0019286480651999997 0.0
198 -0.0019286480651999997 0.0
199 -0.0019286480651999997 0.0
200 -0.0019286480651999997 0.0
201 -0.001921273725415111 0.0
202 -0.0019138993856302224 0.0
203 -0.0019065250458453337 0.0
204 -0.0018991507060604452 0.0
205 -0.0018917763662755565 0.0
206 -0.0018844020264906678 0.0
207 -0.0018770276867057791 0.0
208 -0.0018696533469208904 0.0
209 -0.0018622790071360017 0.0
210 -0.001854904667351113 0.0
211 -0.0018475303275662246 0.0
212 -0.001840155987781336 0.0
213 -0.0018327816479964472 0.0
214 -0.0018254073082115585 0.0
215 -0.0018180329684266698 0.0
216 -0.0018106586286417811 0.0
217 -0.0018032842888568924 0.0
218 -0.0017959099490720038 0.0
219 -0.0017885356092871153 0.0
220 -0.0017811612695022266 0.0
221 -0.001773786929717338 0.0
222 -0.0017664125899324492 0.0
223 -0.0017590382501475605 0.0
224 -0.0017516639103626718 0.0
225 -0.0017442895705777834 0.0
226 -0.0017369152307928947 0.0
227 -0.001729540891008006 0.0
228 -0.0017221665512231173 0.0
229 -0.0017147922114382286 0.0
230 -0.00170741787165334 0.0
231 -0.0017000435318684512 0.0
232 -0.0016926691920835625 0.0
233 -0.001685294852298674 0.0
234 -0.0016779205125137854 0.0
235 -0.0016705461727288967 0.0
236 -0.001663171832944008 0.0
237 -0.0016557974931591193 0.0
238 -0.0016484231533742306 0.0
239 -0.0016410488135893422 0.0
240 -0.0016336744738044535 0.0
241 -0.0016263001340195648 0.0
242 -0.001618925794234676 0.0
243 -0.0016115514544497874 0.0
244 -0.0016041771146648987 0.0
245 -0.00159680277488001 0.0
246 -0.0015894284350951213 0.0
247 -0.0015820540953102326 0.0
248 -0.001574679755525344 0.0
249 -0.0015673054157404555 0.0
250 -0.0015599310759555668 0.0
251 -0.001552556736170678 0.0
252 -0.0015451823963857894 0.0
253 -0.0015378080566009007 0.0
254 -0.0015304337168160122 0.0
255 -0.0015230593770311236 0.0
256 -0.0015156850372462349 0.0
257 -0.0015083106974613462 0.0
258 -0.0015009363576764575 0.0
259 -0.0014935620178915688 0.0
260 -0.00148618767810668 0.0
261 -0.0014788133383217914 0.0
262 -0.0014714389985369027 0.0
263 -0.0014640646587520143 0.0
264 -0.0014566903189671256 0.0
265 -0.0014493159791822369 0.0
266 -0.0014419416393973482 0.0
267 -0.0014345672996124595 0.0
268 -0.001427192959827571 0.0
269 -0.0014198186200426823 0.0
270 -0.0014124442802577936 0.0
271 -0.001405069940472905 0.0
272 -0.0013976956006880163 0.0
273 -0.0013903212609031276 0.0
274 -0.0013829469211182389 0.0
275 -0.0013755725813333502 0.0
276 -0.0013681982415484615 0.0
277 -0.0013608239017635728 0.0
278 -0.0013534495619786843 0.0
279 -0.0013460752221937957 0.0
280 -0.001338700882408907 0.0
281 -0.0013313265426240183 0.0
282 -0.0013239522028391298 0.0
283 -0.0013165778630542411 0.0
284 -0.0013092035232693524 0.0
285 -0.0013018291834844637 0.0
286 -0.001294454843699575 0.0
287 -0.0012870805039146864 0.0
288 -0.0012797061641297977 0.0
289 -0.001272331824344909 0.0
290 -0.0012649574845600203 0.0
291 -0.0012575831447751316 0.0
292 -0.0012502088049902431 0.0
293 -0.0012428344652053544 0.0
294 -0.0012354601254204658 0.0
295 -0.001228085785635577 0.0
296 -0.0012207114458506884 0.0
297 -0.0012133371060658 0.0
298 -0.0012059627662809112 0.0
299 -0.0011985884264960225 0.0
300 -0.0011912140867111338 0.0
301 -0.0011838397469262451 0.0
302 -0.0011764654071413565 0.0
303 -0.0011690910673564678 0.0
304 -0.001161716727571579 0.0
305 -0.0011543423877866906 0.0
306 -0.0011469680480018017 0.0
307 -0.0011395937082169132 0.0
308 -0.0011322193684320245 0.0
309 -0.0011248450286471358 0.0
310 -0.0011174706888622472 0.0
311 -0.0011100963490773587 0.0
312 -0.00110272200929247 0.0
313 -0.0010953476695075813 0.0
314 -0.0010879733297226926 0.0
315 -0.001080598989937804 0.0
316 -0.0010732246501529152 0.0
317 -0.0010658503103680265 0.0
318 -0.0010584759705831379 0.0
319 -0.0010511016307982494 0.0
320 -0.0010437272910133605 0.0
321 -0.001036352951228472 0.0
322 -0.0010289786114435833 0.0
323 -0.0010216042716586946 0.0
324 -0.001014229931873806 0.0
325 -0.0010068555920889175 0.0
326 -0.0009994812523040288 0.0
327 -0.00099210691251914 0.0
328 -0.0009847325727342514 0.0
329 -0.0009773582329493627 0.0
330 -0.000969983893164474 0.0
331 -0.0009626095533795853 0.0
332 -0.0009552352135946968 0.0
333 -0.0009478608738098082 0.0
334 -0.0009404865340249193 0.0
335 -0.0009331121942400308 0.0
336 -0.0009257378544551421 0.0
337 -0.0009183635146702534 0.0
338 -0.0009109891748853647 0.0
339 -0.000903614835100476 0.0
340 -0.0008962404953155876 0.0
341 -0.0008888661555306987 0.0
342 -0.0008814918157458102 0.0
343 -0.0008741174759609215 0.0
344 -0.0008667431361760328 0.0
345 -0.0008593687963911441 0.0
346 -0.0008519944566062554 0.0
347 -0.000844620116821367 0.0
348 -0.000837245777036478 0.0
349 -0.0008298714372515896 0.0
350 -0.0008224970974667009 0.0
351 -0.0008151227576818122 0.0
352 -0.0008077484178969235 0.0
353 -0.0008003740781120348 0.0
354 -0.0007929997383271461 0.0
355 -0.0007856253985422574 0.0
356 -0.000778251058757369 0.0
357 -0.0007708767189724803 0.0
358 -0.0007635023791875916 0.0
359 -0.0007561280394027029 0.0
360 -0.0007487536996178142 0.0
361 -0.0007413793598329255 0.0
362 -0.0007340050200480368 0.0
363 -0.0007266306802631484 0.0
364 -0.0007192563404782597 0.0
365 -0.000711882000693371 0.0
366 -0.0007045076609084823 0.0
367 -0.0006971333211235936 0.0
368 -0.0006897589813387049 0.0
369 -0.0006823846415538162 0.0
370 -0.0006750103017689277 0.0
371 -0.0006676359619840391 0.0
372 -0.0006602616221991504 0.0
373 -0.0006528872824142617 0.0
374 -0.000645512942629373 0.0
375 -0.0006381386028444843 0.0
376 -0.0006307642630595956 0.0
377 -0.0006233899232747071 0.0
378 -0.0006160155834898184 0.0
379 -0.0006086412437049298 0.0
380 -0.0006012669039200411 0.0
381 -0.0005938925641351524 0.0
382 -0.0005865182243502637 0.0
383 -0.000579143884565375 0.0
384 -0.0005717695447804865 0.0
385 -0.0005643952049955978 0.0
386 -0.0005570208652107092 0.0
387 -0.0005496465254258205 0.0
388 -0.0005422721856409318 0.0
389 -0.0005348978458560431 0.0
390 -0.0005275235060711544 0.0
391 -0.0005201491662862659 0.0
392 -0.000512774826501377 0.0
393 -0.0005054004867164885 0.0
394 -0.0004980261469315999 0.0
395 -0.0004906518071467112 0.0
396 -0.0004832774673618225 0.0
397 -0.0004759031275769338 0.0
398 -0.0004685287877920453 0.0
399 -0.0004611544480071564 0.0
400 -0.00045378010822226793 0.0
401 -0.00044640576843737925 0.0
402 -0.00043903142865249056 0.0
403 -0.0004316570888676021 0.0
404 -0.0004242827490827134 0.0
405 -0.0004169084092978245 0.0
406 -0.0004095340695129358 0.0
407 -0.0004021597297280473 0.0
408 -0.00039478538994315864 0.0
409 -0.00038741105015826995 0.0
410 -0.0003800367103733815 0.0
411 -0.0003726623705884928 0.0
412 -0.0003652880308036039 0.0
413 -0.0003579136910187152 0.0
414 -0.0003505393512338267 0.0
415 -0.00034316501144893803 0.0
416 -0.00033579067166404934 0.0
417 -0.00032841633187916087 0.0
418 -0.00032104199209427196 0.0
419 -0.00031366765230938327 0.0
420 -0.0003062933125244946 0.0
421 -0.0002989189727396061 0.0
422 -0.0002915446329547174 0.0
423 -0.00028417029316982873 0.0
424 -0.00027679595338494026 0.0
425 -0.00026942161360005135 0.0
426 -0.00026204727381516266 0.0
427 -0.00025467293403027397 0.0
428 -0.0002472985942453855 0.0
429 -0.0002399242544604968 0.0
430 -0.00023254991467560812 0.0
431 -0.00022517557489071965 0.0
432 -0.00021780123510583074 0.0
433 -0.00021042689532094205 0.0
434 -0.00020305255553605336 0.0
435 -0.0001956782157511649 0.0
436 -0.0001883038759662762 0.0
437 -0.0001809295361813875 0.0
438 -0.00017355519639649904 0.0
439 -0.00016618085661161013 0.0
440 -0.00015880651682672144 0.0
441 -0.00015143217704183276 0.0
442 -0.00014405783725694428 0.0
443 -0.0001366834974720556 0.0
444 -0.0001293091576871669 0.0
445 -0.00012193481790227843 0.0
446 -0.00011456047811738953 0.0
447 -0.00010718613833250084 0.0
448 -9.981179854761215e-05 0.0
449 -9.243745876272367e-05 0.0
450 -8.506311897783498e-05 0.0
451 -7.76887791929463e-05 0.0
452 -7.031443940805782e-05 0.0
453 -6.294009962316892e-05 0.0
454 -5.556575983828023e-05 0.0
455 -4.819142005339154e-05 0.0
456 -4.0817080268503066e-05 0.0
457 -3.3442740483614376e-05 0.0
458 -2.6068400698725687e-05 0.0
459 -1.8694060913837214e-05 0.0
460 -1.1319721128948308e-05 0.0
461 -3.945381344059619e-06 0.0
462 3.4289584408290705e-06 0.0
463 1.0803298225717543e-05 0.0
464 1.8177638010606232e-05 0.0
465 2.5551977795494705e-05 0.0
466 3.2926317580383394e-05 0.0
467 4.030065736527252e-05 0.0
468 4.7674997150161207e-05 0.0
469 5.504933693504946e-05 0.0
470 6.242367671993815e-05 0.0
471 6.979801650482684e-05 0.0
472 7.717235628971553e-05 0.0
473 8.454669607460422e-05 0.0
474 9.192103585949291e-05 0.0
475 9.92953756443816e-05 0.0
476 0.00010666971542927029 0.0
477 0.00011404405521415898 0.0
478 0.00012141839499904767 0.0
479 0.00012879273478393592 0.0
480 0.0001361670745688246 0.0
481 0.00014354141435371373 0.0
482 0.00015091575413860242 0.0
483 0.00015829009392349068 0.0
484 0.00016566443370837937 0.0
485 0.00017303877349326806 0.0
486 0.00018041311327815675 0.0
487 0.00018778745306304544 0.0
488 0.00019516179284793413 0.0
489 0.00020253613263282282 0.0
490 0.0002099104724177115 0.0
491 0.0002172848122026002 0.0
492 0.00022465915198748888 0.0
493 0.00023203349177237714 0.0
494 0.00023940783155726583 0.0
495 0.00024678217134215495 0.0
496 0.00025415651112704364 0.0
497 0.0002615308509119319 0.0
498 0.0002689051906968206 0.0
499 0.0002762795304817093 0.0
500 0.00028365387026659796 0.0
501 0.00029102821005148665 0.0
502 0.00029840254983637534 0.0
503 0.00030577688962126403 0.0
504 0.0003131512294061527 0.0
505 0.0003205255691910414 0.0
506 0.0003278999089759301 0.0
507 0.00033527424876081836 0.0
508 0.0003426485885457075 0.0
509 0.00035002292833059617 0.0
510 0.00035739726811548486 0.0
511 0.0003647716079003731 0.0
512 0.0003721459476852618 0.0
513 0.0003795202874701505 0.0
514 0.0003868946272550392 0.0
515 0.00039426896703992787 0.0
516 0.00040164330682481656 0.0
517 0.00040901764660970525 0.0
518 0.00041639198639459394 0.0
519 0.00042376632617948263 0.0
520 0.0004311406659643713 0.0
521 0.0004385150057492596 0.0
522 0.0004458893455341487 0.0
523 0.0004532636853190374 0.0
524 0.0004606380251039261 0.0
525 0.00046801236488881433 0.0
526 0.000475386704673703 0.0
527 0.0004827610444585917 0.0
528 0.0004901353842434804 0.0
529 0.0004975097240283691 0.0
530 0.0005048840638132578 0.0
531 0.0005122584035981465 0.0
532 0.0005196327433830352 0.0
533 0.0005270070831679238 0.0
534 0.0005343814229528125 0.0
535 0.0005417557627377008 0.0
536 0.0005491301025225899 0.0
537 0.0005565044423074786 0.0
538 0.0005638787820923673 0.0
539 0.0005712531218772555 0.0
540 0.0005786274616621442 0.0
541 0.0005860018014470329 0.0
542 0.0005933761412319216 0.0
543 0.0006007504810168103 0.0
544 0.000608124820801699 0.0
545 0.0006154991605865877 0.0
546 0.0006228735003714764 0.0
547 0.0006302478401563651 0.0
548 0.0006376221799412538 0.0
549 0.000644996519726142 0.0
550 0.0006523708595110311 0.0
551 0.0006597451992959198 0.0
552 0.0006671195390808085 0.0
553 0.0006744938788656968 0.0
554 0.0006818682186505855 0.0
555 0.0006892425584354741 0.0
556 0.0006966168982203628 0.0
557 0.0007039912380052515 0.0
558 0.0007113655777901402 0.0
559 0.0007187399175750289 0.0
560 0.0007261142573599176 0.0
561 0.0007334885971448063 0.0
562 0.000740862936929695 0.0
563 0.0007482372767145832 0.0
564 0.0007556116164994723 0.0
565 0.000762985956284361 0.0
566 0.0007703602960692497 0.0
567 0.000777734635854138 0.0
568 0.0007851089756390267 0.0
569 0.0007924833154239154 0.0
570 0.000799857655208804 0.0
571 0.0008072319949936927 0.0
572 0.0008146063347785814 0.0
573 0.0008219806745634701 0.0
574 0.0008293550143483588 0.0
575 0.0008367293541332475 0.0
576 0.0008441036939181362 0.0
577 0.0008514780337030244 0.0
578 0.0008588523734879136 0.0
579 0.0008662267132728023 0.0
580 0.0008736010530576909 0.0
581 0.0008809753928425792 0.0
582 0.0008883497326274679 0.0
583 0.0008957240724123566 0.0
584 0.0009030984121972457 0.0
585 0.000910472751982134 0.0
586 0.0009178470917670226 0.0
587 0.0009252214315519113 0.0
588 0.0009325957713368 0.0
589 0.0009399701111216887 0.0
590 0.0009473444509065774 0.0
591 0.0009547187906914661 0.0
592 0.0009620931304763548 0.0
593 0.0009694674702612435 0.0
594 0.0009768418100461322 0.0
595 0.0009842161498310204 0.0
596 0.000991590489615909 0.0
597 0.0009989648294007978 0.0
598 0.001006339169185687 0.0
599 0.0010137135089705752 0.0
600 0.0010210878487554639 0.0
601 0.0010284621885403521 0.0
602 0.0010358365283252412 0.0
603 0.0010432108681101304 0.0
604 0.0010505852078950186 0.0
605 0.0010579595476799073 0.0
606 0.0010653338874647956 0.0
607 0.0010727082272496847 0.0
608 0.001080082567034573 0.0
609 0.0010874569068194616 0.0
610 0.0010948312466043508 0.0
611 0.001102205586389239 0.0
612 0.0011095799261741281 0.0
613 0.0011169542659590164 0.0
614 0.001124328605743905 0.0
615 0.0011317029455287933 0.0
616 0.0011390772853136825 0.0
617 0.0011464516250985716 0.0
618 0.0011538259648834598 0.0
619 0.0011612003046683485 0.0
620 0.0011685746444532368 0.0
621 0.001175948984238126 0.0
622 0.0011833233240230142 0.0
623 0.0011906976638079029 0.0
624 0.001198072003592792 0.0
625 0.0012054463433776802 0.0
626 0.0012128206831625694 0.0
627 0.0012201950229474576 0.0
628 0.0012275693627323463 0.0
629 0.0012349437025172354 0.0
630 0.0012423180423021237 0.0
631 0.0012496923820870128 0.0
632 0.001257066721871901 0.0
633 0.0012644410616567897 0.0
634 0.001271815401441678 0.0
635 0.0012791897412265671 0.0
636 0.0012865640810114558 0.0
637 0.001293938420796344 0.0
638 0.0013013127605812332 0.0
639 0.0013086871003661214 0.0
640 0.0013160614401510106 0.0
641 0.0013234357799358988 0.0
642 0.0013308101197207875 0.0
643 0.0013381844595056766 0.0
644 0.001345558799290565 0.0
645 0.001352933139075454 0.0
646 0.0013603074788603423 0.0
647 0.001367681818645231 0.0
648 0.0013750561584301192 0.0
649 0.0013824304982150083 0.0
650 0.001389804837999897 0.0
651 0.0013971791777847853 0.0
652 0.0014045535175696744 0.0
653 0.0014119278573545627 0.0
654 0.0014193021971394518 0.0
655 0.00142667653692434 0.0
656 0.0014340508767092287 0.0
657 0.0014414252164941179 0.0
658 0.0014487995562790061 0.0
659 0.0014561738960638952 0.0
660 0.0014635482358487835 0.0
661 0.0014709225756336722 0.0
662 0.0014782969154185604 0.0
663 0.0014856712552034496 0.0
664 0.0014930455949883382 0.0
665 0.0015004199347732265 0.0
666 0.0015077942745581156 0.0
667 0.0015151686143430039 0.0
668 0.001522542954127893 0.0
669 0.0015299172939127813 0.0
670 0.00153729163369767 0.0
671 0.001544665973482559 0.0
672 0.0015520403132674473 0.0
673 0.0015594146530523365 0.0
674 0.0015667889928372247 0.0
675 0.0015741633326221134 0.0
676 0.0015815376724070017 0.0
677 0.0015889120121918908 0.0
678 0.0015962863519767795 0.0
679 0.0016036606917616677 0.0
680 0.0016110350315465568 0.0
681 0.001618409371331445 0.0
682 0.0016257837111163342 0.0
683 0.0016331580509012225 0.0
684 0.0016405323906861112 0.0
685 0.0016479067304710003 0.0
686 0.0016552810702558885 0.0
687 0.0016626554100407777 0.0
688 0.001670029749825666 0.0
689 0.0016774040896105546 0.0
690 0.0016847784293954429 0.0
691 0.001692152769180332 0.0
692 0.0016995271089652207 0.0
693 0.001706901448750109 0.0
694 0.001714275788534998 0.0
695 0.0017216501283198863 0.0
696 0.0017290244681047754 0.0
697 0.0017363988078896637 0.0
698 0.0017437731476745524 0.0
699 0.0017511474874594415 0.0
700 0.0017585218272443298 0.0
701 0.0017658961670292189 0.0
702 0.0017732705068141071 0.0
703 0.0017806448465989958 0.0
704 0.001788019186383884 0.0
705 0.0017953935261687732 0.0
706 0.001802767865953662 0.0
707 0.0018101422057385502 0.0
708 0.0018175165455234393 0.0
709 0.0018248908853083275 0.0
710 0.0018322652250932167 0.0
711 0.001839639564878105 0.0
712 0.0018470139046629936 0.0
713 0.0018543882444478827 0.0
714 0.001861762584232771 0.0
715 0.00186913692401766 0.0
716 0.0018765112638025484 0.0
717 0.001883885603587437 0.0
718 0.0018912599433723253 0.0
719 0.0018986342831572144 0.0
720 0.0019060086229421031 0.0
721 0.0019133829627269914 0.0
722 0.0019207573025118805 0.0
723 0.0019281316422967688 0.0
724 0.0019355059820816579 0.0
725 0.0019428803218665461 0.0
726 0.0019502546616514348 0.0
727 0.001957629001436324 0.0
728 0.001965003341221212 0.0
729 0.0019723776810061013 0.0
730 0.001979752020790989 0.0
731 0.0019871263605758787 0.0
732 0.0019945007003607665 0.0
733 0.002001875040145655 0.0
734 0.0020092493799305448 0.0
735 0.0020166237197154326 0.0
736 0.002023998059500322 0.0
737 0.00203137239928521 0.0
738 0.0020387467390700987 0.0
739 0.0020461210788549873 0.0
740 0.002053495418639876 0.0
741 0.0020608697584247647 0.0
742 0.0020682440982096534 0.0
743 0.002075618437994542 0.0
744 0.002082992777779431 0.0
745 0.0020903671175643195 0.0
746 0.002097741457349208 0.0
747 0.002105115797134097 0.0
748 0.0021124901369189856 0.0
749 0.0021198644767038742 0.0
750 0.002127238816488763 0.0
751 0.0021346131562736516 0.0
752 0.0021419874960585403 0.0
753 0.002149361835843428 0.0
754 0.0021567361756283177 0.0
755 0.0021641105154132064 0.0
756 0.002171484855198095 0.0
757 0.0021788591949829838 0.0
758 0.0021862335347678716 0.0
759 0.002193607874552761 0.0
760 0.002200982214337649 0.0
761 0.0022083565541225376 0.0
762 0.002215730893907427 0.0
763 0.002223105233692315 0.0
764 0.0022304795734772046 0.0
765 0.0022378539132620924 0.0
766 0.002245228253046981 0.0
767 0.0022526025928318698 0.0
768 0.0022599769326167585 0.0
769 0.002267351272401647 0.0
770 0.002274725612186536 0.0
771 0.0022820999519714245 0.0
772 0.0022894742917563132 0.0
773 0.002296848631541202 0.0
774 0.0023042229713260906 0.0
775 0.0023115973111109793 0.0
776 0.002318971650895868 0.0
777 0.0023263459906807567 0.0
778 0.0023337203304656454 0.0
779 0.002341094670250534 0.0
780 0.0023484690100354227 0.0
781 0.0023558433498203106 0.0
782 0.0023632176896052 0.0
783 0.002370592029390089 0.0
784 0.0023779663691749775 0.0
785 0.002385340708959866 0.0
786 0.002392715048744754 0.0
787 0.0024000893885296436 0.0
788 0.0024074637283145314 0.0
789 0.00241483806809942 0.0
790 0.0024222124078843096 0.0
791 0.0024295867476691975 0.0
792 0.002436961087454087 0.0
793 0.002444335427238975 0.0
794 0.0024517097670238635 0.0
795 0.002459084106808752 0.0
796 0.002466458446593641 0.0
797 0.0024738327863785296 0.0
798 0.0024812071261634183 0.0
799 0.002488581465948307 0.0
800 0.0024959558057331957 0.0
801 0.0025033301455180844 0.0
802 0.002510704485302973 0.0
803 0.0025180788250878617 0.0
804 0.0025254531648727504 0.0
805 0.002532827504657639 0.0
806 0.002540201844442528 0.0
807 0.0025475761842274165 0.0
808 0.002554950524012305 0.0
809 0.002562324863797194 0.0
810 0.0025696992035820826 0.0
811 0.0025770735433669712 0.0
812 0.00258444788315186 0.0
813 0.0025918222229367486 0.0
814 0.0025991965627216364 0.0
815 0.002606570902506526 0.0
816 0.0026139452422914147 0.0
817 0.0026213195820763025 0.0
818 0.002628693921861192 0.0
819 0.00263606826164608 0.0
820 0.0026434426014309695 0.0
821 0.0026508169412158573 0.0
822 0.002658191281000746 0.0
823 0.0026655656207856355 0.0
824 0.0026729399605705233 0.0
825 0.002680314300355412 0.0
826 0.0026876886401403007 0.0
827 0.0026950629799251894 0.0
828 0.002702437319710078 0.0
829 0.002709811659494967 0.0
830 0.0027171859992798555 0.0
831 0.002724560339064744 0.0
832 0.002731934678849633 0.0
833 0.0027393090186345215 0.0
834 0.0027466833584194102 0.0
835 0.002754057698204299 0.0
836 0.0027614320379891876 0.0
837 0.0027688063777740763 0.0
838 0.002776180717558965 0.0
839 0.0027835550573438537 0.0
840 0.0027909293971287424 0.0
841 0.002798303736913631 0.0
842 0.002805678076698519 0.0
843 0.0028130524164834084 0.0
844 0.002820426756268297 0.0
845 0.002827801096053185 0.0
846 0.0028351754358380745 0.0
847 0.0028425497756229623 0.0
848 0.002849924115407852 0.0
849 0.0028572984551927397 0.0
850 0.0028646727949776284 0.0
851 0.002872047134762518 0.0
852 0.0028794214745474058 0.0
853 0.0028867958143322945 0.0
854 0.002894170154117183 0.0
855 0.002901544493902072 0.0
856 0.0029089188336869605 0.0
857 0.0029162931734718492 0.0
858 0.002923667513256738 0.0
859 0.0029310418530416266 0.0
860 0.0029384161928265153 0.0
861 0.002945790532611404 0.0
862 0.0029531648723962927 0.0
863 0.0029605392121811814 0.0
864 0.00296791355196607 0.0
865 0.0029752878917509587 0.0
866 0.0029826622315358474 0.0
867 0.002990036571320736 0.0
868 0.002997410911105625 0.0
869 0.0030047852508905135 0.0
870 0.0030121595906754013 0.0
871 0.003019533930460291 0.0
872 0.0030269082702451796 0.0
873 0.0030342826100300674 0.0
874 0.003041656949814957 0.0
875 0.0030490312895998448 0.0
876 0.0030564056293847343 0.0
877 0.003063779969169622 0.0
878 0.003071154308954511 0.0
879 0.0030785286487394004 0.0
880 0.003085902988524288 0.0
881 0.0030932773283091778 0.0
882 0.0031006516680940656 0.0
883 0.0031080260078789543 0.0
884 0.003115400347663843 0.0
885 0.0031227746874487317 0.0
886 0.0031301490272336203 0.0
887 0.003137523367018509 0.0
888 0.0031448977068033977 0.0
889 0.0031522720465882864 0.0
890 0.003159646386373175 0.0
891 0.003167020726158064 0.0
892 0.0031743950659429525 0.0
893 0.003181769405727841 0.0
894 0.00318914374551273 0.0
895 0.0031965180852976185 0.0
896 0.0032038924250825072 0.0
897 0.003211266764867396 0.0
898 0.0032186411046522838 0.0
899 0.0032260154444371733 0.0
900 0.003233389784222062 0.0
901 0.00324076412400695 0.0
902 0.0032481384637918394 0.0
903 0.003255512803576727 0.0
904 0.0032628871433616168 0.0
905 0.0032702614831465046 0.0
906 0.0032776358229313933 0.0
907 0.003285010162716283 0.0
908 0.0032923845025011706 0.0
909 0.00329975884228606 0.0
910 0.003307133182070948 0.0
911 0.0033145075218558367 0.0
912 0.0033218818616407254 0.0
913 0.003329256201425614 0.0
914 0.0033366305412105028 0.0
915 0.0033440048809953915 0.0
916 0.00335137922078028 0.0
917 0.003358753560565169 0.0
918 0.0033661279003500575 0.0
919 0.0033735022401349462 0.0
920 0.003380876579919835 0.0
921 0.0033882509197047236 0.0
922 0.0033956252594896123 0.0
923 0.003402999599274501 0.0
924 0.0034103739390593897 0.0
925 0.0034177482788442784 0.0
926 0.003425122618629166 0.0
927 0.0034324969584140557 0.0
928 0.0034398712981989444 0.0
929 0.0034472456379838323 0.0
930 0.003454619977768722 0.0
931 0.0034619943175536096 0.0
932 0.003469368657338499 0.0
933 0.003476742997123387 0.0
934 0.0034841173369082757 0.0
935 0.0034914916766931653 0.0
936 0.003498866016478053 0.0
937 0.0035062403562629426 0.0
938 0.0035136146960478305 0.0
939 0.003520989035832719 0.0
940 0.003528363375617608 0.0
941 0.0035357377154024965 0.0
942 0.003543112055187385 0.0
943 0.003550486394972274 0.0
944 0.0035578607347571626 0.0
945 0.0035652350745420513 0.0
946 0.00357260941432694 0.0
947 0.0035799837541118287 0.0
948 0.0035873580938967174 0.0
949 0.003594732433681606 0.0
950 0.0036021067734664947 0.0
951 0.0036094811132513834 0.0
952 0.003616855453036272 0.0
953 0.003624229792821161 0.0
954 0.0036316041326060486 0.0
955 0.003638978472390938 0.0
956 0.003646352812175827 0.0
957 0.0036537271519607147 0.0
958 0.0036611014917456042 0.0
959 0.003668475831530492 0.0
960 0.0036758501713153816 0.0
961 0.0036832245111002694 0.0
962 0.003690598850885158 0.0
963 0.0036979731906700477 0.0
964 0.0037053475304549355 0.0
965 0.003712721870239825 0.0
966 0.003720096210024713 0.0
967 0.0037274705498096016 0.0
968 0.003734844889594491 0.0
969 0.003742219229379379 0.0
970 0.0037495935691642676 0.0
971 0.0037569679089491563 0.0
972 0.003764342248734045 0.0
973 0.0037717165885189337 0.0
974 0.0037790909283038224 0.0
975 0.003786465268088711 0.0
976 0.0037938396078736 0.0
977 0.0038012139476584885 0.0
978 0.003808588287443377 0.0
979 0.003815962627228266 0.0
980 0.0038233369670131545 0.0
981 0.0038307113067980432 0.0
982 0.003838085646582932 0.0
983 0.0038454599863678206 0.0
984 0.0038528343261527093 0.0
985 0.003860208665937597 0.0
986 0.0038675830057224867 0.0
987 0.0038749573455073745 0.0
988 0.003882331685292264 0.0
989 0.0038897060250771527 0.0
990 0.0038970803648620406 0.0
991 0.00390445470464693 0.0
992 0.003911829044431818 0.0
993 0.0039192033842167075 0.0
994 0.003926577724001595 0.0
995 0.003933952063786484 0.0
996 0.003941326403571374 0.0
997 0.003948700743356261 0.0
998 0.00395607508314115 0.0
999 0.003963449422926039 0.0
1000 0.003963449422926039 0.0
1001 0.003963449422926039 0.0
1002 0.003963449422926039 0.0
1003 0.003963449422926039 0.0
1004 0.003963449422926039 0.0
1005 0.003963449422926039 0.0
1006 0.003963449422926039 0.0
1007 0.003963449422926039 0.0
1008 0.003963449422926039 0.0
1009 0.003963449422926039 0.0
1010 0.003963449422926039 0.0
1011 0.003963449422926039 0.0
1012 0.003963449422926039 0.0
1013 0.003963449422926039 0.0
1014 0.003963449422926039 0.0
1015 0.003963449422926039 0.0
1016 0.003963449422926039 0.0
1017 0.003963449422926039 0.0
1018 0.003963449422926039 0.0
1019 0.003963449422926039 0.0
1020 0.003963449422926039 0.0
1021 0.003963449422926039 0.0
1022 0.003963449422926039 0.0
1023 0.003963449422926039 0.0
1024 0.003963449422926039 0.0
1025 0.003963449422926039 0.0
1026 0.003963449422926039 0.0
1027 0.003963449422926039 0.0
1028 0.003963449422926039 0.0
1029 0.003963449422926039 0.0
1030 0.003963449422926039 0.0
1031 0.003963449422926039 0.0
1032 0.003963449422926039 0.0
1033 0.003963449422926039 0.0
1034 0.003963449422926039 0.0
1035 0.003963449422926039 0.0
1036 0.003963449422926039 0.0
1037 0.003963449422926039 0.0
1038 0.003963449422926039 0.0
1039 0.003963449422926039 0.0
1040 0.003963449422926039 0.0
1041 0.003963449422926039 0.0
1042 0.003963449422926039 0.0
1043 0.003963449422926039 0.0
1044 0.003963449422926039 0.0
1045 0.003963449422926039 0.0
1046 0.003963449422926039 0.0
1047 0.003963449422926039 0.0
1048 0.003963449422926039 0.0
1049 0.003963449422926039 0.0
1050 0.003963449422926039 0.0
1051 0.003963449422926039 0.0
1052 0.003963449422926039 0.0
1053 0.003963449422926039 0.0
1054 0.003963449422926039 0.0
1055 0.003963449422926039 0.0
1056 0.003963449422926039 0.0
1057 0.003963449422926039 0.0
1058 0.003963449422926039 0.0
1059 0.003963449422926039 0.0
1060 0.003963449422926039 0.0
1061 0.003963449422926039 0.0
1062 0.003963449422926039 0.0
1063 0.003963449422926039 0.0
1064 0.003963449422926039 0.0
1065 0.003963449422926039 0.0
1066 0.003963449422926039 0.0
1067 0.003963449422926039 0.0
1068 0.003963449422926039 0.0
1069 0.003963449422926039 0.0
1070 0.003963449422926039 0.0
1071 0.003963449422926039 0.0
1072 0.003963449422926039 0.0
1073 0.003963449422926039 0.0
1074 0.003963449422926039 0.0
1075 0.003963449422926039 0.0
1076 0.003963449422926039 0.0
1077 0.003963449422926039 0.0
1078 0.003963449422926039 0.0
1079 0.003963449422926039 0.0
1080 0.003963449422926039 0.0
1081 0.003963449422926039 0.0
1082 0.003963449422926039 0.0
1083 0.003963449422926039 0.0
1084 0.003963449422926039 0.0
1085 0.003963449422926039 0.0
1086 0.003963449422926039 0.0
1087 0.003963449422926039 0.0
1088 0.003963449422926039 0.0
1089 0.003963449422926039 0.0
1090 0.003963449422926039 0.0
1091 0.003963449422926039 0.0
1092 0.003963449422926039 0.0
1093 0.003963449422926039 0.0
1094 0.003963449422926039 0.0
1095 0.003963449422926039 0.0
1096 0.003963449422926039 0.0
1097 0.003963449422926039 0.0
1098 0.003963449422926039 0.0
1099 0.003963449422926039 0.0
1100 0.003963449422926039 0.0
1101 0.003963449422926039 0.0
1102 0.003963449422926039 0.0
1103 0.003963449422926039 0.0
1104 0.003963449422926039 0.0
1105 0.003963449422926039 0.0
1106 0.003963449422926039 0.0
1107 0.003963449422926039 0.0
1108 0.003963449422926039 0.0
1109 0.003963449422926039 0.0
1110 0.003963449422926039 0.0
1111 0.003963449422926039 0.0
1112 0.003963449422926039 0.0
1113 0.003963449422926039 0.0
1114 0.003963449422926039 0.0
1115 0.003963449422926039 0.0
1116 0.003963449422926039 0.0
1117 0.003963449422926039 0.0
1118 0.003963449422926039 0.0
1119 0.003963449422926039 0.0
1120 0.003963449422926039 0.0
1121 0.003963449422926039 0.0
1122 0.003963449422926039 0.0
1123 0.003963449422926039 0.0
1124 0.003963449422926039 0.0
1125 0.003963449422926039 0.0
1126 0.003963449422926039 0.0
1127 0.003963449422926039 0.0
1128 0.003963449422926039 0.0
1129 0.003963449422926039 0.0
1130 0.003963449422926039 0.0
1131 0.003963449422926039 0.0
1132 0.003963449422926039 0.0
1133 0.003963449422926039 0.0
1134 0.003963449422926039 0.0
1135 0.003963449422926039 0.0
1136 0.003963449422926039 0.0
1137 0.003963449422926039 0.0
1138 0.003963449422926039 0.0
1139 0.003963449422926039 0.0
1140 0.003963449422926039 0.0
1141 0.003963449422926039 0.0
1142 0.003963449422926039 0.0
1143 0.003963449422926039 0.0
1144 0.003963449422926039 0.0
1145 0.003963449422926039 0.0
1146 0.003963449422926039 0.0
1147 0.003963449422926039 0.0
1148 0.003963449422926039 0.0
1149 0.003963449422926039 0.0
1150 0.003963449422926039 0.0
1151 0.003963449422926039 0.0
1152 0.003963449422926039 0.0
1153 0.003963449422926039 0.0
1154 0.003963449422926039 0.0
1155 0.003963449422926039 0.0
1156 0.003963449422926039 0.0
1157 0.003963449422926039 0.0
1158 0.003963449422926039 0.0
1159 0.003963449422926039 0.0
1160 0.003963449422926039 0.0
1161 0.003963449422926039 0.0
1162 0.003963449422926039 0.0
1163 0.003963449422926039 0.0
1164 0.003963449422926039 0.0
1165 0.003963449422926039 0.0
1166 0.003963449422926039 0.0
1167 0.003963449422926039 0.0
1168 0.003963449422926039 0.0
1169 0.003963449422926039 0.0
1170 0.003963449422926039 0.0
1171 0.003963449422926039 0.0
1172 0.003963449422926039 0.0
1173 0.003963449422926039 0.0
1174 0.003963449422926039 0.0
1175 0.003963449422926039 0.0
1176 0.003963449422926039 0.0
1177 0.003963449422926039 0.0
1178 0.003963449422926039 0.0
1179 0.003963449422926039 0.0
1180 0.003963449422926039 0.0
1181 0.003963449422926039 0.0
1182 0.003963449422926039 0.0
1183 0.003963449422926039 0.0
1184 0.003963449422926039 0.0
1185 0.003963449422926039 0.0
1186 0.003963449422926039 0.0
1187 0.003963449422926039 0.0
1188 0.003963449422926039 0.0
1189 0.003963449422926039 0.0
1190 0.003963449422926039 0.0
1191 0.003963449422926039 0.0
1192 0.003963449422926039 0.0
1193 0.003963449422926039 0.0
1194 0.003963449422926039 0.0
1195 0.003963449422926039 0.0
1196 0.003963449422926039 0.0
1197 0.003963449422926039 0.0
1198 0.003963449422926039 0.0
1199 0.003963449422926039 0.0
1200 0.003963449422926039 0.0
1201 0.00395607508314115 0.0
1202 0.003948700743356261 0.0
1203 0.003941326403571373 0.0
1204 0.003933952063786484 0.0
1205 0.003926577724001595 0.0
1206 0.0039192033842167075 0.0
1207 0.003911829044431818 0.0
1208 0.0039044547046469293 0.0
1209 0.0038970803648620406 0.0
1210 0.003889706025077152 0.0
1211 0.003882331685292264 0.0
1212 0.0038749573455073745 0.0
1213 0.0038675830057224867 0.0
1214 0.003860208665937597 0.0
1215 0.0038528343261527084 0.0
1216 0.0038454599863678206 0.0
1217 0.003838085646582931 0.0
1218 0.0038307113067980432 0.0
1219 0.0038233369670131545 0.0
1220 0.003815962627228266 0.0
1221 0.003808588287443377 0.0
1222 0.0038012139476584876 0.0
1223 0.0037938396078736 0.0
1224 0.003786465268088711 0.0
1225 0.0037790909283038224 0.0
1226 0.0037717165885189337 0.0
1227 0.003764342248734045 0.0
1228 0.0037569679089491563 0.0
1229 0.0037495935691642676 0.0
1230 0.003742219229379379 0.0
1231 0.0037348448895944903 0.0
1232 0.0037274705498096016 0.0
1233 0.003720096210024713 0.0
1234 0.003712721870239825 0.0
1235 0.0037053475304549355 0.0
1236 0.003697973190670047 0.0
1237 0.003690598850885158 0.0
1238 0.0036832245111002694 0.0
1239 0.0036758501713153816 0.0
1240 0.003668475831530492 0.0
1241 0.0036611014917456042 0.0
1242 0.0036537271519607147 0.0
1243 0.003646352812175826 0.0
1244 0.003638978472390938 0.0
1245 0.0036316041326060486 0.0
1246 0.003624229792821161 0.0
1247 0.003616855453036272 0.0
1248 0.0036094811132513826 0.0
1249 0.0036021067734664947 0.0
1250 0.003594732433681605 0.0
1251 0.0035873580938967174 0.0
1252 0.0035799837541118287 0.0
1253 0.00357260941432694 0.0
1254 0.0035652350745420513 0.0
1255 0.0035578607347571626 0.0
1256 0.003550486394972274 0.0
1257 0.003543112055187385 0.0
1258 0.0035357377154024965 0.0
1259 0.003528363375617608 0.0
1260 0.003520989035832719 0.0
1261 0.0035136146960478305 0.0
1262 0.0035062403562629418 0.0
1263 0.003498866016478053 0.0
1264 0.0034914916766931644 0.0
1265 0.0034841173369082757 0.0
1266 0.003476742997123387 0.0
1267 0.003469368657338499 0.0
1268 0.0034619943175536096 0.0
1269 0.003454619977768722 0.0
1270 0.0034472456379838323 0.0
1271 0.0034398712981989436 0.0
1272 0.0034324969584140557 0.0
1273 0.003425122618629166 0.0
1274 0.0034177482788442784 0.0
1275 0.0034103739390593897 0.0
1276 0.0034029995992745 0.0
1277 0.0033956252594896123 0.0
1278 0.0033882509197047227 0.0
1279 0.003380876579919835 0.0
1280 0.0033735022401349462 0.0
1281 0.0033661279003500575 0.0
1282 0.003358753560565169 0.0
1283 0.00335137922078028 0.0
1284 0.0033440048809953915 0.0
1285 0.0033366305412105028 0.0
1286 0.003329256201425614 0.0
1287 0.0033218818616407254 0.0
1288 0.0033145075218558367 0.0
1289 0.003307133182070948 0.0
1290 0.0032997588422860593 0.0
1291 0.0032923845025011706 0.0
1292 0.003285010162716282 0.0
1293 0.0032776358229313933 0.0
1294 0.0032702614831465046 0.0
1295 0.0032628871433616168 0.0
1296 0.003255512803576727 0.0
1297 0.0032481384637918394 0.0
1298 0.00324076412400695 0.0
1299 0.003233389784222061 0.0
1300 0.0032260154444371733 0.0
1301 0.0032186411046522838 0.0
1302 0.003211266764867396 0.0
1303 0.0032038924250825072 0.0
1304 0.0031965180852976177 0.0
1305 0.00318914374551273 0.0
1306 0.0031817694057278403 0.0
1307 0.0031743950659429525 0.0
1308 0.003167020726158064 0.0
1309 0.0031596463863731742 0.0
1310 0.0031522720465882864 0.0
1311 0.0031448977068033977 0.0
1312 0.003137523367018509 0.0
1313 0.0031301490272336203 0.0
1314 0.0031227746874487317 0.0
1315 0.003115400347663843 0.0
1316 0.0031080260078789543 0.0
1317 0.0031006516680940656 0.0
1318 0.003093277328309177 0.0
1319 0.003085902988524288 0.0
1320 0.0030785286487393995 0.0
1321 0.003071154308954511 0.0
1322 0.003063779969169622 0.0
1323 0.0030564056293847335 0.0
1324 0.0030490312895998448 0.0
1325 0.003041656949814957 0.0
1326 0.0030342826100300674 0.0
1327 0.0030269082702451787 0.0
1328 0.003019533930460291 0.0
1329 0.0030121595906754013 0.0
1330 0.0030047852508905135 0.0
1331 0.002997410911105625 0.0
1332 0.0029900365713207352 0.0
1333 0.0029826622315358474 0.0
1334 0.002975287891750958 0.0
1335 0.00296791355196607 0.0
1336 0.0029605392121811814 0.0
1337 0.002953164872396292 0.0
1338 0.002945790532611404 0.0
1339 0.0029384161928265153 0.0
1340 0.0029310418530416266 0.0
1341 0.002923667513256738 0.0
1342 0.0029162931734718492 0.0
1343 0.0029089188336869605 0.0
1344 0.002901544493902072 0.0
1345 0.002894170154117183 0.0
1346 0.0028867958143322945 0.0
1347 0.0028794214745474058 0.0
1348 0.002872047134762517 0.0
1349 0.0028646727949776284 0.0
1350 0.0028572984551927397 0.0
1351 0.002849924115407851 0.0
1352 0.0028425497756229623 0.0
1353 0.0028351754358380745 0.0
1354 0.002827801096053185 0.0
1355 0.0028204267562682963 0.0
1356 0.0028130524164834084 0.0
1357 0.002805678076698519 0.0
1358 0.002798303736913631 0.0
1359 0.0027909293971287424 0.0
1360 0.002783555057343853 0.0
1361 0.002776180717558965 0.0
1362 0.0027688063777740754 0.0
1363 0.0027614320379891876 0.0
1364 0.002754057698204299 0.0
1365 0.0027466833584194094 0.0
1366 0.0027393090186345215 0.0
1367 0.002731934678849633 0.0
1368 0.002724560339064744 0.0
1369 0.0027171859992798555 0.0
1370 0.002709811659494967 0.0
1371 0.002702437319710078 0.0
1372 0.0026950629799251894 0.0
1373 0.0026876886401403007 0.0
1374 0.002680314300355412 0.0
1375 0.0026729399605705233 0.0
1376 0.0026655656207856347 0.0
1377 0.002658191281000746 0.0
1378 0.0026508169412158573 0.0
1379 0.0026434426014309686 0.0
1380 0.00263606826164608 0.0
1381 0.002628693921861192 0.0
1382 0.0026213195820763025 0.0
1383 0.002613945242291414 0.0
1384 0.002606570902506526 0.0
1385 0.0025991965627216364 0.0
1386 0.0025918222229367486 0.0
1387 0.00258444788315186 0.0
1388 0.0025770735433669704 0.0
1389 0.0025696992035820826 0.0
1390 0.002562324863797193 0.0
1391 0.002554950524012305 0.0
1392 0.0025475761842274165 0.0
1393 0.002540201844442527 0.0
1394 0.002532827504657639 0.0
1395 0.0025254531648727504 0.0
1396 0.0025180788250878617 0.0
1397 0.002510704485302973 0.0
1398 0.0025033301455180844 0.0
1399 0.0024959558057331957 0.0
1400 0.002488581465948307 0.0
1401 0.0024812071261634183 0.0
1402 0.0024738327863785296 0.0
1403 0.002466458446593641 0.0
1404 0.002459084106808753 0.0
1405 0.0024517097670238635 0.0
1406 0.002444335427238975 0.0
1407 0.002436961087454086 0.0
1408 0.0024295867476691975 0.0
1409 0.0024222124078843096 0.0
1410 0.00241483806809942 0.0
1411 0.0024074637283145314 0.0
1412 0.0024000893885296427 0.0
1413 0.002392715048744754 0.0
1414 0.002385340708959866 0.0
1415 0.0023779663691749775 0.0
1416 0.002370592029390088 0.0
1417 0.0023632176896052 0.0
1418 0.0023558433498203106 0.0
1419 0.0023484690100354227 0.0
1420 0.002341094670250534 0.0
1421 0.0023337203304656445 0.0
1422 0.0023263459906807567 0.0
1423 0.002318971650895868 0.0
1424 0.0023115973111109793 0.0
1425 0.0023042229713260906 0.0
1426 0.002296848631541201 0.0
1427 0.0022894742917563132 0.0
1428 0.0022820999519714245 0.0
1429 0.002274725612186536 0.0
1430 0.002267351272401647 0.0
1431 0.0022599769326167585 0.0
1432 0.0022526025928318698 0.0
1433 0.002245228253046981 0.0
1434 0.0022378539132620924 0.0
1435 0.0022304795734772037 0.0
1436 0.002223105233692315 0.0
1437 0.002215730893907427 0.0
1438 0.0022083565541225376 0.0
1439 0.002200982214337649 0.0
1440 0.0021936078745527603 0.0
1441 0.0021862335347678716 0.0
1442 0.0021788591949829838 0.0
1443 0.002171484855198095 0.0
1444 0.0021641105154132055 0.0
1445 0.0021567361756283177 0.0
1446 0.002149361835843428 0.0
1447 0.0021419874960585403 0.0
1448 0.0021346131562736516 0.0
1449 0.002127238816488762 0.0
1450 0.0021198644767038742 0.0
1451 0.0021124901369189856 0.0
1452 0.002105115797134097 0.0
1453 0.002097741457349208 0.0
1454 0.0020903671175643186 0.0
1455 0.002082992777779431 0.0
1456 0.002075618437994542 0.0
1457 0.0020682440982096534 0.0
1458 0.0020608697584247647 0.0
1459 0.002053495418639876 0.0
1460 0.0020461210788549873 0.0
1461 0.0020387467390700987 0.0
1462 0.00203137239928521 0.0
1463 0.0020239980595003213 0.0
1464 0.0020166237197154326 0.0
1465 0.0020092493799305448 0.0
1466 0.002001875040145655 0.0
1467 0.0019945007003607665 0.0
1468 0.001987126360575878 0.0
1469 0.001979752020790989 0.0
1470 0.0019723776810061013 0.0
1471 0.001965003341221212 0.0
1472 0.001957629001436323 0.0
1473 0.0019502546616514348 0.0
1474 0.0019428803218665461 0.0
1475 0.0019355059820816579 0.0
1476 0.0019281316422967688 0.0
1477 0.00192075730251188 0.0
1478 0.0019133829627269914 0.0
1479 0.0019060086229421031 0.0
1480 0.0018986342831572144 0.0
1481 0.0018912599433723253 0.0
1482 0.0018838856035874366 0.0
1483 0.0018765112638025484 0.0
1484 0.00186913692401766 0.0
1485 0.001861762584232771 0.0
1486 0.0018543882444478819 0.0
1487 0.0018470139046629936 0.0
1488 0.001839639564878105 0.0
1489 0.0018322652250932167 0.0
1490 0.0018248908853083275 0.0
1491 0.0018175165455234388 0.0
1492 0.0018101422057385502 0.0
1493 0.001802767865953662 0.0
1494 0.0017953935261687732 0.0
1495 0.001788019186383884 0.0
1496 0.0017806448465989954 0.0
1497 0.0017732705068141071 0.0
1498 0.0017658961670292189 0.0
1499 0.0017585218272443298 0.0
1500 0.0017511474874594406 0.0
1501 0.001743773147674552 0.0
1502 0.0017363988078896637 0.0
1503 0.0017290244681047754 0.0
1504 0.0017216501283198863 0.0
1505 0.0017142757885349976 0.0
1506 0.001706901448750109 0.0
1507 0.0016995271089652207 0.0
1508 0.001692152769180332 0.0
1509 0.0016847784293954429 0.0
1510 0.0016774040896105542 0.0
1511 0.001670029749825666 0.0
1512 0.0016626554100407777 0.0
1513 0.0016552810702558885 0.0
1514 0.0016479067304709994 0.0
1515 0.0016405323906861107 0.0
1516 0.0016331580509012225 0.0
1517 0.0016257837111163342 0.0
1518 0.001618409371331445 0.0
1519 0.0016110350315465564 0.0
1520 0.0016036606917616677 0.0
1521 0.0015962863519767795 0.0
1522 0.0015889120121918908 0.0
1523 0.0015815376724070017 0.0
1524 0.001574163332622113 0.0
1525 0.0015667889928372247 0.0
1526 0.0015594146530523365 0.0
1527 0.0015520403132674473 0.0
1528 0.0015446659734825582 0.0
1529 0.0015372916336976695 0.0
1530 0.0015299172939127813 0.0
1531 0.001522542954127893 0.0
1532 0.0015151686143430039 0.0
1533 0.0015077942745581152 0.0
1534 0.0015004199347732265 0.0
1535 0.0014930455949883382 0.0
1536 0.0014856712552034496 0.0
1537 0.0014782969154185604 0.0
1538 0.0014709225756336717 0.0
1539 0.0014635482358487835 0.0
1540 0.0014561738960638952 0.0
1541 0.0014487995562790061 0.0
1542 0.001441425216494117 0.0
1543 0.0014340508767092283 0.0
1544 0.00142667653692434 0.0
1545 0.0014193021971394518 0.0
1546 0.0014119278573545627 0.0
1547 0.001404553517569674 0.0
1548 0.0013971791777847853 0.0
1549 0.001389804837999897 0.0
1550 0.0013824304982150083 0.0
1551 0.0013750561584301192 0.0
1552 0.0013676818186452305 0.0
1553 0.0013603074788603423 0.0
1554 0.001352933139075454 0.0
1555 0.001345558799290565 0.0
1556 0.0013381844595056758 0.0
1557 0.001330810119720787 0.0
1558 0.0013234357799358988 0.0
1559 0.0013160614401510106 0.0
1560 0.0013086871003661214 0.0
1561 0.0013013127605812328 0.0
1562 0.001293938420796344 0.0
1563 0.0012865640810114558 0.0
1564 0.0012791897412265671 0.0
1565 0.001271815401441678 0.0
1566 0.0012644410616567893 0.0
1567 0.001257066721871901 0.0
1568 0.0012496923820870128 0.0
1569 0.0012423180423021237 0.0
1570 0.0012349437025172346 0.0
1571 0.0012275693627323459 0.0
1572 0.0012201950229474576 0.0
1573 0.0012128206831625694 0.0
1574 0.0012054463433776802 0.0
1575 0.0011980720035927915 0.0
1576 0.0011906976638079029 0.0
1577 0.0011833233240230146 0.0
1578 0.001175948984238126 0.0
1579 0.0011685746444532368 0.0
1580 0.001161200304668348 0.0
1581 0.0011538259648834598 0.0
1582 0.0011464516250985716 0.0
1583 0.0011390772853136825 0.0
1584 0.0011317029455287933 0.0
1585 0.0011243286057439046 0.0
1586 0.0011169542659590164 0.0
1587 0.0011095799261741281 0.0
1588 0.001102205586389239 0.0
1589 0.0010948312466043503 0.0
1590 0.0010874569068194616 0.0
1591 0.001080082567034573 0.0
1592 0.0010727082272496847 0.0
1593 0.0010653338874647956 0.0
1594 0.0010579595476799069 0.0
1595 0.0010505852078950186 0.0
1596 0.0010432108681101304 0.0
1597 0.0010358365283252412 0.0
1598 0.0010284621885403521 0.0
1599 0.0010210878487554634 0.0
1600 0.0010137135089705752 0.0
1601 0.001006339169185687 0.0
1602 0.0009989648294007978 0.0
1603 0.0009915904896159087 0.0
1604 0.0009842161498310204 0.0
1605 0.0009768418100461317 0.0
1606 0.0009694674702612435 0.0
1607 0.0009620931304763543 0.0
1608 0.0009547187906914661 0.0
1609 0.0009473444509065774 0.0
1610 0.0009399701111216883 0.0
1611 0.0009325957713368 0.0
1612 0.0009252214315519109 0.0
1613 0.0009178470917670226 0.0
1614 0.000910472751982134 0.0
1615 0.0009030984121972457 0.0
1616 0.0008957240724123566 0.0
1617 0.0008883497326274675 0.0
1618 0.0008809753928425792 0.0
1619 0.0008736010530576905 0.0
1620 0.0008662267132728023 0.0
1621 0.0008588523734879131 0.0
1622 0.0008514780337030249 0.0
1623 0.0008441036939181362 0.0
1624 0.0008367293541332471 0.0
1625 0.0008293550143483588 0.0
1626 0.0008219806745634697 0.0
1627 0.0008146063347785814 0.0
1628 0.0008072319949936927 0.0
1629 0.0007998576552088036 0.0
1630 0.0007924833154239154 0.0
1631 0.0007851089756390262 0.0
1632 0.000777734635854138 0.0
1633 0.0007703602960692493 0.0
1634 0.000762985956284361 0.0
1635 0.0007556116164994719 0.0
1636 0.0007482372767145832 0.0
1637 0.000740862936929695 0.0
1638 0.0007334885971448058 0.0
1639 0.0007261142573599176 0.0
1640 0.0007187399175750285 0.0
1641 0.0007113655777901402 0.0
1642 0.0007039912380052515 0.0
1643 0.0006966168982203624 0.0
1644 0.0006892425584354741 0.0
1645 0.000681868218650585 0.0
1646 0.0006744938788656968 0.0
1647 0.0006671195390808081 0.0
1648 0.0006597451992959198 0.0
1649 0.0006523708595110307 0.0
1650 0.000644996519726142 0.0
1651 0.0006376221799412538 0.0
1652 0.0006302478401563646 0.0
1653 0.0006228735003714764 0.0
1654 0.0006154991605865873 0.0
1655 0.000608124820801699 0.0
1656 0.0006007504810168103 0.0
1657 0.0005933761412319212 0.0
1658 0.0005860018014470329 0.0
1659 0.0005786274616621438 0.0
1660 0.0005712531218772555 0.0
1661 0.0005638787820923669 0.0
1662 0.0005565044423074786 0.0
1663 0.0005491301025225895 0.0
1664 0.0005417557627377008 0.0
1665 0.0005343814229528125 0.0
1666 0.0005270070831679234 0.0
1667 0.0005196327433830352 0.0
1668 0.000512258403598146 0.0
1669 0.0005048840638132578 0.0
1670 0.0004975097240283691 0.0
1671 0.00049013538424348 0.0
1672 0.0004827610444585917 0.0
1673 0.0004753867046737026 0.0
1674 0.00046801236488881433 0.0
1675 0.00046063802510392564 0.0
1676 0.0004532636853190374 0.0
1677 0.00044588934553414826 0.0
1678 0.0004385150057492596 0.0
1679 0.0004311406659643713 0.0
1680 0.0004237663261794822 0.0
1681 0.00041639198639459394 0.0
1682 0.0004090176466097048 0.0
1683 0.00040164330682481656 0.0
1684 0.00039426896703992787 0.0
1685 0.00038689462725503875 0.0
1686 0.0003795202874701505 0.0
1687 0.00037214594768526137 0.0
1688 0.0003647716079003731 0.0
1689 0.0003573972681154844 0.0
1690 0.00035002292833059617 0.0
1691 0.00034264858854570705 0.0
1692 0.00033527424876081836 0.0
1693 0.0003278999089759301 0.0
1694 0.000320525569191041 0.0
1695 0.0003131512294061527 0.0
1696 0.0003057768896212636 0.0
1697 0.00029840254983637534 0.0
1698 0.00029102821005148665 0.0
1699 0.00028365387026659753 0.0
1700 0.0002762795304817093 0.0
1701 0.00026890519069682015 0.0
1702 0.0002615308509119319 0.0
1703 0.0002541565111270432 0.0
1704 0.00024678217134215495 0.0
1705 0.00023940783155726583 0.0
1706 0.00023203349177237714 0.0
1707 0.00022465915198748888 0.0
1708 0.00021728481220259976 0.0
1709 0.0002099104724177115 0.0
1710 0.00020253613263282238 0.0
1711 0.00019516179284793413 0.0
1712 0.00018778745306304544 0.0
1713 0.00018041311327815631 0.0
1714 0.00017303877349326806 0.0
1715 0.00016566443370837894 0.0
1716 0.00015829009392349068 0.0
1717 0.000150915754138602 0.0
1718 0.00014354141435371373 0.0
1719 0.0001361670745688246 0.0
1720 0.00012879273478393592 0.0
1721 0.00012141839499904767 0.0
1722 0.00011404405521415854 0.0
1723 0.00010666971542927029 0.0
1724 9.929537564438116e-05 0.0
1725 9.192103585949291e-05 0.0
1726 8.454669607460422e-05 0.0
1727 7.71723562897151e-05 0.0
1728 6.979801650482684e-05 0.0
1729 6.242367671993772e-05 0.0
1730 5.504933693504946e-05 0.0
1731 4.767499715016077e-05 0.0
1732 4.030065736527252e-05 0.0
1733 3.2926317580383394e-05 0.0
1734 2.5551977795494705e-05 0.0
1735 1.8177638010606232e-05 0.0
1736 1.0803298225717326e-05 0.0
1737 3.4289584408290705e-06 0.0
1738 -3.945381344059836e-06 0.0
1739 -1.1319721128948308e-05 0.0
1740 -1.8694060913837214e-05 0.0
1741 -2.606840069872612e-05 0.0
1742 -3.3442740483614376e-05 0.0
1743 -4.081708026850328e-05 0.0
1744 -4.819142005339154e-05 0.0
1745 -5.5565759838280444e-05 0.0
1746 -6.294009962316892e-05 0.0
1747 -7.031443940805782e-05 0.0
1748 -7.768877919294673e-05 0.0
1749 -8.506311897783498e-05 0.0
1750 -9.243745876272389e-05 0.0
1751 -9.981179854761215e-05 0.0
1752 -0.00010718613833250105 0.0
1753 -0.00011456047811738953 0.0
1754 -0.00012193481790227843 0.0
1755 -0.00012930915768716734 0.0
1756 -0.0001366834974720556 0.0
1757 -0.0001440578372569445 0.0
1758 -0.00015143217704183276 0.0
1759 -0.00015880651682672166 0.0
1760 -0.00016618085661161013 0.0
1761 -0.00017355519639649904 0.0
1762 -0.00018092953618138795 0.0
1763 -0.0001883038759662762 0.0
1764 -0.0001956782157511651 0.0
1765 -0.00020305255553605336 0.0
1766 -0.00021042689532094227 0.0
1767 -0.00021780123510583074 0.0
1768 -0.00022517557489071965 0.0
1769 -0.00023254991467560856 0.0
1770 -0.0002399242544604968 0.0
1771 -0.0002472985942453857 0.0
1772 -0.00025467293403027397 0.0
1773 -0.0002620472738151629 0.0
1774 -0.00026942161360005135 0.0
1775 -0.00027679595338494026 0.0
1776 -0.00028417029316982916 0.0
1777 -0.0002915446329547174 0.0
1778 -0.0002989189727396063 0.0
1779 -0.0003062933125244946 0.0
1780 -0.0003136676523093835 0.0
1781 -0.00032104199209427196 0.0
1782 -0.00032841633187916087 0.0
1783 -0.00033579067166404977 0.0
1784 -0.00034316501144893803 0.0
1785 -0.00035053935123382693 0.0
1786 -0.0003579136910187152 0.0
1787 -0.0003652880308036041 0.0
1788 -0.00037266237058849257 0.0
1789 -0.0003800367103733815 0.0
1790 -0.0003874110501582704 0.0
1791 -0.00039478538994315864 0.0
1792 -0.00040215972972804754 0.0
1793 -0.0004095340695129358 0.0
1794 -0.0004169084092978247 0.0
1795 -0.0004242827490827132 0.0
1796 -0.0004316570888676021 0.0
1797 -0.000439031428652491 0.0
1798 -0.00044640576843737925 0.0
1799 -0.00045378010822226815 0.0
1800 -0.0004611544480071564 0.0
1801 -0.00046852878779204553 0.0
1802 -0.00047590312757693444 0.0
1803 -0.0004832774673618227 0.0
1804 -0.0004906518071467116 0.0
1805 -0.0004980261469315999 0.0
1806 -0.0005054004867164888 0.0
1807 -0.000512774826501377 0.0
1808 -0.0005201491662862661 0.0
1809 -0.000527523506071155 0.0
1810 -0.0005348978458560433 0.0
1811 -0.0005422721856409322 0.0
1812 -0.0005496465254258205 0.0
1813 -0.0005570208652107094 0.0
1814 -0.0005643952049955976 0.0
1815 -0.0005717695447804867 0.0
1816 -0.0005791438845653757 0.0
1817 -0.0005865182243502639 0.0
1818 -0.0005938925641351528 0.0
1819 -0.0006012669039200411 0.0
1820 -0.00060864124370493 0.0
1821 -0.0006160155834898182 0.0
1822 -0.0006233899232747074 0.0
1823 -0.0006307642630595963 0.0
1824 -0.0006381386028444845 0.0
1825 -0.0006455129426293734 0.0
1826 -0.0006528872824142617 0.0
1827 -0.0006602616221991506 0.0
1828 -0.0006676359619840388 0.0
1829 -0.000675010301768928 0.0
1830 -0.0006823846415538169 0.0
1831 -0.0006897589813387051 0.0
1832 -0.000697133321123594 0.0
1833 -0.0007045076609084823 0.0
1834 -0.0007118820006933712 0.0
1835 -0.0007192563404782595 0.0
1836 -0.0007266306802631486 0.0
1837 -0.0007340050200480375 0.0
1838 -0.0007413793598329257 0.0
1839 -0.0007487536996178146 0.0
1840 -0.0007561280394027029 0.0
1841 -0.0007635023791875918 0.0
1842 -0.0007708767189724801 0.0
1843 -0.0007782510587573692 0.0
1844 -0.0007856253985422581 0.0
1845 -0.0007929997383271463 0.0
1846 -0.0008003740781120353 0.0
1847 -0.0008077484178969235 0.0
1848 -0.0008151227576818124 0.0
1849 -0.0008224970974667007 0.0
1850 -0.0008298714372515898 0.0
1851 -0.0008372457770364787 0.0
1852 -0.000844620116821367 0.0
1853 -0.0008519944566062559 0.0
1854 -0.0008593687963911441 0.0
1855 -0.000866743136176033 0.0
1856 -0.0008741174759609213 0.0
1857 -0.0008814918157458104 0.0
1858 -0.0008888661555306993 0.0
1859 -0.0008962404953155876 0.0
1860 -0.0009036148351004765 0.0
1861 -0.0009109891748853647 0.0
1862 -0.0009183635146702536 0.0
1863 -0.0009257378544551419 0.0
1864 -0.000933112194240031 0.0
1865 -0.0009404865340249199 0.0
1866 -0.0009478608738098082 0.0
1867 -0.0009552352135946971 0.0
1868 -0.0009626095533795853 0.0
1869 -0.0009699838931644743 0.0
1870 -0.0009773582329493627 0.0
1871 -0.0009847325727342514 0.0
1872 -0.0009921069125191405 0.0
1873 -0.0009994812523040288 0.0
1874 -0.0010068555920889177 0.0
1875 -0.001014229931873806 0.0
1876 -0.0010216042716586948 0.0
1877 -0.001028978611443583 0.0
1878 -0.0010363529512284722 0.0
1879 -0.001043727291013361 0.0
1880 -0.0010511016307982494 0.0
1881 -0.0010584759705831383 0.0
1882 -0.0010658503103680265 0.0
1883 -0.0010732246501529157 0.0
1884 -0.001080598989937804 0.0
1885 -0.0010879733297226926 0.0
1886 -0.0010953476695075817 0.0
1887 -0.00110272200929247 0.0
1888 -0.001110096349077359 0.0
1889 -0.0011174706888622472 0.0
1890 -0.001124845028647136 0.0
1891 -0.0011322193684320243 0.0
1892 -0.0011395937082169134 0.0
1893 -0.0011469680480018023 0.0
1894 -0.0011543423877866906 0.0
1895 -0.0011617167275715795 0.0
1896 -0.0011690910673564678 0.0
1897 -0.0011764654071413569 0.0
1898 -0.0011838397469262451 0.0
1899 -0.0011912140867111338 0.0
1900 -0.001198588426496023 0.0
1901 -0.0012059627662809112 0.0
1902 -0.0012133371060658001 0.0
1903 -0.0012207114458506884 0.0
1904 -0.0012280857856355773 0.0
1905 -0.0012354601254204655 0.0
1906 -0.0012428344652053547 0.0
1907 -0.0012502088049902436 0.0
1908 -0.0012575831447751318 0.0
1909 -0.0012649574845600207 0.0
1910 -0.001272331824344909 0.0
1911 -0.001279706164129798 0.0
1912 -0.0012870805039146864 0.0
1913 -0.001294454843699575 0.0
1914 -0.0013018291834844642 0.0
1915 -0.0013092035232693524 0.0
1916 -0.0013165778630542413 0.0
1917 -0.0013239522028391296 0.0
1918 -0.0013313265426240185 0.0
1919 -0.0013387008824089068 0.0
1920 -0.0013460752221937959 0.0
1921 -0.0013534495619786848 0.0
1922 -0.001360823901763573 0.0
1923 -0.001368198241548462 0.0
1924 -0.0013755725813333502 0.0
1925 -0.0013829469211182393 0.0
1926 -0.0013903212609031276 0.0
1927 -0.0013976956006880163 0.0
1928 -0.0014050699404729054 0.0
1929 -0.0014124442802577936 0.0
1930 -0.0014198186200426826 0.0
1931 -0.0014271929598275708 0.0
1932 -0.0014345672996124597 0.0
1933 -0.001441941639397348 0.0
1934 -0.001449315979182237 0.0
1935 -0.001456690318967126 0.0
1936 -0.0014640646587520143 0.0
1937 -0.0014714389985369032 0.0
1938 -0.0014788133383217914 0.0
1939 -0.0014861876781066803 0.0
1940 -0.0014935620178915688 0.0
1941 -0.0015009363576764577 0.0
1942 -0.0015083106974613466 0.0
1943 -0.0015156850372462349 0.0
1944 -0.0015230593770311238 0.0
1945 -0.001530433716816012 0.0
1946 -0.001537808056600901 0.0
1947 -0.0015451823963857892 0.0
1948 -0.0015525567361706783 0.0
1949 -0.0015599310759555672 0.0
1950 -0.0015673054157404555 0.0
1951 -0.0015746797555253444 0.0
1952 -0.0015820540953102326 0.0
1953 -0.0015894284350951218 0.0
1954 -0.00159680277488001 0.0
1955 -0.001604177114664899 0.0
1956 -0.0016115514544497878 0.0
1957 -0.001618925794234676 0.0
1958 -0.001626300134019565 0.0
1959 -0.0016336744738044532 0.0
1960 -0.0016410488135893422 0.0
1961 -0.0016484231533742304 0.0
1962 -0.0016557974931591195 0.0
1963 -0.0016631718329440084 0.0
1964 -0.0016705461727288967 0.0
1965 -0.0016779205125137856 0.0
1966 -0.0016852948522986739 0.0
1967 -0.0016926691920835628 0.0
1968 -0.0017000435318684517 0.0
1969 -0.0017074178716533401 0.0
1970 -0.001714792211438229 0.0
1971 -0.0017221665512231173 0.0
1972 -0.0017295408910080062 0.0
1973 -0.0017369152307928945 0.0
1974 -0.0017442895705777834 0.0
1975 -0.0017516639103626725 0.0
1976 -0.0017590382501475607 0.0
1977 -0.0017664125899324497 0.0
1978 -0.001773786929717338 0.0
1979 -0.0017811612695022268 0.0
1980 -0.001788535609287115 0.0
1981 -0.001795909949072004 0.0
1982 -0.001803284288856893 0.0
1983 -0.0018106586286417814 0.0
1984 -0.0018180329684266703 0.0
1985 -0.0018254073082115585 0.0
1986 -0.0018327816479964474 0.0
1987 -0.0018401559877813357 0.0
1988 -0.0018475303275662246 0.0
1989 -0.0018549046673511137 0.0
1990 -0.001862279007136002 0.0
1991 -0.0018696533469208909 0.0
1992 -0.0018770276867057791 0.0
1993 -0.001884402026490668 0.0
1994 -0.0018917763662755563 0.0
1995 -0.0018991507060604452 0.0
1996 -0.0019065250458453343 0.0
1997 -0.0019138993856302226 0.0
1998 -0.0019212737254151115 0.0
1999 -0.0019286480651999997 0.0
2000 -0.0019286480651999997 0.0
2001 -0.0019286480651999997 0.0
2002 -0.0019286480651999997 0.0
2003 -0.0019286480651999997 0.0
2004 -0.0019286480651999997 0.0
2005 -0.0019286480651999997 0.0
2006 -0.0019286480651999997 0.0
2007 -0.0019286480651999997 0.0
2008 -0.0019286480651999997 0.0
2009 -0.0019286480651999997 0.0
2010 -0.0019286480651999997 0.0
2011 -0.0019286480651999997 0.0
2012 -0.0019286480651999997 0.0
2013 -0.0019286480651999997 0.0
2014 -0.0019286480651999997 0.0
2015 -0.0019286480651999997 0.0
2016 -0.0019286480651999997 0.0
2017 -0.0019286480651999997 0.0
2018 -0.0019286480651999997 0.0
2019 -0.0019286480651999997 0.0
2020 -0.0019286480651999997 0.0
2021 -0.0019286480651999997 0.0
2022 -0.0019286480651999997 0.0
2023 -0.0019286480651999997 0.0
2024 -0.0019286480651999997 0.0
2025 -0.0019286480651999997 0.0
2026 -0.0019286480651999997 0.0
2027 -0.0019286480651999997 0.0
2028 -0.0019286480651999997 0.0
2029 -0.0019286480651999997 0.0
2030 -0.0019286480651999997 0.0
2031 -0.0019286480651999997 0.0
2032 -0.0019286480651999997 0.0
2033 -0.0019286480651999997 0.0
2034 -0.0019286480651999997 0.0
2035 -0.0019286480651999997 0.0
2036 -0.0019286480651999997 0.0
2037 -0.0019286480651999997 0.0
2038 -0.0019286480651999997 0.0
2039 -0.0019286480651999997 0.0
2040 -0.0019286480651999997 0.0
2041 -0.0019286480651999997 0.0
2042 -0.0019286480651999997 0.0
2043 -0.0019286480651999997 0.0
2044 -0.0019286480651999997 0.0
2045 -0.0019286480651999997 0.0
2046 -0.0019286480651999997 0.0
2047 -0.0019286480651999997 0.0
2048 -0.0019286480651999997 0.0
2049 -0.0019286480651999997 0.0
2050 -0.0019286480651999997 0.0
2051 -0.0019286480651999997 0.0
2052 -0.0019286480651999997 0.0
2053 -0.0019286480651999997 0.0
2054 -0.0019286480651999997 0.0
2055 -0.0019286480651999997 0.0
2056 -0.0019286480651999997 0.0
2057 -0.0019286480651999997 0.0
2058 -0.0019286480651999997 0.0
2059 -0.0019286480651999997 0.0
2060 -0.0019286480651999997 0.0
2061 -0.0019286480651999997 0.0
2062 -0.0019286480651999997 0.0
2063 -0.0019286480651999997 0.0
2064 -0.0019286480651999997 0.0
2065 -0.0019286480651999997 0.0
2066 -0.0019286480651999997 0.0
2067 -0.0019286480651999997 0.0
2068 -0.0019286480651999997 0.0
2069 -0.0019286480651999997 0.0
2070 -0.0019286480651999997 0.0
2071 -0.0019286480651999997 0.0
2072 -0.0019286480651999997 0.0
2073 -0.0019286480651999997 0.0
2074 -0.0019286480651999997 0.0
2075 -0.0019286480651999997 0.0
2076 -0.0019286480651999997 0.0
2077 -0.0019286480651999997 0.0
2078 -0.0019286480651999997 0.0
2079 -0.0019286480651999997 0.0
2080 -0.0019286480651999997 0.0
2081 -0.0019286480651999997 0.0
2082 -0.0019286480651999997 0.0
2083 -0.0019286480651999997 0.0
2084 -0.0019286480651999997 0.0
2085 -0.0019286480651999997 0.0
2086 -0.0019286480651999997 0.0
2087 -0.0019286480651999997 0.0
2088 -0.0019286480651999997 0.0
2089 -0.0019286480651999997 0.0
2090 -0.0019286480651999997 0.0
2091 -0.0019286480651999997 0.0
2092 -0.0019286480651999997 0.0
2093 -0.0019286480651999997 0.0
2094 -0.0019286480651999997 0.0
2095 -0.0019286480651999997 0.0
2096 -0.0019286480651999997 0.0
2097 -0.0019286480651999997 0.0
2098 -0.0019286480651999997 0.0
2099 -0.0019286480651999997 0.0
2100 -0.0019286480651999997 0.0
2101 -0.0019286480651999997 0.0
2102 -0.0019286480651999997 0.0
2103 -0.0019286480651999997 0.0
2104 -0.0019286480651999997 0.0
2105 -0.0019286480651999997 0.0
2106 -0.0019286480651999997 0.0
2107 -0.0019286480651999997 0.0
2108 -0.0019286480651999997 0.0
2109 -0.0019286480651999997 0.0
2110 -0.0019286480651999997 0.0
2111 -0.0019286480651999997 0.0
2112 -0.0019286480651999997 0.0
2113 -0.0019286480651999997 0.0
2114 -0.0019286480651999997 0.0
2115 -0.0019286480651999997 0.0
2116 -0.0019286480651999997 0.0
2117 -0.0019286480651999997 0.0
2118 -0.0019286480651999997 0.0
2119 -0.0019286480651999997 0.0
2120 -0.0019286480651999997 0.0
2121 -0.0019286480651999997 0.0
2122 -0.0019286480651999997 0.0
2123 -0.0019286480651999997 0.0
2124 -0.0019286480651999997 0.0
2125 -0.0019286480651999997 0.0
2126 -0.0019286480651999997 0.0
2127 -0.0019286480651999997 0.0
2128 -0.0019286480651999997 0.0
2129 -0.0019286480651999997 0.0
2130 -0.0019286480651999997 0.0
2131 -0.0019286480651999997 0.0
2132 -0.0019286480651999997 0.0
2133 -0.0019286480651999997 0.0
2134 -0.0019286480651999997 0.0
2135 -0.0019286480651999997 0.0
2136 -0.0019286480651999997 0.0
2137 -0.0019286480651999997 0.0
2138 -0.0019286480651999997 0.0
2139 -0.0019286480651999997 0.0
2140 -0.0019286480651999997 0.0
2141 -0.0019286480651999997 0.0
2142 -0.0019286480651999997 0.0
2143 -0.0019286480651999997 0.0
2144 -0.0019286480651999997 0.0
2145 -0.0019286480651999997 0.0
2146 -0.0019286480651999997 0.0
2147 -0.0019286480651999997 0.0
2148 -0.0019286480651999997 0.0
2149 -0.0019286480651999997 0.0
2150 -0.0019286480651999997 0.0
2151 -0.0019286480651999997 0.0
2152 -0.0019286480651999997 0.0
2153 -0.0019286480651999997 0.0
2154 -0.0019286480651999997 0.0
2155 -0.0019286480651999997 0.0
2156 -0.0019286480651999997 0.0
2157 -0.0019286480651999997 0.0
2158 -0.0019286480651999997 0.0
2159 -0.0019286480651999997 0.0
2160 -0.0019286480651999997 0.0
2161 -0.0019286480651999997 0.0
2162 -0.0019286480651999997 0.0
2163 -0.0019286480651999997 0.0
2164 -0.0019286480651999997 0.0
2165 -0.0019286480651999997 0.0
2166 -0.0019286480651999997 0.0
2167 -0.0019286480651999997 0.0
2168 -0.0019286480651999997 0.0
2169 -0.0019286480651999997 0.0
2170 -0.0019286480651999997 0.0
2171 -0.0019286480651999997 0.0
2172 -0.0019286480651999997 0.0
2173 -0.0019286480651999997 0.0
2174 -0.0019286480651999997 0.0
2175 -0.0019286480651999997 0.0
2176 -0.0019286480651999997 0.0
2177 -0.0019286480651999997 0.0
2178 -0.0019286480651999997 0.0
2179 -0.0019286480651999997 0.0
2180 -0.0019286480651999997 0.0
2181 -0.0019286480651999997 0.0
2182 -0.0019286480651999997 0.0
2183 -0.0019286480651999997 0.0
2184 -0.0019286480651999997 0.0
2185 -0.0019286480651999997 0.0
2186 -0.0019286480651999997 0.0
2187 -0.0019286480651999997 0.0
2188 -0.0019286480651999997 0.0
2189 -0.0019286480651999997 0.0
2190 -0.0019286480651999997 0.0
2191 -0.0019286480651999997 0.0
2192 -0.0019286480651999997 0.0
2193 -0.0019286480651999997 0.0
2194 -0.0019286480651999997 0.0
2195 -0.0019286480651999997 0.0
2196 -0.0019286480651999997 0.0
2197 -0.0019286480651999997 0.0
2198 -0.0019286480651999997 0.0
2199 -0.0019286480651999997 0.0