2200 0.000002100546602 1.0
2
0 -0.0019286480651999997 0.0
1 -0.0019286480651999997 0.0
2 -0.0019286480651999997 0.0
3 -0.0019286480651999997 0.0
4 -0.0019286480651999997 0.0
5 -0.0019286480651999997 0.0
6 -0.0019286480651999997 0.0
7 -0.0019286480651999997 0.0
8 -0.0019286480651999997 0.0
9 -0.0019286480651999997 0.0
10 -0.0019286480651999997 0.0
11 -0.0019286480651999997 0.0
12 -0.0019286480651999997 0.0
13 -0.0019286480651999997 0.0
14 -0.0019286480651999997 0.0
15 -0.0019286480651999997 0.0
16 -0.0019286480651999997 0.0
17 -0.0019286480651999997 0.0
18 -0.0019286480651999997 0.0
19 -0.0019286480651999997 0.0
20 -0.0019286480651999997 0.0
21 -0.0019286480651999997 0.0
22 -0.0019286480651999997 0.0
23 -0.0019286480651999997 0.0
24 -0.0019286480651999997 0.0
25 -0.0019286480651999997 0.0
26 -0.0019286480651999997 0.0
27 -0.0019286480651999997 0.0
28 -0.0019286480651999997 0.0
29 -0.0019286480651999997 0.0
30 -0.0019286480651999997 0.0
31 -0.0019286480651999997 0.0
32 -0.0019286480651999997 0.0
33 -0.0019286480651999997 0.0
34 -0.0019286480651999997 0.0
35 -0.0019286480651999997 0.0
36 -0.0019286480651999997 0.0
37 -0.0019286480651999997 0.0
38 -0.0019286480651999997 0.0
39 -0.0019286480651999997 0.0
40 -0.0019286480651999997 0.0
41 -0.0019286480651999997 0.0
42 -0.0019286480651999997 0.0
43 -0.0019286480651999997 0.0
44 -0.0019286480651999997 0.0
45 -0.0019286480651999997 0.0
46 -0.0019286480651999997 0.0
47 -0.0019286480651999997 0.0
48 -0.0019286480651999997 0.0
49 -0.0019286480651999997 0.0
50 -0.0019286480651999997 0.0
51 -0.0019286480651999997 0.0
52 -0.0019286480651999997 0.0
53 -0.0019286480651999997 0.0
54 -0.0019286480651999997 0.0
55 -0.0019286480651999997 0.0
56 -0.0019286480651999997 0.0
57 -0.0019286480651999997 0.0
58 -0.0019286480651999997 0.0
59 -0.0019286480651999997 0.0
60 -0.0019286480651999997 0.0
61 -0.0019286480651999997 0.0
62 -0.0019286480651999997 0.0
63 -0.0019286480651999997 0.0
64 -0.0019286480651999997 0.0
65 -0.0019286480651999997 0.0
66 -0.0019286480651999997 0.0
67 -0.0019286480651999997 0.0
68 -0.0019286480651999997 0.0
69 -0.0019286480651999997 0.0
70 -0.0019286480651999997 0.0
71 -0.0019286480651999997 0.0
72 -0.0019286480651999997 0.0
73 -0.0019286480651999997 0.0
74 -0.0019286480651999997 0.0
75 -0.0019286480651999997 0.0
76 -0.0019286480651999997 0.0
77 -0.0019286480651999997 0.0
78 -0.0019286480651999997 0.0
79 -0.0019286480651999997 0.0
80 -0.0019286480651999997 0.0
81 -0.0019286480651999997 0.0
82 -0.0019286480651999997 0.0
83 -0.0019286480651999997 0.0
84 -0.0019286480651999997 0.0
85 -0.0019286480651999997 0.0
86 -0.0019286480651999997 0.0
87 -0.0019286480651999997 0.0
88 -0.0019286480651999997 0.0
89 -0.0019286480651999997 0.0
90 -0.0019286480651999997 0.0
91 -0.0019286480651999997 0.0
92 -0.0019286480651999997 0.0
93 -0.0019286480651999997 0.0
94 -0.0019286480651999997 0.0
95 -0.0019286480651999997 0.0
96 -0.0019286480651999997 0.0
97 -0.0019286480651999997 0.0
98 -0.0019286480651999997 0.0
99 -0.0019286480651999997 0.0
100 -0.0019286480651999997 0.0
101 -0.0019286480651999997 0.0
102 -0.0019286480651999997 0.0
103 -0.0019286480651999997 0.0
104 -0.0019286480651999997 0.0
105 -0.0019286480651999997 0.0
106 -0.0019286480651999997 0.0
107 -0.0019286480651999997 0.0
108 -0.0019286480651999997 0.0
109 -0.0019286480651999997 0.0
110 -0.0019286480651999997 0.0
111 -0.0019286480651999997 0.0
112 -0.0019286480651999997 0.0
113 -0.0019286480651999997 0.0
114 -0.0019286480651999997 0.0
115 -0.0019286480651999997 0.0
116 -0.0019286480651999997 0.0
117 -0.0019286480651999997 0.0
118 -0.0019286480651999997 0.0
119 -0.0019286480651999997 0.0
120 -0.0019286480651999997 0.0
121 -0.0019286480651999997 0.0
122 -0.0019286480651999997 0.0
123 -0.0019286480651999997 0.0
124 -0.0019286480651999997 0.0
125 -0.0019286480651999997 0.0
126 -0.0019286480651999997 0.0
127 -0.0019286480651999997 0.0
128 -0.0019286480651999997 0.0
129 -0.0019286480651999997 0.0
130 -0.0019286480651999997 0.0
131 -0.0019286480651999997 0.0
132 -0.0019286480651999997 0.0
133 -0.0019286480651999997 0.0
134 -0.0019286480651999997 0.0
135 -0.0019286480651999997 0.0
136 -0.0019286480651999997 0.0
137 -0.0019286480651999997 0.0
138 -0.0019286480651999997 0.0
139 -0.0019286480651999997 0.0
140 -0.0019286480651999997 0.0
141 -0.0019286480651999997 0.0
142 -0.0019286480651999997 0.0
143 -0.0019286480651999997 0.0
144 -0.0019286480651999997 0.0
145 -0.0019286480651999997 0.0
146 -0.0019286480651999997 0.0
147 -0.0019286480651999997 0.0
148 -0.0019286480651999997 0.0
149 -0.0019286480651999997 0.0
150 -0.0019286480651999997 0.0
151 -0.0019286480651999997 0.0
152 -0.0019286480651999997 0.0
153 -0.0019286480651999997 0.0
154 -0.0019286480651999997 0.0
155 -0.0019286480651999997 0.0
156 -0.0019286480651999997 0.0
157 -0.0019286480651999997 0.0
158 -0.0019286480651999997 0.0
159 -0.0019286480651999997 0.0
160 -0.0019286480651999997 0.0
161 -0.0019286480651999997 0.0
162 -0.0019286480651999997 0.0
163 -0.0019286480651999997 0.0
164 -0.0019286480651999997 0.0
165 -0.0019286480651999997 0.0
166 -0.0019286480651999997 0.0
167 -0.0019286480651999997 0.0
168 -0.0019286480651999997 0.0
169 -0.0019286480651999997 0.0
170 -0.0019286480651999997 0.0
171 -0.0019286480651999997 0.0
172 -0.0019286480651999997 0.0
173 -0.0019286480651999997 0.0
174 -0.0019286480651999997 0.0
175 -0.0019286480651999997 0.0
176 -0.0019286480651999997 0.0
177 -0.0019286480651999997 0.0
178 -0.0019286480651999997 0.0
179 -0.0019286480651999997 0.0
180 -0.0019286480651999997 0.0
181 -0.0019286480651999997 0.0
182 -0.0019286480651999997 0.0
183 -0.0019286480651999997 0.0
184 -0.0019286480651999997 0.0
185 -0.0019286480651999997 0.0
186 -0.0019286480651999997 0.0
187 -0.0019286480651999997 0.0
188 -0.0019286480651999997 0.0
189 -0.0019286480651999997 0.0
190 -0.0019286480651999997 0.0
191 -0.0019286480651999997 0.0
192 -0.0019286480651999997 0.0
193 -0.0019286480651999997 0.0
194 -0.0019286480651999997 0.0
195 -0.0019286480651999997 0.0
196 -0.0019286480651999997 0.0
197 -0.0019286480651999997 0.0
198 -0.0019286480651999997 0.0
199 -0.0019286480651999997 0.0
200 -0.0019286480651999997 0.0
201 -0.001934254402412064 0.0
202 -0.0019398607396241283 0.0
203 -0.0019454670768361928 0.0
204 -0.001951073414048257 0.0
205 -0.001956679751260321 0.0
206 -0.001962286088472386 0.0
207 -0.00196789242568445 0.0
208 -0.0019734987628965144 0.0
209 -0.0019791051001085786 0.0
210 -0.001984711437320643 0.0
211 -0.001990317774532707 0.0
212 -0.0019959241117447715 0.0
213 -0.0020015304489568357 0.0
214 -0.0020071367861689 0.0
215 -0.0020127431233809643 0.0
216 -0.0020183494605930286 0.0
217 -0.002023955797805093 0.0
218 -0.0020295621350171576 0.0
219 -0.002035168472229222 0.0
220 -0.002040774809441286 0.0
221 -0.0020463811466533504 0.0
222 -0.0020519874838654147 0.0
223 -0.002057593821077479 0.0
224 -0.002063200158289543 0.0
225 -0.0020688064955016075 0.0
226 -0.0020744128327136718 0.0
227 -0.002080019169925736 0.0
228 -0.0020856255071378003 0.0
229 -0.002091231844349865 0.0
230 -0.0020968381815619293 0.0
231 -0.0021024445187739936 0.0
232 -0.002108050855986058 0.0
233 -0.002113657193198122 0.0
234 -0.0021192635304101864 0.0
235 -0.0021248698676222507 0.0
236 -0.002130476204834315 0.0
237 -0.0021360825420463792 0.0
238 -0.0021416888792584435 0.0
239 -0.0021472952164705078 0.0
240 -0.0021529015536825725 0.0
241 -0.0021585078908946368 0.0
242 -0.002164114228106701 0.0
243 -0.0021697205653187653 0.0
244 -0.0021753269025308296 0.0
245 -0.002180933239742894 0.0
246 -0.002186539576954958 0.0
247 -0.0021921459141670224 0.0
248 -0.0021977522513790867 0.0
249 -0.002203358588591151 0.0
250 -0.0022089649258032152 0.0
251 -0.00221457126301528 0.0
252 -0.0022201776002273442 0.0
253 -0.0022257839374394085 0.0
254 -0.0022313902746514728 0.0
255 -0.002236996611863537 0.0
256 -0.0022426029490756013 0.0
257 -0.0022482092862876656 0.0
258 -0.00225381562349973 0.0
259 -0.002259421960711794 0.0
260 -0.0022650282979238584 0.0
261 -0.0022706346351359227 0.0
262 -0.0022762409723479874 0.0
263 -0.0022818473095600512 0.0
264 -0.002287453646772116 0.0
265 -0.0022930599839841802 0.0
266 -0.0022986663211962445 0.0
267 -0.0023042726584083088 0.0
268 -0.002309878995620373 0.0
269 -0.0023154853328324373 0.0
270 -0.0023210916700445016 0.0
271 -0.002326698007256566 0.0
272 -0.00233230434446863 0.0
273 -0.002337910681680695 0.0
274 -0.002343517018892759 0.0
275 -0.0023491233561048234 0.0
276 -0.0023547296933168877 0.0
277 -0.002360336030528952 0.0
278 -0.0023659423677410162 0.0
279 -0.0023715487049530805 0.0
280 -0.002377155042165145 0.0
281 -0.002382761379377209 0.0
282 -0.0023883677165892733 0.0
283 -0.0023939740538013376 0.0
284 -0.0023995803910134023 0.0
285 -0.002405186728225466 0.0
286 -0.002410793065437531 0.0
287 -0.002416399402649595 0.0
288 -0.0024220057398616594 0.0
289 -0.0024276120770737237 0.0
290 -0.002433218414285788 0.0
291 -0.0024388247514978523 0.0
292 -0.0024444310887099165 0.0
293 -0.002450037425921981 0.0
294 -0.002455643763134045 0.0
295 -0.00246125010034611 0.0
296 -0.002466856437558174 0.0
297 -0.0024724627747702383 0.0
298 -0.0024780691119823026 0.0
299 -0.002483675449194367 0.0
300 -0.002489281786406431 0.0
301 -0.0024948881236184954 0.0
302 -0.0025004944608305597 0.0
303 -0.002506100798042624 0.0
304 -0.0025117071352546883 0.0
305 -0.0025173134724667525 0.0
306 -0.0025229198096788173 0.0
307 -0.002528526146890881 0.0
308 -0.002534132484102946 0.0
309 -0.00253973882131501 0.0
310 -0.0025453451585270744 0.0
311 -0.0025509514957391386 0.0
312 -0.002556557832951203 0.0
313 -0.002562164170163267 0.0
314 -0.0025677705073753315 0.0
315 -0.0025733768445873957 0.0
316 -0.00257898318179946 0.0
317 -0.0025845895190115247 0.0
318 -0.0025901958562235886 0.0
319 -0.0025958021934356533 0.0
320 -0.0026014085306477175 0.0
321 -0.002607014867859782 0.0
322 -0.002612621205071846 0.0
323 -0.0026182275422839104 0.0
324 -0.0026238338794959746 0.0
325 -0.002629440216708039 0.0
326 -0.002635046553920103 0.0
327 -0.0026406528911321675 0.0
328 -0.002646259228344232 0.0
329 -0.002651865565556296 0.0
330 -0.0026574719027683607 0.0
331 -0.002663078239980425 0.0
332 -0.0026686845771924893 0.0
333 -0.0026742909144045536 0.0
334 -0.002679897251616618 0.0
335 -0.002685503588828682 0.0
336 -0.0026911099260407464 0.0
337 -0.0026967162632528107 0.0
338 -0.002702322600464875 0.0
339 -0.002707928937676939 0.0
340 -0.0027135352748890035 0.0
341 -0.002719141612101068 0.0
342 -0.0027247479493131325 0.0
343 -0.0027303542865251967 0.0
344 -0.002735960623737261 0.0
345 -0.0027415669609493253 0.0
346 -0.0027471732981613896 0.0
347 -0.002752779635373454 0.0
348 -0.002758385972585518 0.0
349 -0.0027639923097975824 0.0
350 -0.0027695986470096467 0.0
351 -0.002775204984221711 0.0
352 -0.0027808113214337756 0.0
353 -0.0027864176586458395 0.0
354 -0.002792023995857904 0.0
355 -0.0027976303330699685 0.0
356 -0.0028032366702820328 0.0
357 -0.002808843007494097 0.0
358 -0.0028144493447061613 0.0
359 -0.0028200556819182256 0.0
360 -0.00282566201913029 0.0
361 -0.0028312683563423546 0.0
362 -0.0028368746935544184 0.0
363 -0.002842481030766483 0.0
364 -0.002848087367978547 0.0
365 -0.0028536937051906117 0.0
366 -0.002859300042402676 0.0
367 -0.00286490637961474 0.0
368 -0.0028705127168268045 0.0
369 -0.0028761190540388688 0.0
370 -0.002881725391250933 0.0
371 -0.0028873317284629973 0.0
372 -0.002892938065675062 0.0
373 -0.002898544402887126 0.0
374 -0.0029041507400991906 0.0
375 -0.0029097570773112544 0.0
376 -0.002915363414523319 0.0
377 -0.002920969751735383 0.0
378 -0.0029265760889474477 0.0
379 -0.002932182426159512 0.0
380 -0.0029377887633715762 0.0
381 -0.0029433951005836405 0.0
382 -0.0029490014377957048 0.0
383 -0.0029546077750077695 0.0
384 -0.0029602141122198333 0.0
385 -0.002965820449431898 0.0
386 -0.002971426786643962 0.0
387 -0.0029770331238560266 0.0
388 -0.0029826394610680904 0.0
389 -0.002988245798280155 0.0
390 -0.0029938521354922194 0.0
391 -0.0029994584727042837 0.0
392 -0.0030050648099163484 0.0
393 -0.0030106711471284122 0.0
394 -0.003016277484340477 0.0
395 -0.003021883821552541 0.0
396 -0.0030274901587646055 0.0
397 -0.0030330964959766693 0.0
398 -0.003038702833188734 0.0
399 -0.0030443091704007983 0.0
400 -0.0030499155076128626 0.0
401 -0.003055521844824927 0.0
402 -0.003061128182036991 0.0
403 -0.0030667345192490554 0.0
404 -0.0030723408564611197 0.0
405 -0.0030779471936731844 0.0
406 -0.0030835535308852483 0.0
407 -0.003089159868097313 0.0
408 -0.003094766205309377 0.0
409 -0.0031003725425214415 0.0
410 -0.0031059788797335054 0.0
411 -0.00311158521694557 0.0
412 -0.0031171915541576343 0.0
413 -0.0031227978913696986 0.0
414 -0.003128404228581763 0.0
415 -0.003134010565793827 0.0
416 -0.0031396169030058914 0.0
417 -0.0031452232402179557 0.0
418 -0.0031508295774300204 0.0
419 -0.0031564359146420843 0.0
420 -0.003162042251854149 0.0
421 -0.003167648589066213 0.0
422 -0.0031732549262782775 0.0
423 -0.003178861263490342 0.0
424 -0.003184467600702406 0.0
425 -0.0031900739379144708 0.0
426 -0.0031956802751265346 0.0
427 -0.0032012866123385993 0.0
428 -0.003206892949550663 0.0
429 -0.003212499286762728 0.0
430 -0.0032181056239747917 0.0
431 -0.0032237119611868564 0.0
432 -0.0032293182983989207 0.0
433 -0.003234924635610985 0.0
434 -0.0032405309728230493 0.0
435 -0.0032461373100351135 0.0
436 -0.003251743647247178 0.0
437 -0.003257349984459242 0.0
438 -0.0032629563216713064 0.0
439 -0.0032685626588833706 0.0
440 -0.0032741689960954353 0.0
441 -0.003279775333307499 0.0
442 -0.003285381670519564 0.0
443 -0.0032909880077316277 0.0
444 -0.0032965943449436924 0.0
445 -0.0033022006821557563 0.0
446 -0.003307807019367821 0.0
447 -0.0033134133565798853 0.0
448 -0.0033190196937919495 0.0
449 -0.003324626031004014 0.0
450 -0.003330232368216078 0.0
451 -0.0033358387054281424 0.0
452 -0.0033414450426402066 0.0
453 -0.0033470513798522714 0.0
454 -0.0033526577170643356 0.0
455 -0.0033582640542764 0.0
456 -0.003363870391488464 0.0
457 -0.0033694767287005285 0.0
458 -0.0033750830659125927 0.0
459 -0.003380689403124657 0.0
460 -0.0033862957403367217 0.0
461 -0.0033919020775487856 0.0
462 -0.0033975084147608503 0.0
463 -0.003403114751972914 0.0
464 -0.003408721089184979 0.0
465 -0.0034143274263970427 0.0
466 -0.0034199337636091074 0.0
467 -0.0034255401008211716 0.0
468 -0.003431146438033236 0.0
469 -0.0034367527752453 0.0
470 -0.0034423591124573645 0.0
471 -0.0034479654496694287 0.0
472 -0.003453571786881493 0.0
473 -0.0034591781240935573 0.0
474 -0.0034647844613056216 0.0
475 -0.0034703907985176863 0.0
476 -0.00347599713572975 0.0
477 -0.003481603472941815 0.0
478 -0.0034872098101538787 0.0
479 -0.0034928161473659434 0.0
480 -0.0034984224845780072 0.0
481 -0.003504028821790072 0.0
482 -0.0035096351590021366 0.0
483 -0.0035152414962142005 0.0
484 -0.003520847833426265 0.0
485 -0.003526454170638329 0.0
486 -0.0035320605078503937 0.0
487 -0.0035376668450624576 0.0
488 -0.0035432731822745223 0.0
489 -0.0035488795194865866 0.0
490 -0.003554485856698651 0.0
491 -0.003560092193910715 0.0
492 -0.0035656985311227794 0.0
493 -0.0035713048683348437 0.0
494 -0.003576911205546908 0.0
495 -0.0035825175427589727 0.0
496 -0.0035881238799710365 0.0
497 -0.003593730217183101 0.0
498 -0.003599336554395165 0.0
499 -0.0036049428916072298 0.0
500 -0.0036105492288192936 0.0
501 -0.0036161555660313583 0.0
502 -0.0036217619032434226 0.0
503 -0.003627368240455487 0.0
504 -0.003632974577667551 0.0
505 -0.0036385809148796154 0.0
506 -0.0036441872520916797 0.0
507 -0.003649793589303744 0.0
508 -0.0036553999265158087 0.0
509 -0.003661006263727873 0.0
510 -0.0036666126009399372 0.0
511 -0.0036722189381520015 0.0
512 -0.0036778252753640658 0.0
513 -0.00368343161257613 0.0
514 -0.0036890379497881943 0.0
515 -0.003694644287000259 0.0
516 -0.003700250624212323 0.0
517 -0.0037058569614243876 0.0
518 -0.0037114632986364514 0.0
519 -0.003717069635848516 0.0
520 -0.00372267597306058 0.0
521 -0.0037282823102726447 0.0
522 -0.003733888647484709 0.0
523 -0.0037394949846967732 0.0
524 -0.0037451013219088375 0.0
525 -0.0037507076591209018 0.0
526 -0.003756313996332966 0.0
527 -0.0037619203335450303 0.0
528 -0.0037675266707570946 0.0
529 -0.003773133007969159 0.0
530 -0.0037787393451812236 0.0
531 -0.0037843456823932874 0.0
532 -0.003789952019605352 0.0
533 -0.003795558356817416 0.0
534 -0.0038011646940294807 0.0
535 -0.0038067710312415445 0.0
536 -0.0038123773684536092 0.0
537 -0.0038179837056656735 0.0
538 -0.003823590042877738 0.0
539 -0.003829196380089802 0.0
540 -0.0038348027173018663 0.0
541 -0.003840409054513931 0.0
542 -0.003846015391725995 0.0
543 -0.0038516217289380596 0.0
544 -0.003857228066150124 0.0
545 -0.003862834403362188 0.0
546 -0.0038684407405742524 0.0
547 -0.0038740470777863167 0.0
548 -0.003879653414998381 0.0
549 -0.0038852597522104453 0.0
550 -0.0038908660894225095 0.0
551 -0.003896472426634574 0.0
552 -0.003902078763846638 0.0
553 -0.003907685101058702 0.0
554 -0.003913291438270766 0.0
555 -0.003918897775482831 0.0
556 -0.003924504112694896 0.0
557 -0.0039301104499069595 0.0
558 -0.003935716787119024 0.0
559 -0.003941323124331089 0.0
560 -0.003946929461543153 0.0
561 -0.0039525357987552166 0.0
562 -0.003958142135967281 0.0
563 -0.003963748473179346 0.0
564 -0.00396935481039141 0.0
565 -0.0039749611476034745 0.0
566 -0.003980567484815539 0.0
567 -0.003986173822027603 0.0
568 -0.003991780159239667 0.0
569 -0.003997386496451732 0.0
570 -0.004002992833663796 0.0
571 -0.00400859917087586 0.0
572 -0.004014205508087924 0.0
573 -0.004019811845299989 0.0
574 -0.0040254181825120534 0.0
575 -0.004031024519724117 0.0
576 -0.004036630856936181 0.0
577 -0.004042237194148246 0.0
578 -0.0040478435313603105 0.0
579 -0.004053449868572374 0.0
580 -0.004059056205784439 0.0
581 -0.004064662542996504 0.0
582 -0.004070268880208568 0.0
583 -0.0040758752174206315 0.0
584 -0.004081481554632697 0.0
585 -0.004087087891844761 0.0
586 -0.004092694229056825 0.0
587 -0.0040983005662688895 0.0
588 -0.004103906903480954 0.0
589 -0.004109513240693018 0.0
590 -0.004115119577905082 0.0
591 -0.0041207259151171466 0.0
592 -0.004126332252329211 0.0
593 -0.004131938589541275 0.0
594 -0.004137544926753339 0.0
595 -0.004143151263965404 0.0
596 -0.004148757601177468 0.0
597 -0.004154363938389532 0.0
598 -0.004159970275601597 0.0
599 -0.004165576612813662 0.0
600 -0.0041711829500257255 0.0
601 -0.004176789287237789 0.0
602 -0.004182395624449854 0.0
603 -0.004188001961661919 0.0
604 -0.0041936082988739826 0.0
605 -0.004199214636086046 0.0
606 -0.004204820973298111 0.0
607 -0.004210427310510176 0.0
608 -0.00421603364772224 0.0
609 -0.0042216399849343035 0.0
610 -0.004227246322146369 0.0
611 -0.004232852659358433 0.0
612 -0.004238458996570497 0.0
613 -0.004244065333782561 0.0
614 -0.004249671670994626 0.0
615 -0.00425527800820669 0.0
616 -0.004260884345418754 0.0
617 -0.0042664906826308194 0.0
618 -0.004272097019842883 0.0
619 -0.004277703357054947 0.0
620 -0.004283309694267011 0.0
621 -0.0042889160314790765 0.0
622 -0.00429452236869114 0.0
623 -0.004300128705903204 0.0
624 -0.004305735043115269 0.0
625 -0.004311341380327334 0.0
626 -0.0043169477175393975 0.0
627 -0.004322554054751461 0.0
628 -0.004328160391963526 0.0
629 -0.004333766729175591 0.0
630 -0.004339373066387655 0.0
631 -0.004344979403599719 0.0
632 -0.004350585740811783 0.0
633 -0.004356192078023848 0.0
634 -0.004361798415235912 0.0
635 -0.004367404752447976 0.0
636 -0.004373011089660041 0.0
637 -0.004378617426872105 0.0
638 -0.004384223764084169 0.0
639 -0.0043898301012962335 0.0
640 -0.004395436438508298 0.0
641 -0.004401042775720362 0.0
642 -0.004406649112932426 0.0
643 -0.0044122554501444915 0.0
644 -0.004417861787356555 0.0
645 -0.004423468124568619 0.0
646 -0.004429074461780684 0.0
647 -0.004434680798992749 0.0
648 -0.004440287136204812 0.0
649 -0.004445893473416876 0.0
650 -0.004451499810628942 0.0
651 -0.004457106147841006 0.0
652 -0.0044627124850530695 0.0
653 -0.004468318822265133 0.0
654 -0.004473925159477199 0.0
655 -0.004479531496689263 0.0
656 -0.004485137833901327 0.0
657 -0.004490744171113391 0.0
658 -0.004496350508325456 0.0
659 -0.00450195684553752 0.0
660 -0.004507563182749584 0.0
661 -0.004513169519961648 0.0
662 -0.004518775857173713 0.0
663 -0.004524382194385777 0.0
664 -0.004529988531597842 0.0
665 -0.0045355948688099055 0.0
666 -0.00454120120602197 0.0
667 -0.004546807543234034 0.0
668 -0.004552413880446099 0.0
669 -0.004558020217658163 0.0
670 -0.004563626554870227 0.0
671 -0.004569232892082292 0.0
672 -0.004574839229294356 0.0
673 -0.004580445566506421 0.0
674 -0.0045860519037184844 0.0
675 -0.004591658240930549 0.0
676 -0.004597264578142613 0.0
677 -0.004602870915354678 0.0
678 -0.0046084772525667415 0.0
679 -0.004614083589778806 0.0
680 -0.004619689926990871 0.0
681 -0.004625296264202935 0.0
682 -0.004630902601414999 0.0
683 -0.004636508938627063 0.0
684 -0.004642115275839128 0.0
685 -0.004647721613051192 0.0
686 -0.004653327950263256 0.0
687 -0.004658934287475321 0.0
688 -0.004664540624687385 0.0
689 -0.004670146961899449 0.0
690 -0.004675753299111513 0.0
691 -0.004681359636323578 0.0
692 -0.004686965973535642 0.0
693 -0.004692572310747706 0.0
694 -0.004698178647959771 0.0
695 -0.0047037849851718355 0.0
696 -0.004709391322383899 0.0
697 -0.004714997659595963 0.0
698 -0.004720603996808028 0.0
699 -0.004726210334020093 0.0
700 -0.0047318166712321565 0.0
701 -0.004737423008444221 0.0
702 -0.004743029345656285 0.0
703 -0.00474863568286835 0.0
704 -0.0047542420200804136 0.0
705 -0.004759848357292478 0.0
706 -0.004765454694504543 0.0
707 -0.004771061031716607 0.0
708 -0.0047766673689286715 0.0
709 -0.004782273706140735 0.0
710 -0.0047878800433528 0.0
711 -0.004793486380564864 0.0
712 -0.004799092717776929 0.0
713 -0.004804699054988993 0.0
714 -0.004810305392201057 0.0
715 -0.004815911729413121 0.0
716 -0.004821518066625186 0.0
717 -0.0048271244038372504 0.0
718 -0.004832730741049314 0.0
719 -0.004838337078261378 0.0
720 -0.004843943415473444 0.0
721 -0.0048495497526855075 0.0
722 -0.004855156089897571 0.0
723 -0.004860762427109635 0.0
724 -0.004866368764321701 0.0
725 -0.004871975101533765 0.0
726 -0.0048775814387458285 0.0
727 -0.004883187775957893 0.0
728 -0.004888794113169958 0.0
729 -0.004894400450382022 0.0
730 -0.004900006787594086 0.0
731 -0.004905613124806151 0.0
732 -0.004911219462018215 0.0
733 -0.004916825799230279 0.0
734 -0.0049224321364423436 0.0
735 -0.004928038473654408 0.0
736 -0.004933644810866472 0.0
737 -0.004939251148078536 0.0
738 -0.004944857485290601 0.0
739 -0.004950463822502665 0.0
740 -0.004956070159714729 0.0
741 -0.004961676496926794 0.0
742 -0.004967282834138858 0.0
743 -0.0049728891713509225 0.0
744 -0.004978495508562986 0.0
745 -0.004984101845775051 0.0
746 -0.004989708182987115 0.0
747 -0.00499531452019918 0.0
748 -0.005000920857411243 0.0
749 -0.005006527194623308 0.0
750 -0.005012133531835373 0.0
751 -0.005017739869047437 0.0
752 -0.0050233462062595005 0.0
753 -0.005028952543471565 0.0
754 -0.00503455888068363 0.0
755 -0.005040165217895694 0.0
756 -0.005045771555107758 0.0
757 -0.005051377892319823 0.0
758 -0.005056984229531887 0.0
759 -0.005062590566743951 0.0
760 -0.005068196903956015 0.0
761 -0.00507380324116808 0.0
762 -0.005079409578380144 0.0
763 -0.005085015915592208 0.0
764 -0.0050906222528042736 0.0
765 -0.005096228590016337 0.0
766 -0.005101834927228401 0.0
767 -0.005107441264440465 0.0
768 -0.005113047601652531 0.0
769 -0.0051186539388645945 0.0
770 -0.005124260276076658 0.0
771 -0.005129866613288723 0.0
772 -0.005135472950500788 0.0
773 -0.005141079287712852 0.0
774 -0.0051466856249249154 0.0
775 -0.00515229196213698 0.0
776 -0.005157898299349045 0.0
777 -0.005163504636561109 0.0
778 -0.005169110973773173 0.0
779 -0.005174717310985237 0.0
780 -0.005180323648197302 0.0
781 -0.005185929985409366 0.0
782 -0.0051915363226214305 0.0
783 -0.005197142659833495 0.0
784 -0.005202748997045559 0.0
785 -0.005208355334257623 0.0
786 -0.005213961671469688 0.0
787 -0.005219568008681752 0.0
788 -0.005225174345893816 0.0
789 -0.00523078068310588 0.0
790 -0.005236387020317946 0.0
791 -0.005241993357530009 0.0
792 -0.005247599694742073 0.0
793 -0.005253206031954137 0.0
794 -0.005258812369166203 0.0
795 -0.0052644187063782665 0.0
796 -0.00527002504359033 0.0
797 -0.005275631380802396 0.0
798 -0.00528123771801446 0.0
799 -0.005286844055226524 0.0
800 -0.0052924503924385875 0.0
801 -0.005298056729650653 0.0
802 -0.005303663066862717 0.0
803 -0.005309269404074781 0.0
804 -0.005314875741286845 0.0
805 -0.00532048207849891 0.0
806 -0.005326088415710974 0.0
807 -0.005331694752923038 0.0
808 -0.0053373010901351025 0.0
809 -0.005342907427347167 0.0
810 -0.005348513764559231 0.0
811 -0.005354120101771296 0.0
812 -0.00535972643898336 0.0
813 -0.005365332776195424 0.0
814 -0.005370939113407488 0.0
815 -0.005376545450619553 0.0
816 -0.005382151787831618 0.0
817 -0.0053877581250436814 0.0
818 -0.005393364462255746 0.0
819 -0.00539897079946781 0.0
820 -0.005404577136679875 0.0
821 -0.0054101834738919385 0.0
822 -0.005415789811104003 0.0
823 -0.005421396148316068 0.0
824 -0.005427002485528132 0.0
825 -0.005432608822740196 0.0
826 -0.00543821515995226 0.0
827 -0.005443821497164325 0.0
828 -0.005449427834376389 0.0
829 -0.005455034171588453 0.0
830 -0.005460640508800518 0.0
831 -0.005466246846012582 0.0
832 -0.005471853183224646 0.0
833 -0.00547745952043671 0.0
834 -0.005483065857648775 0.0
835 -0.005488672194860839 0.0
836 -0.005494278532072903 0.0
837 -0.005499884869284968 0.0
838 -0.0055054912064970325 0.0
839 -0.005511097543709096 0.0
840 -0.00551670388092116 0.0
841 -0.005522310218133225 0.0
842 -0.00552791655534529 0.0
843 -0.0055335228925573535 0.0
844 -0.005539129229769418 0.0
845 -0.005544735566981482 0.0
846 -0.005550341904193547 0.0
847 -0.005555948241405611 0.0
848 -0.005561554578617675 0.0
849 -0.005567160915829739 0.0
850 -0.005572767253041804 0.0
851 -0.0055783735902538685 0.0
852 -0.005583979927465932 0.0
853 -0.005589586264677997 0.0
854 -0.005595192601890061 0.0
855 -0.005600798939102126 0.0
856 -0.0056064052763141895 0.0
857 -0.005612011613526254 0.0
858 -0.005617617950738318 0.0
859 -0.005623224287950383 0.0
860 -0.0056288306251624474 0.0
861 -0.005634436962374511 0.0
862 -0.005640043299586575 0.0
863 -0.00564564963679864 0.0
864 -0.0056512559740107045 0.0
865 -0.005656862311222768 0.0
866 -0.005662468648434832 0.0
867 -0.005668074985646898 0.0
868 -0.005673681322858962 0.0
869 -0.0056792876600710255 0.0
870 -0.005684893997283089 0.0
871 -0.005690500334495155 0.0
872 -0.005696106671707219 0.0
873 -0.005701713008919283 0.0
874 -0.005707319346131347 0.0
875 -0.005712925683343412 0.0
876 -0.005718532020555476 0.0
877 -0.00572413835776754 0.0
878 -0.005729744694979604 0.0
879 -0.005735351032191669 0.0
880 -0.005740957369403733 0.0
881 -0.005746563706615798 0.0
882 -0.005752170043827862 0.0
883 -0.005757776381039926 0.0
884 -0.00576338271825199 0.0
885 -0.005768989055464055 0.0
886 -0.0057745953926761195 0.0
887 -0.005780201729888183 0.0
888 -0.005785808067100248 0.0
889 -0.005791414404312312 0.0
890 -0.005797020741524377 0.0
891 -0.00580262707873644 0.0
892 -0.005808233415948505 0.0
893 -0.00581383975316057 0.0
894 -0.005819446090372634 0.0
895 -0.0058250524275846975 0.0
896 -0.005830658764796762 0.0
897 -0.005836265102008827 0.0
898 -0.005841871439220891 0.0
899 -0.0058474777764329555 0.0
900 -0.005853084113645019 0.0
901 -0.005858690450857084 0.0
902 -0.005864296788069148 0.0
903 -0.005869903125281213 0.0
904 -0.005875509462493276 0.0
905 -0.005881115799705341 0.0
906 -0.005886722136917405 0.0
907 -0.00589232847412947 0.0
908 -0.0058979348113415335 0.0
909 -0.005903541148553598 0.0
910 -0.005909147485765662 0.0
911 -0.005914753822977727 0.0
912 -0.005920360160189791 0.0
913 -0.005925966497401855 0.0
914 -0.00593157283461392 0.0
915 -0.005937179171825984 0.0
916 -0.005942785509038049 0.0
917 -0.0059483918462501124 0.0
918 -0.005953998183462177 0.0
919 -0.005959604520674241 0.0
920 -0.005965210857886306 0.0
921 -0.00597081719509837 0.0
922 -0.005976423532310434 0.0
923 -0.005982029869522499 0.0
924 -0.005987636206734563 0.0
925 -0.0059932425439466275 0.0
926 -0.005998848881158691 0.0
927 -0.006004455218370756 0.0
928 -0.006010061555582821 0.0
929 -0.006015667892794885 0.0
930 -0.006021274230006949 0.0
931 -0.006026880567219013 0.0
932 -0.006032486904431078 0.0
933 -0.006038093241643142 0.0
934 -0.006043699578855206 0.0
935 -0.006049305916067271 0.0
936 -0.006054912253279335 0.0
937 -0.0060605185904914 0.0
938 -0.0060661249277034635 0.0
939 -0.006071731264915528 0.0
940 -0.006077337602127592 0.0
941 -0.006082943939339657 0.0
942 -0.006088550276551721 0.0
943 -0.006094156613763785 0.0
944 -0.006099762950975849 0.0
945 -0.006105369288187914 0.0
946 -0.006110975625399978 0.0
947 -0.0061165819626120424 0.0
948 -0.006122188299824106 0.0
949 -0.006127794637036171 0.0
950 -0.006133400974248235 0.0
951 -0.0061390073114602995 0.0
952 -0.006144613648672363 0.0
953 -0.006150219985884428 0.0
954 -0.006155826323096492 0.0
955 -0.006161432660308557 0.0
956 -0.006167038997520621 0.0
957 -0.006172645334732685 0.0
958 -0.00617825167194475 0.0
959 -0.006183858009156814 0.0
960 -0.0061894643463688784 0.0
961 -0.006195070683580942 0.0
962 -0.006200677020793007 0.0
963 -0.006206283358005072 0.0
964 -0.0062118896952171355 0.0
965 -0.0062174960324292 0.0
966 -0.006223102369641264 0.0
967 -0.006228708706853329 0.0
968 -0.0062343150440653935 0.0
969 -0.006239921381277457 0.0
970 -0.006245527718489522 0.0
971 -0.006251134055701586 0.0
972 -0.006256740392913651 0.0
973 -0.0062623467301257145 0.0
974 -0.006267953067337779 0.0
975 -0.006273559404549843 0.0
976 -0.006279165741761908 0.0
977 -0.0062847720789739716 0.0
978 -0.006290378416186036 0.0
979 -0.0062959847533981 0.0
980 -0.006301591090610165 0.0
981 -0.006307197427822229 0.0
982 -0.006312803765034293 0.0
983 -0.006318410102246357 0.0
984 -0.006324016439458422 0.0
985 -0.006329622776670486 0.0
986 -0.0063352291138825505 0.0
987 -0.006340835451094614 0.0
988 -0.006346441788306679 0.0
989 -0.006352048125518744 0.0
990 -0.006357654462730808 0.0
991 -0.006363260799942872 0.0
992 -0.006368867137154936 0.0
993 -0.006374473474367001 0.0
994 -0.006380079811579065 0.0
995 -0.006385686148791129 0.0
996 -0.006391292486003194 0.0
997 -0.006396898823215258 0.0
998 -0.006402505160427323 0.0
999 -0.0064081114976393865 0.0
1000 [-0.00640811] 0.0
1001 [-0.00640811] 0.0
1002 [-0.00640811] 0.0
1003 [-0.00640811] 0.0
1004 [-0.00640811] 0.0
1005 [-0.00640811] 0.0
1006 [-0.00640811] 0.0
1007 [-0.00640811] 0.0
1008 [-0.00640811] 0.0
1009 [-0.00640811] 0.0
1010 [-0.00640811] 0.0
1011 [-0.00640811] 0.0
1012 [-0.00640811] 0.0
1013 [-0.00640811] 0.0
1014 [-0.00640811] 0.0
1015 [-0.00640811] 0.0
1016 [-0.00640811] 0.0
1017 [-0.00640811] 0.0
1018 [-0.00640811] 0.0
1019 [-0.00640811] 0.0
1020 [-0.00640811] 0.0
1021 [-0.00640811] 0.0
1022 [-0.00640811] 0.0
1023 [-0.00640811] 0.0
1024 [-0.00640811] 0.0
1025 [-0.00640811] 0.0
1026 [-0.00640811] 0.0
1027 [-0.00640811] 0.0
1028 [-0.00640811] 0.0
1029 [-0.00640811] 0.0
1030 [-0.00640811] 0.0
1031 [-0.00640811] 0.0
1032 [-0.00640811] 0.0
1033 [-0.00640811] 0.0
1034 [-0.00640811] 0.0
1035 [-0.00640811] 0.0
1036 [-0.00640811] 0.0
1037 [-0.00640811] 0.0
1038 [-0.00640811] 0.0
1039 [-0.00640811] 0.0
1040 [-0.00640811] 0.0
1041 [-0.00640811] 0.0
1042 [-0.00640811] 0.0
1043 [-0.00640811] 0.0
1044 [-0.00640811] 0.0
1045 [-0.00640811] 0.0
1046 [-0.00640811] 0.0
1047 [-0.00640811] 0.0
1048 [-0.00640811] 0.0
1049 [-0.00640811] 0.0
1050 [-0.00640811] 0.0
1051 [-0.00640811] 0.0
1052 [-0.00640811] 0.0
1053 [-0.00640811] 0.0
1054 [-0.00640811] 0.0
1055 [-0.00640811] 0.0
1056 [-0.00640811] 0.0
1057 [-0.00640811] 0.0
1058 [-0.00640811] 0.0
1059 [-0.00640811] 0.0
1060 [-0.00640811] 0.0
1061 [-0.00640811] 0.0
1062 [-0.00640811] 0.0
1063 [-0.00640811] 0.0
1064 [-0.00640811] 0.0
1065 [-0.00640811] 0.0
1066 [-0.00640811] 0.0
1067 [-0.00640811] 0.0
1068 [-0.00640811] 0.0
1069 [-0.00640811] 0.0
1070 [-0.00640811] 0.0
1071 [-0.00640811] 0.0
1072 [-0.00640811] 0.0
1073 [-0.00640811] 0.0
1074 [-0.00640811] 0.0
1075 [-0.00640811] 0.0
1076 [-0.00640811] 0.0
1077 [-0.00640811] 0.0
1078 [-0.00640811] 0.0
1079 [-0.00640811] 0.0
1080 [-0.00640811] 0.0
1081 [-0.00640811] 0.0
1082 [-0.00640811] 0.0
1083 [-0.00640811] 0.0
1084 [-0.00640811] 0.0
1085 [-0.00640811] 0.0
1086 [-0.00640811] 0.0
1087 [-0.00640811] 0.0
1088 [-0.00640811] 0.0
1089 [-0.00640811] 0.0
1090 [-0.00640811] 0.0
1091 [-0.00640811] 0.0
1092 [-0.00640811] 0.0
1093 [-0.00640811] 0.0
1094 [-0.00640811] 0.0
1095 [-0.00640811] 0.0
1096 [-0.00640811] 0.0
1097 [-0.00640811] 0.0
1098 [-0.00640811] 0.0
1099 [-0.00640811] 0.0
1100 [-0.00640811] 0.0
1101 [-0.00640811] 0.0
1102 [-0.00640811] 0.0
1103 [-0.00640811] 0.0
1104 [-0.00640811] 0.0
1105 [-0.00640811] 0.0
1106 [-0.00640811] 0.0
1107 [-0.00640811] 0.0
1108 [-0.00640811] 0.0
1109 [-0.00640811] 0.0
1110 [-0.00640811] 0.0
1111 [-0.00640811] 0.0
1112 [-0.00640811] 0.0
1113 [-0.00640811] 0.0
1114 [-0.00640811] 0.0
1115 [-0.00640811] 0.0
1116 [-0.00640811] 0.0
1117 [-0.00640811] 0.0
1118 [-0.00640811] 0.0
1119 [-0.00640811] 0.0
1120 [-0.00640811] 0.0
1121 [-0.00640811] 0.0
1122 [-0.00640811] 0.0
1123 [-0.00640811] 0.0
1124 [-0.00640811] 0.0
1125 [-0.00640811] 0.0
1126 [-0.00640811] 0.0
1127 [-0.00640811] 0.0
1128 [-0.00640811] 0.0
1129 [-0.00640811] 0.0
1130 [-0.00640811] 0.0
1131 [-0.00640811] 0.0
1132 [-0.00640811] 0.0
1133 [-0.00640811] 0.0
1134 [-0.00640811] 0.0
1135 [-0.00640811] 0.0
1136 [-0.00640811] 0.0
1137 [-0.00640811] 0.0
1138 [-0.00640811] 0.0
1139 [-0.00640811] 0.0
1140 [-0.00640811] 0.0
1141 [-0.00640811] 0.0
1142 [-0.00640811] 0.0
1143 [-0.00640811] 0.0
1144 [-0.00640811] 0.0
1145 [-0.00640811] 0.0
1146 [-0.00640811] 0.0
1147 [-0.00640811] 0.0
1148 [-0.00640811] 0.0
1149 [-0.00640811] 0.0
1150 [-0.00640811] 0.0
1151 [-0.00640811] 0.0
1152 [-0.00640811] 0.0
1153 [-0.00640811] 0.0
1154 [-0.00640811] 0.0
1155 [-0.00640811] 0.0
1156 [-0.00640811] 0.0
1157 [-0.00640811] 0.0
1158 [-0.00640811] 0.0
1159 [-0.00640811] 0.0
1160 [-0.00640811] 0.0
1161 [-0.00640811] 0.0
1162 [-0.00640811] 0.0
1163 [-0.00640811] 0.0
1164 [-0.00640811] 0.0
1165 [-0.00640811] 0.0
1166 [-0.00640811] 0.0
1167 [-0.00640811] 0.0
1168 [-0.00640811] 0.0
1169 [-0.00640811] 0.0
1170 [-0.00640811] 0.0
1171 [-0.00640811] 0.0
1172 [-0.00640811] 0.0
1173 [-0.00640811] 0.0
1174 [-0.00640811] 0.0
1175 [-0.00640811] 0.0
1176 [-0.00640811] 0.0
1177 [-0.00640811] 0.0
1178 [-0.00640811] 0.0
1179 [-0.00640811] 0.0
1180 [-0.00640811] 0.0
1181 [-0.00640811] 0.0
1182 [-0.00640811] 0.0
1183 [-0.00640811] 0.0
1184 [-0.00640811] 0.0
1185 [-0.00640811] 0.0
1186 [-0.00640811] 0.0
1187 [-0.00640811] 0.0
1188 [-0.00640811] 0.0
1189 [-0.00640811] 0.0
1190 [-0.00640811] 0.0
1191 [-0.00640811] 0.0
1192 [-0.00640811] 0.0
1193 [-0.00640811] 0.0
1194 [-0.00640811] 0.0
1195 [-0.00640811] 0.0
1196 [-0.00640811] 0.0
1197 [-0.00640811] 0.0
1198 [-0.00640811] 0.0
1199 [-0.00640811] 0.0
1200 -0.0064081114976393865 0.0
1201 -0.006402505160427322 0.0
1202 -0.006396898823215258 0.0
1203 -0.006391292486003193 0.0
1204 -0.006385686148791129 0.0
1205 -0.006380079811579065 0.0
1206 -0.006374473474367001 0.0
1207 -0.006368867137154936 0.0
1208 -0.006363260799942871 0.0
1209 -0.006357654462730808 0.0
1210 -0.006352048125518743 0.0
1211 -0.006346441788306679 0.0
1212 -0.006340835451094614 0.0
1213 -0.0063352291138825505 0.0
1214 -0.006329622776670486 0.0
1215 -0.006324016439458422 0.0
1216 -0.006318410102246357 0.0
1217 -0.006312803765034293 0.0
1218 -0.006307197427822229 0.0
1219 -0.006301591090610165 0.0
1220 -0.0062959847533981 0.0
1221 -0.006290378416186036 0.0
1222 -0.0062847720789739716 0.0
1223 -0.006279165741761908 0.0
1224 -0.006273559404549843 0.0
1225 -0.006267953067337779 0.0
1226 -0.0062623467301257145 0.0
1227 -0.006256740392913651 0.0
1228 -0.006251134055701586 0.0
1229 -0.006245527718489521 0.0
1230 -0.006239921381277457 0.0
1231 -0.006234315044065393 0.0
1232 -0.006228708706853329 0.0
1233 -0.006223102369641264 0.0
1234 -0.0062174960324292 0.0
1235 -0.0062118896952171355 0.0
1236 -0.006206283358005071 0.0
1237 -0.006200677020793007 0.0
1238 -0.006195070683580942 0.0
1239 -0.0061894643463688784 0.0
1240 -0.006183858009156814 0.0
1241 -0.00617825167194475 0.0
1242 -0.006172645334732685 0.0
1243 -0.0061670389975206205 0.0
1244 -0.006161432660308557 0.0
1245 -0.006155826323096492 0.0
1246 -0.006150219985884428 0.0
1247 -0.006144613648672363 0.0
1248 -0.0061390073114602995 0.0
1249 -0.006133400974248235 0.0
1250 -0.006127794637036171 0.0
1251 -0.006122188299824106 0.0
1252 -0.0061165819626120424 0.0
1253 -0.006110975625399978 0.0
1254 -0.006105369288187914 0.0
1255 -0.006099762950975849 0.0
1256 -0.006094156613763785 0.0
1257 -0.006088550276551721 0.0
1258 -0.006082943939339657 0.0
1259 -0.006077337602127592 0.0
1260 -0.006071731264915528 0.0
1261 -0.0060661249277034635 0.0
1262 -0.006060518590491399 0.0
1263 -0.006054912253279335 0.0
1264 -0.00604930591606727 0.0
1265 -0.006043699578855206 0.0
1266 -0.006038093241643142 0.0
1267 -0.006032486904431078 0.0
1268 -0.006026880567219013 0.0
1269 -0.006021274230006949 0.0
1270 -0.006015667892794885 0.0
1271 -0.00601006155558282 0.0
1272 -0.006004455218370756 0.0
1273 -0.005998848881158691 0.0
1274 -0.0059932425439466275 0.0
1275 -0.005987636206734563 0.0
1276 -0.005982029869522498 0.0
1277 -0.005976423532310434 0.0
1278 -0.0059708171950983695 0.0
1279 -0.005965210857886306 0.0
1280 -0.005959604520674241 0.0
1281 -0.005953998183462177 0.0
1282 -0.0059483918462501124 0.0
1283 -0.005942785509038049 0.0
1284 -0.005937179171825984 0.0
1285 -0.00593157283461392 0.0
1286 -0.005925966497401855 0.0
1287 -0.005920360160189791 0.0
1288 -0.005914753822977727 0.0
1289 -0.005909147485765662 0.0
1290 -0.005903541148553598 0.0
1291 -0.0058979348113415335 0.0
1292 -0.00589232847412947 0.0
1293 -0.005886722136917405 0.0
1294 -0.005881115799705341 0.0
1295 -0.005875509462493276 0.0
1296 -0.005869903125281213 0.0
1297 -0.005864296788069148 0.0
1298 -0.005858690450857084 0.0
1299 -0.005853084113645019 0.0
1300 -0.0058474777764329555 0.0
1301 -0.005841871439220891 0.0
1302 -0.005836265102008827 0.0
1303 -0.005830658764796762 0.0
1304 -0.0058250524275846975 0.0
1305 -0.005819446090372634 0.0
1306 -0.005813839753160569 0.0
1307 -0.005808233415948505 0.0
1308 -0.00580262707873644 0.0
1309 -0.005797020741524377 0.0
1310 -0.005791414404312312 0.0
1311 -0.005785808067100248 0.0
1312 -0.005780201729888183 0.0
1313 -0.0057745953926761195 0.0
1314 -0.005768989055464055 0.0
1315 -0.00576338271825199 0.0
1316 -0.005757776381039926 0.0
1317 -0.005752170043827862 0.0
1318 -0.005746563706615797 0.0
1319 -0.005740957369403733 0.0
1320 -0.005735351032191669 0.0
1321 -0.005729744694979604 0.0
1322 -0.00572413835776754 0.0
1323 -0.005718532020555476 0.0
1324 -0.005712925683343412 0.0
1325 -0.005707319346131347 0.0
1326 -0.005701713008919283 0.0
1327 -0.005696106671707219 0.0
1328 -0.005690500334495155 0.0
1329 -0.005684893997283089 0.0
1330 -0.0056792876600710255 0.0
1331 -0.005673681322858962 0.0
1332 -0.005668074985646897 0.0
1333 -0.005662468648434832 0.0
1334 -0.005656862311222768 0.0
1335 -0.0056512559740107045 0.0
1336 -0.00564564963679864 0.0
1337 -0.005640043299586575 0.0
1338 -0.005634436962374511 0.0
1339 -0.0056288306251624474 0.0
1340 -0.005623224287950383 0.0
1341 -0.005617617950738318 0.0
1342 -0.005612011613526254 0.0
1343 -0.0056064052763141895 0.0
1344 -0.005600798939102126 0.0
1345 -0.005595192601890061 0.0
1346 -0.005589586264677996 0.0
1347 -0.005583979927465932 0.0
1348 -0.005578373590253868 0.0
1349 -0.005572767253041804 0.0
1350 -0.005567160915829739 0.0
1351 -0.005561554578617674 0.0
1352 -0.005555948241405611 0.0
1353 -0.005550341904193547 0.0
1354 -0.005544735566981482 0.0
1355 -0.005539129229769417 0.0
1356 -0.0055335228925573535 0.0
1357 -0.00552791655534529 0.0
1358 -0.005522310218133225 0.0
1359 -0.00551670388092116 0.0
1360 -0.005511097543709096 0.0
1361 -0.0055054912064970325 0.0
1362 -0.005499884869284967 0.0
1363 -0.005494278532072903 0.0
1364 -0.005488672194860839 0.0
1365 -0.0054830658576487746 0.0
1366 -0.00547745952043671 0.0
1367 -0.005471853183224646 0.0
1368 -0.005466246846012582 0.0
1369 -0.0054606405088005175 0.0
1370 -0.005455034171588453 0.0
1371 -0.005449427834376389 0.0
1372 -0.005443821497164325 0.0
1373 -0.00543821515995226 0.0
1374 -0.005432608822740196 0.0
1375 -0.005427002485528132 0.0
1376 -0.005421396148316067 0.0
1377 -0.005415789811104003 0.0
1378 -0.0054101834738919385 0.0
1379 -0.005404577136679874 0.0
1380 -0.00539897079946781 0.0
1381 -0.005393364462255746 0.0
1382 -0.0053877581250436814 0.0
1383 -0.005382151787831617 0.0
1384 -0.005376545450619553 0.0
1385 -0.005370939113407488 0.0
1386 -0.005365332776195424 0.0
1387 -0.00535972643898336 0.0
1388 -0.005354120101771295 0.0
1389 -0.005348513764559231 0.0
1390 -0.005342907427347167 0.0
1391 -0.0053373010901351025 0.0
1392 -0.005331694752923038 0.0
1393 -0.005326088415710974 0.0
1394 -0.00532048207849891 0.0
1395 -0.005314875741286845 0.0
1396 -0.005309269404074781 0.0
1397 -0.005303663066862717 0.0
1398 -0.005298056729650653 0.0
1399 -0.0052924503924385875 0.0
1400 -0.005286844055226524 0.0
1401 -0.00528123771801446 0.0
1402 -0.005275631380802395 0.0
1403 -0.00527002504359033 0.0
1404 -0.0052644187063782665 0.0
1405 -0.005258812369166203 0.0
1406 -0.005253206031954137 0.0
1407 -0.005247599694742073 0.0
1408 -0.005241993357530009 0.0
1409 -0.005236387020317946 0.0
1410 -0.00523078068310588 0.0
1411 -0.005225174345893816 0.0
1412 -0.0052195680086817514 0.0
1413 -0.005213961671469688 0.0
1414 -0.005208355334257623 0.0
1415 -0.005202748997045559 0.0
1416 -0.005197142659833494 0.0
1417 -0.0051915363226214305 0.0
1418 -0.005185929985409366 0.0
1419 -0.005180323648197302 0.0
1420 -0.005174717310985237 0.0
1421 -0.0051691109737731725 0.0
1422 -0.005163504636561109 0.0
1423 -0.005157898299349045 0.0
1424 -0.00515229196213698 0.0
1425 -0.0051466856249249154 0.0
1426 -0.005141079287712852 0.0
1427 -0.005135472950500788 0.0
1428 -0.005129866613288723 0.0
1429 -0.005124260276076658 0.0
1430 -0.0051186539388645945 0.0
1431 -0.005113047601652531 0.0
1432 -0.005107441264440465 0.0
1433 -0.005101834927228401 0.0
1434 -0.005096228590016337 0.0
1435 -0.005090622252804272 0.0
1436 -0.005085015915592208 0.0
1437 -0.005079409578380144 0.0
1438 -0.00507380324116808 0.0
1439 -0.005068196903956015 0.0
1440 -0.005062590566743951 0.0
1441 -0.005056984229531887 0.0
1442 -0.005051377892319823 0.0
1443 -0.005045771555107758 0.0
1444 -0.005040165217895694 0.0
1445 -0.00503455888068363 0.0
1446 -0.005028952543471565 0.0
1447 -0.0050233462062595005 0.0
1448 -0.005017739869047437 0.0
1449 -0.005012133531835372 0.0
1450 -0.005006527194623308 0.0
1451 -0.005000920857411243 0.0
1452 -0.00499531452019918 0.0
1453 -0.004989708182987115 0.0
1454 -0.00498410184577505 0.0
1455 -0.004978495508562986 0.0
1456 -0.0049728891713509225 0.0
1457 -0.004967282834138858 0.0
1458 -0.004961676496926793 0.0
1459 -0.004956070159714729 0.0
1460 -0.004950463822502665 0.0
1461 -0.004944857485290601 0.0
1462 -0.004939251148078536 0.0
1463 -0.004933644810866472 0.0
1464 -0.004928038473654408 0.0
1465 -0.0049224321364423436 0.0
1466 -0.004916825799230279 0.0
1467 -0.004911219462018215 0.0
1468 -0.004905613124806149 0.0
1469 -0.004900006787594086 0.0
1470 -0.004894400450382022 0.0
1471 -0.004888794113169958 0.0
1472 -0.004883187775957892 0.0
1473 -0.0048775814387458285 0.0
1474 -0.004871975101533765 0.0
1475 -0.004866368764321701 0.0
1476 -0.004860762427109635 0.0
1477 -0.004855156089897571 0.0
1478 -0.0048495497526855075 0.0
1479 -0.004843943415473444 0.0
1480 -0.004838337078261378 0.0
1481 -0.004832730741049314 0.0
1482 -0.00482712440383725 0.0
1483 -0.004821518066625186 0.0
1484 -0.004815911729413121 0.0
1485 -0.004810305392201057 0.0
1486 -0.0048046990549889925 0.0
1487 -0.004799092717776929 0.0
1488 -0.004793486380564864 0.0
1489 -0.0047878800433528 0.0
1490 -0.004782273706140735 0.0
1491 -0.004776667368928671 0.0
1492 -0.004771061031716607 0.0
1493 -0.004765454694504543 0.0
1494 -0.004759848357292478 0.0
1495 -0.0047542420200804136 0.0
1496 -0.00474863568286835 0.0
1497 -0.004743029345656285 0.0
1498 -0.004737423008444221 0.0
1499 -0.0047318166712321565 0.0
1500 -0.004726210334020093 0.0
1501 -0.004720603996808027 0.0
1502 -0.004714997659595963 0.0
1503 -0.004709391322383899 0.0
1504 -0.0047037849851718355 0.0
1505 -0.00469817864795977 0.0
1506 -0.004692572310747706 0.0
1507 -0.004686965973535642 0.0
1508 -0.004681359636323578 0.0
1509 -0.004675753299111513 0.0
1510 -0.004670146961899449 0.0
1511 -0.004664540624687385 0.0
1512 -0.004658934287475321 0.0
1513 -0.004653327950263256 0.0
1514 -0.004647721613051192 0.0
1515 -0.004642115275839127 0.0
1516 -0.004636508938627063 0.0
1517 -0.004630902601414999 0.0
1518 -0.004625296264202935 0.0
1519 -0.00461968992699087 0.0
1520 -0.004614083589778806 0.0
1521 -0.0046084772525667415 0.0
1522 -0.004602870915354678 0.0
1523 -0.004597264578142613 0.0
1524 -0.004591658240930548 0.0
1525 -0.0045860519037184844 0.0
1526 -0.004580445566506421 0.0
1527 -0.004574839229294356 0.0
1528 -0.004569232892082291 0.0
1529 -0.004563626554870227 0.0
1530 -0.004558020217658163 0.0
1531 -0.004552413880446099 0.0
1532 -0.004546807543234034 0.0
1533 -0.00454120120602197 0.0
1534 -0.0045355948688099055 0.0
1535 -0.004529988531597842 0.0
1536 -0.004524382194385777 0.0
1537 -0.004518775857173713 0.0
1538 -0.0045131695199616476 0.0
1539 -0.004507563182749584 0.0
1540 -0.00450195684553752 0.0
1541 -0.004496350508325456 0.0
1542 -0.0044907441711133905 0.0
1543 -0.004485137833901327 0.0
1544 -0.004479531496689263 0.0
1545 -0.004473925159477199 0.0
1546 -0.004468318822265133 0.0
1547 -0.0044627124850530695 0.0
1548 -0.004457106147841006 0.0
1549 -0.004451499810628942 0.0
1550 -0.004445893473416876 0.0
1551 -0.004440287136204812 0.0
1552 -0.004434680798992748 0.0
1553 -0.004429074461780684 0.0
1554 -0.004423468124568619 0.0
1555 -0.004417861787356555 0.0
1556 -0.004412255450144491 0.0
1557 -0.004406649112932426 0.0
1558 -0.004401042775720362 0.0
1559 -0.004395436438508298 0.0
1560 -0.0043898301012962335 0.0
1561 -0.004384223764084169 0.0
1562 -0.004378617426872105 0.0
1563 -0.004373011089660041 0.0
1564 -0.004367404752447976 0.0
1565 -0.004361798415235912 0.0
1566 -0.004356192078023848 0.0
1567 -0.004350585740811783 0.0
1568 -0.004344979403599719 0.0
1569 -0.004339373066387655 0.0
1570 -0.004333766729175591 0.0
1571 -0.004328160391963525 0.0
1572 -0.004322554054751461 0.0
1573 -0.0043169477175393975 0.0
1574 -0.004311341380327334 0.0
1575 -0.004305735043115268 0.0
1576 -0.004300128705903204 0.0
1577 -0.00429452236869114 0.0
1578 -0.0042889160314790765 0.0
1579 -0.004283309694267011 0.0
1580 -0.004277703357054947 0.0
1581 -0.004272097019842883 0.0
1582 -0.0042664906826308194 0.0
1583 -0.004260884345418754 0.0
1584 -0.00425527800820669 0.0
1585 -0.004249671670994625 0.0
1586 -0.004244065333782561 0.0
1587 -0.004238458996570497 0.0
1588 -0.004232852659358433 0.0
1589 -0.004227246322146368 0.0
1590 -0.0042216399849343035 0.0
1591 -0.00421603364772224 0.0
1592 -0.004210427310510176 0.0
1593 -0.004204820973298111 0.0
1594 -0.004199214636086046 0.0
1595 -0.0041936082988739826 0.0
1596 -0.004188001961661919 0.0
1597 -0.004182395624449854 0.0
1598 -0.004176789287237789 0.0
1599 -0.0041711829500257255 0.0
1600 -0.004165576612813661 0.0
1601 -0.004159970275601597 0.0
1602 -0.004154363938389532 0.0
1603 -0.004148757601177468 0.0
1604 -0.004143151263965404 0.0
1605 -0.004137544926753339 0.0
1606 -0.004131938589541275 0.0
1607 -0.004126332252329211 0.0
1608 -0.0041207259151171466 0.0
1609 -0.004115119577905082 0.0
1610 -0.004109513240693018 0.0
1611 -0.004103906903480954 0.0
1612 -0.004098300566268889 0.0
1613 -0.004092694229056825 0.0
1614 -0.004087087891844761 0.0
1615 -0.004081481554632697 0.0
1616 -0.0040758752174206315 0.0
1617 -0.004070268880208568 0.0
1618 -0.004064662542996504 0.0
1619 -0.004059056205784438 0.0
1620 -0.004053449868572374 0.0
1621 -0.0040478435313603105 0.0
1622 -0.004042237194148247 0.0
1623 -0.004036630856936181 0.0
1624 -0.004031024519724117 0.0
1625 -0.0040254181825120534 0.0
1626 -0.004019811845299989 0.0
1627 -0.004014205508087924 0.0
1628 -0.00400859917087586 0.0
1629 -0.0040029928336637955 0.0
1630 -0.003997386496451732 0.0
1631 -0.003991780159239667 0.0
1632 -0.003986173822027603 0.0
1633 -0.003980567484815538 0.0
1634 -0.0039749611476034745 0.0
1635 -0.00396935481039141 0.0
1636 -0.003963748473179346 0.0
1637 -0.003958142135967281 0.0
1638 -0.0039525357987552166 0.0
1639 -0.003946929461543153 0.0
1640 -0.003941323124331089 0.0
1641 -0.003935716787119024 0.0
1642 -0.0039301104499069595 0.0
1643 -0.003924504112694896 0.0
1644 -0.003918897775482831 0.0
1645 -0.003913291438270766 0.0
1646 -0.003907685101058702 0.0
1647 -0.003902078763846638 0.0
1648 -0.003896472426634574 0.0
1649 -0.0038908660894225095 0.0
1650 -0.003885259752210445 0.0
1651 -0.003879653414998381 0.0
1652 -0.0038740470777863167 0.0
1653 -0.0038684407405742524 0.0
1654 -0.003862834403362188 0.0
1655 -0.003857228066150124 0.0
1656 -0.0038516217289380596 0.0
1657 -0.003846015391725995 0.0
1658 -0.003840409054513931 0.0
1659 -0.0038348027173018663 0.0
1660 -0.003829196380089802 0.0
1661 -0.003823590042877738 0.0
1662 -0.0038179837056656735 0.0
1663 -0.0038123773684536092 0.0
1664 -0.0038067710312415445 0.0
1665 -0.0038011646940294807 0.0
1666 -0.003795558356817416 0.0
1667 -0.003789952019605352 0.0
1668 -0.0037843456823932874 0.0
1669 -0.0037787393451812236 0.0
1670 -0.003773133007969159 0.0
1671 -0.003767526670757094 0.0
1672 -0.0037619203335450303 0.0
1673 -0.0037563139963329656 0.0
1674 -0.0037507076591209018 0.0
1675 -0.003745101321908837 0.0
1676 -0.0037394949846967732 0.0
1677 -0.0037338886474847085 0.0
1678 -0.0037282823102726442 0.0
1679 -0.00372267597306058 0.0
1680 -0.0037170696358485157 0.0
1681 -0.0037114632986364514 0.0
1682 -0.003705856961424387 0.0
1683 -0.003700250624212323 0.0
1684 -0.0036946442870002586 0.0
1685 -0.003689037949788194 0.0
1686 -0.00368343161257613 0.0
1687 -0.0036778252753640653 0.0
1688 -0.0036722189381520015 0.0
1689 -0.003666612600939937 0.0
1690 -0.003661006263727873 0.0
1691 -0.0036553999265158082 0.0
1692 -0.003649793589303744 0.0
1693 -0.0036441872520916797 0.0
1694 -0.0036385809148796154 0.0
1695 -0.003632974577667551 0.0
1696 -0.003627368240455487 0.0
1697 -0.0036217619032434226 0.0
1698 -0.0036161555660313583 0.0
1699 -0.0036105492288192936 0.0
1700 -0.0036049428916072298 0.0
1701 -0.003599336554395165 0.0
1702 -0.003593730217183101 0.0
1703 -0.0035881238799710365 0.0
1704 -0.0035825175427589727 0.0
1705 -0.003576911205546908 0.0
1706 -0.0035713048683348432 0.0
1707 -0.0035656985311227794 0.0
1708 -0.0035600921939107147 0.0
1709 -0.003554485856698651 0.0
1710 -0.003548879519486586 0.0
1711 -0.0035432731822745223 0.0
1712 -0.0035376668450624576 0.0
1713 -0.003532060507850393 0.0
1714 -0.003526454170638329 0.0
1715 -0.0035208478334262643 0.0
1716 -0.0035152414962142005 0.0
1717 -0.0035096351590021358 0.0
1718 -0.003504028821790072 0.0
1719 -0.0034984224845780072 0.0
1720 -0.003492816147365943 0.0
1721 -0.0034872098101538787 0.0
1722 -0.0034816034729418144 0.0
1723 -0.00347599713572975 0.0
1724 -0.003470390798517686 0.0
1725 -0.0034647844613056216 0.0
1726 -0.0034591781240935573 0.0
1727 -0.003453571786881493 0.0
1728 -0.0034479654496694287 0.0
1729 -0.0034423591124573645 0.0
1730 -0.0034367527752453 0.0
1731 -0.003431146438033236 0.0
1732 -0.0034255401008211716 0.0
1733 -0.0034199337636091074 0.0
1734 -0.0034143274263970427 0.0
1735 -0.003408721089184979 0.0
1736 -0.003403114751972914 0.0
1737 -0.0033975084147608503 0.0
1738 -0.0033919020775487856 0.0
1739 -0.0033862957403367217 0.0
1740 -0.003380689403124657 0.0
1741 -0.0033750830659125923 0.0
1742 -0.0033694767287005285 0.0
1743 -0.0033638703914884637 0.0
1744 -0.0033582640542764 0.0
1745 -0.003352657717064335 0.0
1746 -0.0033470513798522714 0.0
1747 -0.0033414450426402066 0.0
1748 -0.003335838705428142 0.0
1749 -0.003330232368216078 0.0
1750 -0.0033246260310040134 0.0
1751 -0.0033190196937919495 0.0
1752 -0.003313413356579885 0.0
1753 -0.003307807019367821 0.0
1754 -0.0033022006821557563 0.0
1755 -0.003296594344943692 0.0
1756 -0.0032909880077316277 0.0
1757 -0.0032853816705195635 0.0
1758 -0.003279775333307499 0.0
1759 -0.003274168996095435 0.0
1760 -0.0032685626588833706 0.0
1761 -0.0032629563216713064 0.0
1762 -0.003257349984459242 0.0
1763 -0.003251743647247178 0.0
1764 -0.0032461373100351135 0.0
1765 -0.0032405309728230493 0.0
1766 -0.003234924635610985 0.0
1767 -0.0032293182983989207 0.0
1768 -0.0032237119611868564 0.0
1769 -0.0032181056239747917 0.0
1770 -0.003212499286762728 0.0
1771 -0.003206892949550663 0.0
1772 -0.0032012866123385993 0.0
1773 -0.0031956802751265346 0.0
1774 -0.0031900739379144708 0.0
1775 -0.003184467600702406 0.0
1776 -0.0031788612634903414 0.0
1777 -0.0031732549262782775 0.0
1778 -0.003167648589066213 0.0
1779 -0.003162042251854149 0.0
1780 -0.0031564359146420843 0.0
1781 -0.0031508295774300204 0.0
1782 -0.0031452232402179557 0.0
1783 -0.003139616903005891 0.0
1784 -0.003134010565793827 0.0
1785 -0.0031284042285817625 0.0
1786 -0.0031227978913696986 0.0
1787 -0.003117191554157634 0.0
1788 -0.00311158521694557 0.0
1789 -0.0031059788797335054 0.0
1790 -0.003100372542521441 0.0
1791 -0.003094766205309377 0.0
1792 -0.0030891598680973125 0.0
1793 -0.0030835535308852483 0.0
1794 -0.003077947193673184 0.0
1795 -0.0030723408564611197 0.0
1796 -0.0030667345192490554 0.0
1797 -0.003061128182036991 0.0
1798 -0.003055521844824927 0.0
1799 -0.0030499155076128626 0.0
1800 -0.0030443091704007983 0.0
1801 -0.003038702833188734 0.0
1802 -0.0030330964959766693 0.0
1803 -0.0030274901587646055 0.0
1804 -0.003021883821552541 0.0
1805 -0.003016277484340477 0.0
1806 -0.0030106711471284122 0.0
1807 -0.0030050648099163484 0.0
1808 -0.0029994584727042837 0.0
1809 -0.002993852135492219 0.0
1810 -0.002988245798280155 0.0
1811 -0.0029826394610680904 0.0
1812 -0.0029770331238560266 0.0
1813 -0.002971426786643962 0.0
1814 -0.002965820449431898 0.0
1815 -0.0029602141122198333 0.0
1816 -0.0029546077750077686 0.0
1817 -0.0029490014377957048 0.0
1818 -0.00294339510058364 0.0
1819 -0.0029377887633715762 0.0
1820 -0.0029321824261595115 0.0
1821 -0.0029265760889474477 0.0
1822 -0.002920969751735383 0.0
1823 -0.0029153634145233187 0.0
1824 -0.0029097570773112544 0.0
1825 -0.00290415074009919 0.0
1826 -0.002898544402887126 0.0
1827 -0.0028929380656750616 0.0
1828 -0.0028873317284629973 0.0
1829 -0.002881725391250933 0.0
1830 -0.0028761190540388683 0.0
1831 -0.0028705127168268045 0.0
1832 -0.0028649063796147398 0.0
1833 -0.002859300042402676 0.0
1834 -0.0028536937051906112 0.0
1835 -0.0028480873679785474 0.0
1836 -0.0028424810307664827 0.0
1837 -0.0028368746935544184 0.0
1838 -0.002831268356342354 0.0
1839 -0.00282566201913029 0.0
1840 -0.0028200556819182256 0.0
1841 -0.0028144493447061613 0.0
1842 -0.002808843007494097 0.0
1843 -0.0028032366702820328 0.0
1844 -0.002797630333069968 0.0
1845 -0.002792023995857904 0.0
1846 -0.0027864176586458395 0.0
1847 -0.0027808113214337756 0.0
1848 -0.002775204984221711 0.0
1849 -0.002769598647009647 0.0
1850 -0.0027639923097975824 0.0
1851 -0.0027583859725855177 0.0
1852 -0.002752779635373454 0.0
1853 -0.002747173298161389 0.0
1854 -0.0027415669609493253 0.0
1855 -0.0027359606237372606 0.0
1856 -0.0027303542865251967 0.0
1857 -0.002724747949313132 0.0
1858 -0.0027191416121010678 0.0
1859 -0.0027135352748890035 0.0
1860 -0.002707928937676939 0.0
1861 -0.002702322600464875 0.0
1862 -0.0026967162632528107 0.0
1863 -0.0026911099260407464 0.0
1864 -0.002685503588828682 0.0
1865 -0.0026798972516166174 0.0
1866 -0.0026742909144045536 0.0
1867 -0.002668684577192489 0.0
1868 -0.002663078239980425 0.0
1869 -0.0026574719027683603 0.0
1870 -0.0026518655655562965 0.0
1871 -0.0026462592283442317 0.0
1872 -0.0026406528911321675 0.0
1873 -0.002635046553920103 0.0
1874 -0.002629440216708039 0.0
1875 -0.0026238338794959746 0.0
1876 -0.0026182275422839104 0.0
1877 -0.002612621205071846 0.0
1878 -0.002607014867859782 0.0
1879 -0.002601408530647717 0.0
1880 -0.0025958021934356533 0.0
1881 -0.0025901958562235886 0.0
1882 -0.0025845895190115247 0.0
1883 -0.00257898318179946 0.0
1884 -0.002573376844587396 0.0
1885 -0.0025677705073753315 0.0
1886 -0.0025621641701632667 0.0
1887 -0.002556557832951203 0.0
1888 -0.002550951495739138 0.0
1889 -0.0025453451585270744 0.0
1890 -0.0025397388213150096 0.0
1891 -0.002534132484102946 0.0
1892 -0.002528526146890881 0.0
1893 -0.002522919809678817 0.0
1894 -0.0025173134724667525 0.0
1895 -0.0025117071352546883 0.0
1896 -0.002506100798042624 0.0
1897 -0.0025004944608305597 0.0
1898 -0.0024948881236184954 0.0
1899 -0.002489281786406431 0.0
1900 -0.0024836754491943665 0.0
1901 -0.0024780691119823026 0.0
1902 -0.002472462774770238 0.0
1903 -0.002466856437558174 0.0
1904 -0.0024612501003461094 0.0
1905 -0.002455643763134045 0.0
1906 -0.002450037425921981 0.0
1907 -0.0024444310887099165 0.0
1908 -0.0024388247514978523 0.0
1909 -0.002433218414285788 0.0
1910 -0.0024276120770737237 0.0
1911 -0.0024220057398616594 0.0
1912 -0.002416399402649595 0.0
1913 -0.0024107930654375304 0.0
1914 -0.002405186728225466 0.0
1915 -0.002399580391013402 0.0
1916 -0.0023939740538013376 0.0
1917 -0.0023883677165892733 0.0
1918 -0.002382761379377209 0.0
1919 -0.002377155042165145 0.0
1920 -0.0023715487049530805 0.0
1921 -0.002365942367741016 0.0
1922 -0.002360336030528952 0.0
1923 -0.0023547296933168873 0.0
1924 -0.0023491233561048234 0.0
1925 -0.0023435170188927587 0.0
1926 -0.002337910681680695 0.0
1927 -0.00233230434446863 0.0
1928 -0.002326698007256566 0.0
1929 -0.0023210916700445016 0.0
1930 -0.0023154853328324373 0.0
1931 -0.002309878995620373 0.0
1932 -0.0023042726584083088 0.0
1933 -0.0022986663211962445 0.0
1934 -0.0022930599839841802 0.0
1935 -0.0022874536467721155 0.0
1936 -0.0022818473095600512 0.0
1937 -0.002276240972347987 0.0
1938 -0.0022706346351359227 0.0
1939 -0.0022650282979238584 0.0
1940 -0.002259421960711794 0.0
1941 -0.00225381562349973 0.0
1942 -0.002248209286287665 0.0
1943 -0.0022426029490756013 0.0
1944 -0.0022369966118635366 0.0
1945 -0.0022313902746514728 0.0
1946 -0.002225783937439408 0.0
1947 -0.0022201776002273442 0.0
1948 -0.0022145712630152795 0.0
1949 -0.0022089649258032152 0.0
1950 -0.002203358588591151 0.0
1951 -0.0021977522513790867 0.0
1952 -0.0021921459141670224 0.0
1953 -0.002186539576954958 0.0
1954 -0.002180933239742894 0.0
1955 -0.0021753269025308296 0.0
1956 -0.002169720565318765 0.0
1957 -0.002164114228106701 0.0
1958 -0.0021585078908946363 0.0
1959 -0.0021529015536825725 0.0
1960 -0.0021472952164705078 0.0
1961 -0.002141688879258444 0.0
1962 -0.0021360825420463792 0.0
1963 -0.0021304762048343145 0.0
1964 -0.0021248698676222507 0.0
1965 -0.002119263530410186 0.0
1966 -0.002113657193198122 0.0
1967 -0.0021080508559860574 0.0
1968 -0.002102444518773993 0.0
1969 -0.002096838181561929 0.0
1970 -0.0020912318443498646 0.0
1971 -0.0020856255071378003 0.0
1972 -0.002080019169925736 0.0
1973 -0.0020744128327136718 0.0
1974 -0.0020688064955016075 0.0
1975 -0.0020632001582895428 0.0
1976 -0.002057593821077479 0.0
1977 -0.0020519874838654142 0.0
1978 -0.0020463811466533504 0.0
1979 -0.0020407748094412857 0.0
1980 -0.002035168472229222 0.0
1981 -0.002029562135017157 0.0
1982 -0.002023955797805093 0.0
1983 -0.0020183494605930286 0.0
1984 -0.0020127431233809643 0.0
1985 -0.0020071367861689 0.0
1986 -0.0020015304489568357 0.0
1987 -0.0019959241117447715 0.0
1988 -0.001990317774532707 0.0
1989 -0.0019847114373206425 0.0
1990 -0.0019791051001085786 0.0
1991 -0.001973498762896514 0.0
1992 -0.00196789242568445 0.0
1993 -0.0019622860884723854 0.0
1994 -0.0019566797512603215 0.0
1995 -0.0019510734140482568 0.0
1996 -0.0019454670768361923 0.0
1997 -0.0019398607396241283 0.0
1998 -0.0019342544024120638 0.0
1999 -0.0019286480651999997 0.0
2000 -0.0019286480651999997 0.0
2001 -0.0019286480651999997 0.0
2002 -0.0019286480651999997 0.0
2003 -0.0019286480651999997 0.0
2004 -0.0019286480651999997 0.0
2005 -0.0019286480651999997 0.0
2006 -0.0019286480651999997 0.0
2007 -0.0019286480651999997 0.0
2008 -0.0019286480651999997 0.0
2009 -0.0019286480651999997 0.0
2010 -0.0019286480651999997 0.0
2011 -0.0019286480651999997 0.0
2012 -0.0019286480651999997 0.0
2013 -0.0019286480651999997 0.0
2014 -0.0019286480651999997 0.0
2015 -0.0019286480651999997 0.0
2016 -0.0019286480651999997 0.0
2017 -0.0019286480651999997 0.0
2018 -0.0019286480651999997 0.0
2019 -0.0019286480651999997 0.0
2020 -0.0019286480651999997 0.0
2021 -0.0019286480651999997 0.0
2022 -0.0019286480651999997 0.0
2023 -0.0019286480651999997 0.0
2024 -0.0019286480651999997 0.0
2025 -0.0019286480651999997 0.0
2026 -0.0019286480651999997 0.0
2027 -0.0019286480651999997 0.0
2028 -0.0019286480651999997 0.0
2029 -0.0019286480651999997 0.0
2030 -0.0019286480651999997 0.0
2031 -0.0019286480651999997 0.0
2032 -0.0019286480651999997 0.0
2033 -0.0019286480651999997 0.0
2034 -0.0019286480651999997 0.0
2035 -0.0019286480651999997 0.0
2036 -0.0019286480651999997 0.0
2037 -0.0019286480651999997 0.0
2038 -0.0019286480651999997 0.0
2039 -0.0019286480651999997 0.0
2040 -0.0019286480651999997 0.0
2041 -0.0019286480651999997 0.0
2042 -0.0019286480651999997 0.0
2043 -0.0019286480651999997 0.0
2044 -0.0019286480651999997 0.0
2045 -0.0019286480651999997 0.0
2046 -0.0019286480651999997 0.0
2047 -0.0019286480651999997 0.0
2048 -0.0019286480651999997 0.0
2049 -0.0019286480651999997 0.0
2050 -0.0019286480651999997 0.0
2051 -0.0019286480651999997 0.0
2052 -0.0019286480651999997 0.0
2053 -0.0019286480651999997 0.0
2054 -0.0019286480651999997 0.0
2055 -0.0019286480651999997 0.0
2056 -0.0019286480651999997 0.0
2057 -0.0019286480651999997 0.0
2058 -0.0019286480651999997 0.0
2059 -0.0019286480651999997 0.0
2060 -0.0019286480651999997 0.0
2061 -0.0019286480651999997 0.0
2062 -0.0019286480651999997 0.0
2063 -0.0019286480651999997 0.0
2064 -0.0019286480651999997 0.0
2065 -0.0019286480651999997 0.0
2066 -0.0019286480651999997 0.0
2067 -0.0019286480651999997 0.0
2068 -0.0019286480651999997 0.0
2069 -0.0019286480651999997 0.0
2070 -0.0019286480651999997 0.0
2071 -0.0019286480651999997 0.0
2072 -0.0019286480651999997 0.0
2073 -0.0019286480651999997 0.0
2074 -0.0019286480651999997 0.0
2075 -0.0019286480651999997 0.0
2076 -0.0019286480651999997 0.0
2077 -0.0019286480651999997 0.0
2078 -0.0019286480651999997 0.0
2079 -0.0019286480651999997 0.0
2080 -0.0019286480651999997 0.0
2081 -0.0019286480651999997 0.0
2082 -0.0019286480651999997 0.0
2083 -0.0019286480651999997 0.0
2084 -0.0019286480651999997 0.0
2085 -0.0019286480651999997 0.0
2086 -0.0019286480651999997 0.0
2087 -0.0019286480651999997 0.0
2088 -0.0019286480651999997 0.0
2089 -0.0019286480651999997 0.0
2090 -0.0019286480651999997 0.0
2091 -0.0019286480651999997 0.0
2092 -0.0019286480651999997 0.0
2093 -0.0019286480651999997 0.0
2094 -0.0019286480651999997 0.0
2095 -0.0019286480651999997 0.0
2096 -0.0019286480651999997 0.0
2097 -0.0019286480651999997 0.0
2098 -0.0019286480651999997 0.0
2099 -0.0019286480651999997 0.0
2100 -0.0019286480651999997 0.0
2101 -0.0019286480651999997 0.0
2102 -0.0019286480651999997 0.0
2103 -0.0019286480651999997 0.0
2104 -0.0019286480651999997 0.0
2105 -0.0019286480651999997 0.0
2106 -0.0019286480651999997 0.0
2107 -0.0019286480651999997 0.0
2108 -0.0019286480651999997 0.0
2109 -0.0019286480651999997 0.0
2110 -0.0019286480651999997 0.0
2111 -0.0019286480651999997 0.0
2112 -0.0019286480651999997 0.0
2113 -0.0019286480651999997 0.0
2114 -0.0019286480651999997 0.0
2115 -0.0019286480651999997 0.0
2116 -0.0019286480651999997 0.0
2117 -0.0019286480651999997 0.0
2118 -0.0019286480651999997 0.0
2119 -0.0019286480651999997 0.0
2120 -0.0019286480651999997 0.0
2121 -0.0019286480651999997 0.0
2122 -0.0019286480651999997 0.0
2123 -0.0019286480651999997 0.0
2124 -0.0019286480651999997 0.0
2125 -0.0019286480651999997 0.0
2126 -0.0019286480651999997 0.0
2127 -0.0019286480651999997 0.0
2128 -0.0019286480651999997 0.0
2129 -0.0019286480651999997 0.0
2130 -0.0019286480651999997 0.0
2131 -0.0019286480651999997 0.0
2132 -0.0019286480651999997 0.0
2133 -0.0019286480651999997 0.0
2134 -0.0019286480651999997 0.0
2135 -0.0019286480651999997 0.0
2136 -0.0019286480651999997 0.0
2137 -0.0019286480651999997 0.0
2138 -0.0019286480651999997 0.0
2139 -0.0019286480651999997 0.0
2140 -0.0019286480651999997 0.0
2141 -0.0019286480651999997 0.0
2142 -0.0019286480651999997 0.0
2143 -0.0019286480651999997 0.0
2144 -0.0019286480651999997 0.0
2145 -0.0019286480651999997 0.0
2146 -0.0019286480651999997 0.0
2147 -0.0019286480651999997 0.0
2148 -0.0019286480651999997 0.0
2149 -0.0019286480651999997 0.0
2150 -0.0019286480651999997 0.0
2151 -0.0019286480651999997 0.0
2152 -0.0019286480651999997 0.0
2153 -0.0019286480651999997 0.0
2154 -0.0019286480651999997 0.0
2155 -0.0019286480651999997 0.0
2156 -0.0019286480651999997 0.0
2157 -0.0019286480651999997 0.0
2158 -0.0019286480651999997 0.0
2159 -0.0019286480651999997 0.0
2160 -0.0019286480651999997 0.0
2161 -0.0019286480651999997 0.0
2162 -0.0019286480651999997 0.0
2163 -0.0019286480651999997 0.0
2164 -0.0019286480651999997 0.0
2165 -0.0019286480651999997 0.0
2166 -0.0019286480651999997 0.0
2167 -0.0019286480651999997 0.0
2168 -0.0019286480651999997 0.0
2169 -0.0019286480651999997 0.0
2170 -0.0019286480651999997 0.0
2171 -0.0019286480651999997 0.0
2172 -0.0019286480651999997 0.0
2173 -0.0019286480651999997 0.0
2174 -0.0019286480651999997 0.0
2175 -0.0019286480651999997 0.0
2176 -0.0019286480651999997 0.0
2177 -0.0019286480651999997 0.0
2178 -0.0019286480651999997 0.0
2179 -0.0019286480651999997 0.0
2180 -0.0019286480651999997 0.0
2181 -0.0019286480651999997 0.0
2182 -0.0019286480651999997 0.0
2183 -0.0019286480651999997 0.0
2184 -0.0019286480651999997 0.0
2185 -0.0019286480651999997 0.0
2186 -0.0019286480651999997 0.0
2187 -0.0019286480651999997 0.0
2188 -0.0019286480651999997 0.0
2189 -0.0019286480651999997 0.0
2190 -0.0019286480651999997 0.0
2191 -0.0019286480651999997 0.0
2192 -0.0019286480651999997 0.0
2193 -0.0019286480651999997 0.0
2194 -0.0019286480651999997 0.0
2195 -0.0019286480651999997 0.0
2196 -0.0019286480651999997 0.0
2197 -0.0019286480651999997 0.0
2198 -0.0019286480651999997 0.0
2199 -0.0019286480651999997 0.0